type;senderPort;reqIdInternal;Round;startWalltime;duration
INITIALIZATION;12345;100;0;1672694725184;0.0
INITIALIZATION;12348;100;0;1672694725186;0.0
INITIALIZATION;12346;100;0;1672694725186;0.0
INITIALIZATION;12351;100;0;1672694725186;0.0
INITIALIZATION;12349;100;0;1672694725186;0.0
INITIALIZATION;12352;100;0;1672694725186;0.0
INITIALIZATION;12350;100;0;1672694725187;0.0
APPROXIMATION;12345;100;1;1672694725187;0.0
APPROXIMATION;12346;100;1;1672694725187;0.0
APPROXIMATION;12348;100;1;1672694725187;0.0
APPROXIMATION;12349;100;1;1672694725187;0.0
APPROXIMATION;12352;100;1;1672694725187;0.0
APPROXIMATION;12351;100;1;1672694725187;0.0
APPROXIMATION;12350;100;1;1672694725187;0.0
APPROXIMATION;12346;100;2;1672694725188;0.0
APPROXIMATION;12348;100;2;1672694725188;0.0
APPROXIMATION;12345;100;2;1672694725188;0.0
APPROXIMATION;12349;100;2;1672694725188;0.0
APPROXIMATION;12352;100;2;1672694725188;0.0
APPROXIMATION;12351;100;2;1672694725188;0.0
APPROXIMATION;12350;100;2;1672694725188;0.0
APPROXIMATION;12346;100;3;1672694725188;0.0
APPROXIMATION;12348;100;3;1672694725188;0.0
APPROXIMATION;12349;100;3;1672694725189;0.0
APPROXIMATION;12345;100;3;1672694725189;0.0
APPROXIMATION;12351;100;3;1672694725189;0.0
APPROXIMATION;12350;100;3;1672694725189;0.0
APPROXIMATION;12352;100;3;1672694725189;0.0
APPROXIMATION;12346;100;4;1672694725189;0.0
APPROXIMATION;12348;100;4;1672694725189;0.0
APPROXIMATION;12349;100;4;1672694725189;0.0
APPROXIMATION;12345;100;4;1672694725189;0.0
APPROXIMATION;12351;100;4;1672694725189;0.0
APPROXIMATION;12352;100;4;1672694725189;0.0
APPROXIMATION;12350;100;4;1672694725189;0.0
APPROXIMATION;12346;100;5;1672694725189;0.0
APPROXIMATION;12348;100;5;1672694725190;0.0
APPROXIMATION;12350;100;5;1672694725191;0.0
APPROXIMATION;12349;100;5;1672694725191;0.0
APPROXIMATION;12352;100;5;1672694725191;0.0
APPROXIMATION;12351;100;5;1672694725191;0.0
APPROXIMATION;12345;100;5;1672694725192;0.0
APPROXIMATION;12346;100;6;1672694725192;0.0
APPROXIMATION;12348;100;6;1672694725192;0.0
APPROXIMATION;12349;100;6;1672694725192;0.0
APPROXIMATION;12351;100;6;1672694725193;0.0
APPROXIMATION;12350;100;6;1672694725193;0.0
APPROXIMATION;12352;100;6;1672694725193;0.0
APPROXIMATION;12345;100;6;1672694725193;0.0
APPROXIMATION;12346;100;7;1672694725193;0.0
APPROXIMATION;12348;100;7;1672694725193;0.0
APPROXIMATION;12349;100;7;1672694725193;0.0
APPROXIMATION;12352;100;7;1672694725193;0.0
APPROXIMATION;12351;100;7;1672694725193;0.0
APPROXIMATION;12345;100;7;1672694725193;0.0
APPROXIMATION;12350;100;7;1672694725194;0.0
APPROXIMATION;12346;100;8;1672694725194;0.0
APPROXIMATION;12348;100;8;1672694725194;0.0
APPROXIMATION;12349;100;8;1672694725194;0.0
APPROXIMATION;12351;100;8;1672694725194;0.0
APPROXIMATION;12352;100;8;1672694725194;0.0
APPROXIMATION;12350;100;8;1672694725194;0.0
APPROXIMATION;12345;100;8;1672694725194;0.0
APPROXIMATION;12346;100;9;1672694725194;0.0
APPROXIMATION;12348;100;9;1672694725194;0.0
APPROXIMATION;12349;100;9;1672694725195;0.0
APPROXIMATION;12350;100;9;1672694725195;0.0
APPROXIMATION;12351;100;9;1672694725195;0.0
APPROXIMATION;12352;100;9;1672694725195;0.0
APPROXIMATION;12345;100;9;1672694725195;0.0
APPROXIMATION;12346;100;10;1672694725195;0.0
APPROXIMATION;12348;100;10;1672694725195;0.0
APPROXIMATION;12349;100;10;1672694725195;0.0
APPROXIMATION;12351;100;10;1672694725195;0.0
APPROXIMATION;12350;100;10;1672694725195;0.0
APPROXIMATION;12352;100;10;1672694725195;0.0
APPROXIMATION;12345;100;10;1672694725195;0.0
APPROXIMATION;12346;100;11;1672694725195;0.0
APPROXIMATION;12348;100;11;1672694725196;0.0
APPROXIMATION;12351;100;11;1672694725196;0.0
APPROXIMATION;12350;100;11;1672694725196;0.0
APPROXIMATION;12352;100;11;1672694725196;0.0
APPROXIMATION;12345;100;11;1672694725196;0.0
APPROXIMATION;12349;100;11;1672694725196;0.0
APPROXIMATION;12346;100;12;1672694725196;0.0
APPROXIMATION;12345;100;12;1672694725196;0.0
APPROXIMATION;12348;100;12;1672694725196;0.0
APPROXIMATION;12351;100;12;1672694725196;0.0
APPROXIMATION;12350;100;12;1672694725196;0.0
APPROXIMATION;12352;100;12;1672694725197;0.0
APPROXIMATION;12349;100;12;1672694725197;0.0
APPROXIMATION;12346;100;13;1672694725197;0.0
APPROXIMATION;12348;100;13;1672694725197;0.0
APPROXIMATION;12350;100;13;1672694725197;0.0
APPROXIMATION;12345;100;13;1672694725197;0.0
APPROXIMATION;12351;100;13;1672694725197;0.0
APPROXIMATION;12352;100;13;1672694725197;0.0
APPROXIMATION;12349;100;13;1672694725197;0.0
HALTED;12346;100;14;1672694725197;0.0
HALTED;12348;100;14;1672694725197;0.0
HALTED;12350;100;14;1672694725198;0.0
HALTED;12351;100;14;1672694725198;0.0
HALTED;12352;100;14;1672694725198;0.0
HALTED;12349;100;14;1672694725198;0.0
HALTED;12345;100;14;1672694725198;0.0
INITIALIZATION;12345;101;0;1672694725300;0.0
INITIALIZATION;12346;101;0;1672694725300;0.0
INITIALIZATION;12348;101;0;1672694725301;0.0
INITIALIZATION;12349;101;0;1672694725301;0.0
INITIALIZATION;12351;101;0;1672694725301;0.0
INITIALIZATION;12350;101;0;1672694725301;0.0
INITIALIZATION;12352;101;0;1672694725301;0.0
APPROXIMATION;12345;101;1;1672694725301;0.0
APPROXIMATION;12346;101;1;1672694725301;0.0
APPROXIMATION;12348;101;1;1672694725302;0.0
APPROXIMATION;12352;101;1;1672694725302;0.0
APPROXIMATION;12351;101;1;1672694725302;0.0
APPROXIMATION;12349;101;1;1672694725302;0.0
APPROXIMATION;12350;101;1;1672694725302;0.0
APPROXIMATION;12345;101;2;1672694725302;0.0
APPROXIMATION;12346;101;2;1672694725302;0.0
APPROXIMATION;12348;101;2;1672694725302;0.0
APPROXIMATION;12351;101;2;1672694725302;0.0
APPROXIMATION;12352;101;2;1672694725302;0.0
APPROXIMATION;12350;101;2;1672694725302;0.0
APPROXIMATION;12349;101;2;1672694725302;0.0
APPROXIMATION;12346;101;3;1672694725303;0.0
APPROXIMATION;12348;101;3;1672694725303;0.0
APPROXIMATION;12351;101;3;1672694725303;0.0
APPROXIMATION;12349;101;3;1672694725303;0.0
APPROXIMATION;12352;101;3;1672694725303;0.0
APPROXIMATION;12350;101;3;1672694725350;0.0
APPROXIMATION;12345;101;3;1672694725350;0.0
APPROXIMATION;12346;101;4;1672694725350;0.0
APPROXIMATION;12348;101;4;1672694725350;0.0
APPROXIMATION;12345;101;4;1672694725350;0.0
APPROXIMATION;12349;101;4;1672694725350;0.0
APPROXIMATION;12350;101;4;1672694725350;0.0
APPROXIMATION;12351;101;4;1672694725350;0.0
APPROXIMATION;12352;101;4;1672694725350;0.0
APPROXIMATION;12346;101;5;1672694725350;0.0
APPROXIMATION;12348;101;5;1672694725350;0.0
APPROXIMATION;12345;101;5;1672694725351;0.0
APPROXIMATION;12352;101;5;1672694725351;0.0
APPROXIMATION;12351;101;5;1672694725351;0.0
APPROXIMATION;12349;101;5;1672694725351;0.0
APPROXIMATION;12350;101;5;1672694725351;0.0
APPROXIMATION;12346;101;6;1672694725351;0.0
APPROXIMATION;12345;101;6;1672694725351;0.0
APPROXIMATION;12352;101;6;1672694725351;0.0
APPROXIMATION;12348;101;6;1672694725351;0.0
APPROXIMATION;12349;101;6;1672694725351;0.0
APPROXIMATION;12350;101;6;1672694725351;0.0
APPROXIMATION;12346;101;7;1672694725352;0.0
APPROXIMATION;12348;101;7;1672694725352;0.0
APPROXIMATION;12352;101;7;1672694725352;0.0
APPROXIMATION;12350;101;7;1672694725399;0.0
APPROXIMATION;12351;101;6;1672694725399;0.0
APPROXIMATION;12349;101;7;1672694725399;0.0
APPROXIMATION;12345;101;7;1672694725399;0.0
APPROXIMATION;12345;101;8;1672694725400;0.0
APPROXIMATION;12351;101;7;1672694725400;0.0
APPROXIMATION;12346;101;8;1672694725400;0.0
APPROXIMATION;12348;101;8;1672694725400;0.0
APPROXIMATION;12349;101;8;1672694725400;0.0
APPROXIMATION;12350;101;8;1672694725400;0.0
APPROXIMATION;12352;101;8;1672694725400;0.0
APPROXIMATION;12345;101;9;1672694725400;0.0
APPROXIMATION;12351;101;8;1672694725400;0.0
APPROXIMATION;12346;101;9;1672694725400;0.0
APPROXIMATION;12348;101;9;1672694725401;0.0
APPROXIMATION;12350;101;9;1672694725401;0.0
APPROXIMATION;12352;101;9;1672694725401;0.0
APPROXIMATION;12349;101;9;1672694725401;0.0
APPROXIMATION;12345;101;10;1672694725401;0.0
APPROXIMATION;12346;101;10;1672694725401;0.0
APPROXIMATION;12351;101;9;1672694725401;0.0
APPROXIMATION;12348;101;10;1672694725401;0.0
APPROXIMATION;12349;101;10;1672694725401;0.0
APPROXIMATION;12350;101;10;1672694725401;0.0
APPROXIMATION;12352;101;10;1672694725401;0.0
APPROXIMATION;12346;101;11;1672694725402;0.0
APPROXIMATION;12351;101;10;1672694725402;0.0
APPROXIMATION;12349;101;11;1672694725402;0.0
APPROXIMATION;12350;101;11;1672694725402;0.0
APPROXIMATION;12348;101;11;1672694725402;0.0
APPROXIMATION;12345;101;11;1672694725402;0.0
APPROXIMATION;12352;101;11;1672694725402;0.0
APPROXIMATION;12351;101;11;1672694725402;0.0
APPROXIMATION;12346;101;12;1672694725402;0.0
APPROXIMATION;12348;101;12;1672694725403;0.0
APPROXIMATION;12349;101;12;1672694725403;0.0
APPROXIMATION;12350;101;12;1672694725403;0.0
APPROXIMATION;12351;101;12;1672694725403;0.0
APPROXIMATION;12352;101;12;1672694725403;0.0
APPROXIMATION;12345;101;12;1672694725403;0.0
APPROXIMATION;12346;101;13;1672694725403;0.0
APPROXIMATION;12348;101;13;1672694725403;0.0
APPROXIMATION;12349;101;13;1672694725403;0.0
APPROXIMATION;12350;101;13;1672694725403;0.0
APPROXIMATION;12351;101;13;1672694725403;0.0
APPROXIMATION;12352;101;13;1672694725403;0.0
APPROXIMATION;12345;101;13;1672694725403;0.0
HALTED;12346;101;14;1672694725403;0.0
HALTED;12348;101;14;1672694725404;0.0
HALTED;12349;101;14;1672694725404;0.0
HALTED;12350;101;14;1672694725404;0.0
HALTED;12351;101;14;1672694725404;0.0
HALTED;12352;101;14;1672694725404;0.0
HALTED;12345;101;14;1672694725404;0.0
INITIALIZATION;12345;102;0;1672694725505;0.0
INITIALIZATION;12346;102;0;1672694725505;0.0
INITIALIZATION;12348;102;0;1672694725506;0.0
INITIALIZATION;12349;102;0;1672694725506;0.0
INITIALIZATION;12352;102;0;1672694725506;0.0
INITIALIZATION;12350;102;0;1672694725506;0.0
INITIALIZATION;12351;102;0;1672694725506;0.0
APPROXIMATION;12345;102;1;1672694725506;0.0
APPROXIMATION;12346;102;1;1672694725506;0.0
APPROXIMATION;12351;102;1;1672694725507;0.0
APPROXIMATION;12348;102;1;1672694725507;0.0
APPROXIMATION;12349;102;1;1672694725507;0.0
APPROXIMATION;12350;102;1;1672694725507;0.0
APPROXIMATION;12352;102;1;1672694725507;0.0
APPROXIMATION;12351;102;2;1672694725507;0.0
APPROXIMATION;12345;102;2;1672694725507;0.0
APPROXIMATION;12346;102;2;1672694725508;0.0
APPROXIMATION;12348;102;2;1672694725508;0.0
APPROXIMATION;12349;102;2;1672694725508;0.0
APPROXIMATION;12350;102;2;1672694725508;0.0
APPROXIMATION;12352;102;2;1672694725508;0.0
APPROXIMATION;12345;102;3;1672694725508;0.0
APPROXIMATION;12351;102;3;1672694725508;0.0
APPROXIMATION;12349;102;3;1672694725508;0.0
APPROXIMATION;12350;102;3;1672694725508;0.0
APPROXIMATION;12348;102;3;1672694725550;0.0
APPROXIMATION;12352;102;3;1672694725550;0.0
APPROXIMATION;12346;102;3;1672694725550;0.0
APPROXIMATION;12345;102;4;1672694725550;0.0
APPROXIMATION;12349;102;4;1672694725550;0.0
APPROXIMATION;12348;102;4;1672694725550;0.0
APPROXIMATION;12346;102;4;1672694725550;0.0
APPROXIMATION;12351;102;4;1672694725551;0.0
APPROXIMATION;12350;102;4;1672694725551;0.0
APPROXIMATION;12352;102;4;1672694725551;0.0
APPROXIMATION;12346;102;5;1672694725551;0.0
APPROXIMATION;12345;102;5;1672694725551;0.0
APPROXIMATION;12348;102;5;1672694725551;0.0
APPROXIMATION;12350;102;5;1672694725551;0.0
APPROXIMATION;12351;102;5;1672694725551;0.0
APPROXIMATION;12349;102;5;1672694725551;0.0
APPROXIMATION;12352;102;5;1672694725551;0.0
APPROXIMATION;12346;102;6;1672694725552;0.0
APPROXIMATION;12348;102;6;1672694725552;0.0
APPROXIMATION;12345;102;6;1672694725552;0.0
APPROXIMATION;12350;102;6;1672694725552;0.0
APPROXIMATION;12352;102;6;1672694725552;0.0
APPROXIMATION;12351;102;6;1672694725552;0.0
APPROXIMATION;12349;102;6;1672694725552;0.0
APPROXIMATION;12346;102;7;1672694725552;0.0
APPROXIMATION;12348;102;7;1672694725552;0.0
APPROXIMATION;12352;102;7;1672694725552;0.0
APPROXIMATION;12350;102;7;1672694725552;0.0
APPROXIMATION;12345;102;7;1672694725552;0.0
APPROXIMATION;12351;102;7;1672694725552;0.0
APPROXIMATION;12349;102;7;1672694725552;0.0
APPROXIMATION;12346;102;8;1672694725553;0.0
APPROXIMATION;12348;102;8;1672694725553;0.0
APPROXIMATION;12352;102;8;1672694725553;0.0
APPROXIMATION;12350;102;8;1672694725553;0.0
APPROXIMATION;12349;102;8;1672694725553;0.0
APPROXIMATION;12345;102;8;1672694725553;0.0
APPROXIMATION;12351;102;8;1672694725553;0.0
APPROXIMATION;12346;102;9;1672694725553;0.0
APPROXIMATION;12348;102;9;1672694725553;0.0
APPROXIMATION;12349;102;9;1672694725553;0.0
APPROXIMATION;12350;102;9;1672694725553;0.0
APPROXIMATION;12352;102;9;1672694725553;0.0
APPROXIMATION;12345;102;9;1672694725554;0.0
APPROXIMATION;12351;102;9;1672694725554;0.0
APPROXIMATION;12346;102;10;1672694725554;0.0
APPROXIMATION;12348;102;10;1672694725554;0.0
APPROXIMATION;12349;102;10;1672694725554;0.0
APPROXIMATION;12352;102;10;1672694725554;0.0
APPROXIMATION;12350;102;10;1672694725554;0.0
APPROXIMATION;12345;102;10;1672694725554;0.0
APPROXIMATION;12351;102;10;1672694725554;0.0
APPROXIMATION;12346;102;11;1672694725554;0.0
APPROXIMATION;12348;102;11;1672694725554;0.0
APPROXIMATION;12349;102;11;1672694725555;0.0
APPROXIMATION;12350;102;11;1672694725555;0.0
APPROXIMATION;12352;102;11;1672694725555;0.0
APPROXIMATION;12345;102;11;1672694725555;0.0
APPROXIMATION;12351;102;11;1672694725555;0.0
APPROXIMATION;12346;102;12;1672694725555;0.0
APPROXIMATION;12348;102;12;1672694725555;0.0
APPROXIMATION;12349;102;12;1672694725555;0.0
APPROXIMATION;12352;102;12;1672694725555;0.0
APPROXIMATION;12350;102;12;1672694725555;0.0
APPROXIMATION;12345;102;12;1672694725555;0.0
APPROXIMATION;12351;102;12;1672694725555;0.0
APPROXIMATION;12346;102;13;1672694725555;0.0
APPROXIMATION;12348;102;13;1672694725555;0.0
APPROXIMATION;12349;102;13;1672694725556;0.0
APPROXIMATION;12350;102;13;1672694725556;0.0
APPROXIMATION;12351;102;13;1672694725556;0.0
APPROXIMATION;12352;102;13;1672694725556;0.0
APPROXIMATION;12345;102;13;1672694725556;0.0
HALTED;12346;102;14;1672694725556;0.0
HALTED;12348;102;14;1672694725556;0.0
HALTED;12349;102;14;1672694725556;0.0
HALTED;12350;102;14;1672694725556;0.0
HALTED;12352;102;14;1672694725556;0.0
HALTED;12351;102;14;1672694725556;0.0
HALTED;12345;102;14;1672694725556;0.0
INITIALIZATION;12345;103;0;1672694725657;0.0
INITIALIZATION;12346;103;0;1672694725658;0.0
INITIALIZATION;12348;103;0;1672694725658;0.0
INITIALIZATION;12349;103;0;1672694725658;0.0
INITIALIZATION;12351;103;0;1672694725658;0.0
INITIALIZATION;12350;103;0;1672694725658;0.0
INITIALIZATION;12352;103;0;1672694725658;0.0
APPROXIMATION;12345;103;1;1672694725659;0.0
APPROXIMATION;12346;103;1;1672694725659;0.0
APPROXIMATION;12348;103;1;1672694725659;0.0
APPROXIMATION;12349;103;1;1672694725659;0.0
APPROXIMATION;12351;103;1;1672694725659;0.0
APPROXIMATION;12350;103;1;1672694725659;0.0
APPROXIMATION;12352;103;1;1672694725659;0.0
APPROXIMATION;12345;103;2;1672694725659;0.0
APPROXIMATION;12346;103;2;1672694725659;0.0
APPROXIMATION;12348;103;2;1672694725659;0.0
APPROXIMATION;12349;103;2;1672694725660;0.0
APPROXIMATION;12350;103;2;1672694725660;0.0
APPROXIMATION;12351;103;2;1672694725660;0.0
APPROXIMATION;12352;103;2;1672694725660;0.0
APPROXIMATION;12345;103;3;1672694725660;0.0
APPROXIMATION;12346;103;3;1672694725660;0.0
APPROXIMATION;12348;103;3;1672694725660;0.0
APPROXIMATION;12349;103;3;1672694725660;0.0
APPROXIMATION;12350;103;3;1672694725660;0.0
APPROXIMATION;12351;103;3;1672694725660;0.0
APPROXIMATION;12352;103;3;1672694725660;0.0
APPROXIMATION;12345;103;4;1672694725660;0.0
APPROXIMATION;12346;103;4;1672694725660;0.0
APPROXIMATION;12348;103;4;1672694725660;0.0
APPROXIMATION;12349;103;4;1672694725661;0.0
APPROXIMATION;12350;103;4;1672694725661;0.0
APPROXIMATION;12351;103;4;1672694725661;0.0
APPROXIMATION;12352;103;4;1672694725661;0.0
APPROXIMATION;12345;103;5;1672694725661;0.0
APPROXIMATION;12346;103;5;1672694725661;0.0
APPROXIMATION;12348;103;5;1672694725661;0.0
APPROXIMATION;12349;103;5;1672694725661;0.0
APPROXIMATION;12350;103;5;1672694725661;0.0
APPROXIMATION;12351;103;5;1672694725661;0.0
APPROXIMATION;12352;103;5;1672694725661;0.0
APPROXIMATION;12345;103;6;1672694725661;0.0
APPROXIMATION;12346;103;6;1672694725661;0.0
APPROXIMATION;12348;103;6;1672694725661;0.0
APPROXIMATION;12349;103;6;1672694725661;0.0
APPROXIMATION;12350;103;6;1672694725662;0.0
APPROXIMATION;12351;103;6;1672694725662;0.0
APPROXIMATION;12352;103;6;1672694725662;0.0
APPROXIMATION;12345;103;7;1672694725662;0.0
APPROXIMATION;12346;103;7;1672694725662;0.0
APPROXIMATION;12348;103;7;1672694725662;0.0
APPROXIMATION;12349;103;7;1672694725662;0.0
APPROXIMATION;12352;103;7;1672694725662;0.0
APPROXIMATION;12351;103;7;1672694725662;0.0
APPROXIMATION;12350;103;7;1672694725662;0.0
APPROXIMATION;12346;103;8;1672694725662;0.0
APPROXIMATION;12348;103;8;1672694725662;0.0
APPROXIMATION;12349;103;8;1672694725662;0.0
APPROXIMATION;12345;103;8;1672694725662;0.0
APPROXIMATION;12352;103;8;1672694725662;0.0
APPROXIMATION;12351;103;8;1672694725662;0.0
APPROXIMATION;12350;103;8;1672694725662;0.0
APPROXIMATION;12346;103;9;1672694725663;0.0
APPROXIMATION;12348;103;9;1672694725663;0.0
APPROXIMATION;12349;103;9;1672694725663;0.0
APPROXIMATION;12352;103;9;1672694725663;0.0
APPROXIMATION;12345;103;9;1672694725663;0.0
APPROXIMATION;12350;103;9;1672694725663;0.0
APPROXIMATION;12351;103;9;1672694725663;0.0
APPROXIMATION;12346;103;10;1672694725663;0.0
APPROXIMATION;12348;103;10;1672694725663;0.0
APPROXIMATION;12349;103;10;1672694725663;0.0
APPROXIMATION;12345;103;10;1672694725663;0.0
APPROXIMATION;12352;103;10;1672694725663;0.0
APPROXIMATION;12350;103;10;1672694725663;0.0
APPROXIMATION;12351;103;10;1672694725663;0.0
APPROXIMATION;12346;103;11;1672694725664;0.0
APPROXIMATION;12348;103;11;1672694725664;0.0
APPROXIMATION;12349;103;11;1672694725664;0.0
APPROXIMATION;12345;103;11;1672694725664;0.0
APPROXIMATION;12352;103;11;1672694725664;0.0
APPROXIMATION;12350;103;11;1672694725664;0.0
APPROXIMATION;12351;103;11;1672694725664;0.0
APPROXIMATION;12346;103;12;1672694725664;0.0
APPROXIMATION;12348;103;12;1672694725664;0.0
APPROXIMATION;12349;103;12;1672694725664;0.0
APPROXIMATION;12345;103;12;1672694725664;0.0
APPROXIMATION;12352;103;12;1672694725664;0.0
APPROXIMATION;12351;103;12;1672694725664;0.0
APPROXIMATION;12350;103;12;1672694725664;0.0
APPROXIMATION;12346;103;13;1672694725665;0.0
APPROXIMATION;12348;103;13;1672694725665;0.0
APPROXIMATION;12345;103;13;1672694725665;0.0
APPROXIMATION;12349;103;13;1672694725665;0.0
APPROXIMATION;12352;103;13;1672694725665;0.0
APPROXIMATION;12350;103;13;1672694725665;0.0
APPROXIMATION;12351;103;13;1672694725665;0.0
HALTED;12346;103;14;1672694725665;0.0
HALTED;12348;103;14;1672694725665;0.0
HALTED;12349;103;14;1672694725665;0.0
HALTED;12345;103;14;1672694725665;0.0
HALTED;12352;103;14;1672694725665;0.0
HALTED;12350;103;14;1672694725665;0.0
HALTED;12351;103;14;1672694725665;0.0
INITIALIZATION;12345;104;0;1672694725766;0.0
INITIALIZATION;12346;104;0;1672694725767;0.0
INITIALIZATION;12348;104;0;1672694725767;0.0
INITIALIZATION;12351;104;0;1672694725767;0.0
INITIALIZATION;12352;104;0;1672694725767;0.0
INITIALIZATION;12350;104;0;1672694725767;0.0
INITIALIZATION;12349;104;0;1672694725767;0.0
APPROXIMATION;12346;104;1;1672694725768;0.0
APPROXIMATION;12348;104;1;1672694725768;0.0
APPROXIMATION;12345;104;1;1672694725768;0.0
APPROXIMATION;12351;104;1;1672694725768;0.0
APPROXIMATION;12350;104;1;1672694725768;0.0
APPROXIMATION;12352;104;1;1672694725768;0.0
APPROXIMATION;12349;104;1;1672694725768;0.0
APPROXIMATION;12346;104;2;1672694725768;0.0
APPROXIMATION;12348;104;2;1672694725768;0.0
APPROXIMATION;12345;104;2;1672694725768;0.0
APPROXIMATION;12350;104;2;1672694725768;0.0
APPROXIMATION;12351;104;2;1672694725768;0.0
APPROXIMATION;12352;104;2;1672694725768;0.0
APPROXIMATION;12349;104;2;1672694725768;0.0
APPROXIMATION;12346;104;3;1672694725769;0.0
APPROXIMATION;12345;104;3;1672694725769;0.0
APPROXIMATION;12348;104;3;1672694725769;0.0
APPROXIMATION;12349;104;3;1672694725769;0.0
APPROXIMATION;12352;104;3;1672694725769;0.0
APPROXIMATION;12351;104;3;1672694725810;0.0
APPROXIMATION;12350;104;3;1672694725810;0.0
APPROXIMATION;12345;104;4;1672694725810;0.0
APPROXIMATION;12346;104;4;1672694725810;0.0
APPROXIMATION;12348;104;4;1672694725810;0.0
APPROXIMATION;12351;104;4;1672694725810;0.0
APPROXIMATION;12349;104;4;1672694725810;0.0
APPROXIMATION;12352;104;4;1672694725810;0.0
APPROXIMATION;12350;104;4;1672694725810;0.0
APPROXIMATION;12345;104;5;1672694725810;0.0
APPROXIMATION;12346;104;5;1672694725810;0.0
APPROXIMATION;12348;104;5;1672694725811;0.0
APPROXIMATION;12351;104;5;1672694725811;0.0
APPROXIMATION;12349;104;5;1672694725811;0.0
APPROXIMATION;12352;104;5;1672694725811;0.0
APPROXIMATION;12350;104;5;1672694725811;0.0
APPROXIMATION;12346;104;6;1672694725811;0.0
APPROXIMATION;12345;104;6;1672694725811;0.0
APPROXIMATION;12348;104;6;1672694725811;0.0
APPROXIMATION;12349;104;6;1672694725811;0.0
APPROXIMATION;12351;104;6;1672694725811;0.0
APPROXIMATION;12352;104;6;1672694725811;0.0
APPROXIMATION;12350;104;6;1672694725811;0.0
APPROXIMATION;12346;104;7;1672694725812;0.0
APPROXIMATION;12348;104;7;1672694725812;0.0
APPROXIMATION;12349;104;7;1672694725812;0.0
APPROXIMATION;12345;104;7;1672694725812;0.0
APPROXIMATION;12351;104;7;1672694725812;0.0
APPROXIMATION;12352;104;7;1672694725812;0.0
APPROXIMATION;12350;104;7;1672694725812;0.0
APPROXIMATION;12346;104;8;1672694725812;0.0
APPROXIMATION;12349;104;8;1672694725812;0.0
APPROXIMATION;12348;104;8;1672694725812;0.0
APPROXIMATION;12351;104;8;1672694725812;0.0
APPROXIMATION;12352;104;8;1672694725812;0.0
APPROXIMATION;12350;104;8;1672694725812;0.0
APPROXIMATION;12345;104;8;1672694725812;0.0
APPROXIMATION;12346;104;9;1672694725813;0.0
APPROXIMATION;12349;104;9;1672694725813;0.0
APPROXIMATION;12348;104;9;1672694725813;0.0
APPROXIMATION;12350;104;9;1672694725813;0.0
APPROXIMATION;12351;104;9;1672694725813;0.0
APPROXIMATION;12352;104;9;1672694725813;0.0
APPROXIMATION;12345;104;9;1672694725813;0.0
APPROXIMATION;12346;104;10;1672694725813;0.0
APPROXIMATION;12348;104;10;1672694725813;0.0
APPROXIMATION;12349;104;10;1672694725813;0.0
APPROXIMATION;12350;104;10;1672694725813;0.0
APPROXIMATION;12351;104;10;1672694725813;0.0
APPROXIMATION;12352;104;10;1672694725813;0.0
APPROXIMATION;12345;104;10;1672694725813;0.0
APPROXIMATION;12348;104;11;1672694725814;0.0
APPROXIMATION;12346;104;11;1672694725814;0.0
APPROXIMATION;12349;104;11;1672694725814;0.0
APPROXIMATION;12351;104;11;1672694725814;0.0
APPROXIMATION;12350;104;11;1672694725814;0.0
APPROXIMATION;12352;104;11;1672694725814;0.0
APPROXIMATION;12345;104;11;1672694725814;0.0
APPROXIMATION;12346;104;12;1672694725814;0.0
APPROXIMATION;12348;104;12;1672694725814;0.0
APPROXIMATION;12349;104;12;1672694725814;0.0
APPROXIMATION;12351;104;12;1672694725815;0.0
APPROXIMATION;12350;104;12;1672694725815;0.0
APPROXIMATION;12352;104;12;1672694725815;0.0
APPROXIMATION;12345;104;12;1672694725815;0.0
APPROXIMATION;12346;104;13;1672694725815;0.0
APPROXIMATION;12348;104;13;1672694725815;0.0
APPROXIMATION;12350;104;13;1672694725815;0.0
APPROXIMATION;12351;104;13;1672694725815;0.0
APPROXIMATION;12349;104;13;1672694725815;0.0
APPROXIMATION;12352;104;13;1672694725815;0.0
APPROXIMATION;12345;104;13;1672694725815;0.0
HALTED;12346;104;14;1672694725815;0.0
HALTED;12348;104;14;1672694725816;0.0
HALTED;12351;104;14;1672694725816;0.0
HALTED;12350;104;14;1672694725816;0.0
HALTED;12345;104;14;1672694725816;0.0
HALTED;12352;104;14;1672694725816;0.0
HALTED;12349;104;14;1672694725816;0.0
INITIALIZATION;12345;105;0;1672694725917;0.0
INITIALIZATION;12351;105;0;1672694725918;0.0
INITIALIZATION;12346;105;0;1672694725918;0.0
INITIALIZATION;12348;105;0;1672694725918;0.0
INITIALIZATION;12349;105;0;1672694725918;0.0
INITIALIZATION;12350;105;0;1672694725918;0.0
INITIALIZATION;12352;105;0;1672694725918;0.0
APPROXIMATION;12345;105;1;1672694725918;0.0
APPROXIMATION;12348;105;1;1672694725919;0.0
APPROXIMATION;12349;105;1;1672694725919;0.0
APPROXIMATION;12346;105;1;1672694725919;0.0
APPROXIMATION;12350;105;1;1672694725919;0.0
APPROXIMATION;12351;105;1;1672694725919;0.0
APPROXIMATION;12352;105;1;1672694725919;0.0
APPROXIMATION;12345;105;2;1672694725919;0.0
APPROXIMATION;12346;105;2;1672694725920;0.0
APPROXIMATION;12348;105;2;1672694725920;0.0
APPROXIMATION;12349;105;2;1672694725920;0.0
APPROXIMATION;12352;105;2;1672694725920;0.0
APPROXIMATION;12351;105;2;1672694725920;0.0
APPROXIMATION;12350;105;2;1672694725920;0.0
APPROXIMATION;12346;105;3;1672694725920;0.0
APPROXIMATION;12345;105;3;1672694725920;0.0
APPROXIMATION;12348;105;3;1672694725920;0.0
APPROXIMATION;12349;105;3;1672694725920;0.0
APPROXIMATION;12352;105;3;1672694725920;0.0
APPROXIMATION;12351;105;3;1672694725920;0.0
APPROXIMATION;12350;105;3;1672694725921;0.0
APPROXIMATION;12346;105;4;1672694725921;0.0
APPROXIMATION;12345;105;4;1672694725921;0.0
APPROXIMATION;12348;105;4;1672694725921;0.0
APPROXIMATION;12349;105;4;1672694725921;0.0
APPROXIMATION;12351;105;4;1672694725921;0.0
APPROXIMATION;12352;105;4;1672694725921;0.0
APPROXIMATION;12350;105;4;1672694725921;0.0
APPROXIMATION;12345;105;5;1672694725921;0.0
APPROXIMATION;12346;105;5;1672694725921;0.0
APPROXIMATION;12348;105;5;1672694725921;0.0
APPROXIMATION;12349;105;5;1672694725922;0.0
APPROXIMATION;12352;105;5;1672694725922;0.0
APPROXIMATION;12351;105;5;1672694725922;0.0
APPROXIMATION;12350;105;5;1672694725922;0.0
APPROXIMATION;12345;105;6;1672694725922;0.0
APPROXIMATION;12346;105;6;1672694725922;0.0
APPROXIMATION;12349;105;6;1672694725922;0.0
APPROXIMATION;12348;105;6;1672694725922;0.0
APPROXIMATION;12351;105;6;1672694725922;0.0
APPROXIMATION;12352;105;6;1672694725922;0.0
APPROXIMATION;12350;105;6;1672694725922;0.0
APPROXIMATION;12345;105;7;1672694725922;0.0
APPROXIMATION;12346;105;7;1672694725922;0.0
APPROXIMATION;12348;105;7;1672694725923;0.0
APPROXIMATION;12349;105;7;1672694725923;0.0
APPROXIMATION;12352;105;7;1672694725923;0.0
APPROXIMATION;12351;105;7;1672694725923;0.0
APPROXIMATION;12350;105;7;1672694725923;0.0
APPROXIMATION;12345;105;8;1672694725923;0.0
APPROXIMATION;12346;105;8;1672694725923;0.0
APPROXIMATION;12348;105;8;1672694725923;0.0
APPROXIMATION;12349;105;8;1672694725923;0.0
APPROXIMATION;12351;105;8;1672694725923;0.0
APPROXIMATION;12352;105;8;1672694725923;0.0
APPROXIMATION;12350;105;8;1672694725923;0.0
APPROXIMATION;12345;105;9;1672694725924;0.0
APPROXIMATION;12346;105;9;1672694725924;0.0
APPROXIMATION;12348;105;9;1672694725924;0.0
APPROXIMATION;12351;105;9;1672694725924;0.0
APPROXIMATION;12349;105;9;1672694725924;0.0
APPROXIMATION;12352;105;9;1672694725924;0.0
APPROXIMATION;12350;105;9;1672694725924;0.0
APPROXIMATION;12345;105;10;1672694725924;0.0
APPROXIMATION;12346;105;10;1672694725924;0.0
APPROXIMATION;12348;105;10;1672694725924;0.0
APPROXIMATION;12349;105;10;1672694725924;0.0
APPROXIMATION;12351;105;10;1672694725924;0.0
APPROXIMATION;12352;105;10;1672694725924;0.0
APPROXIMATION;12345;105;11;1672694725925;0.0
APPROXIMATION;12350;105;10;1672694725925;0.0
APPROXIMATION;12346;105;11;1672694725925;0.0
APPROXIMATION;12348;105;11;1672694725925;0.0
APPROXIMATION;12349;105;11;1672694725925;0.0
APPROXIMATION;12351;105;11;1672694725925;0.0
APPROXIMATION;12352;105;11;1672694725925;0.0
APPROXIMATION;12350;105;11;1672694725925;0.0
APPROXIMATION;12345;105;12;1672694725925;0.0
APPROXIMATION;12346;105;12;1672694725925;0.0
APPROXIMATION;12348;105;12;1672694725925;0.0
APPROXIMATION;12349;105;12;1672694725925;0.0
APPROXIMATION;12351;105;12;1672694725926;0.0
APPROXIMATION;12350;105;12;1672694725926;0.0
APPROXIMATION;12352;105;12;1672694725926;0.0
APPROXIMATION;12345;105;13;1672694725926;0.0
APPROXIMATION;12346;105;13;1672694725926;0.0
APPROXIMATION;12348;105;13;1672694725926;0.0
APPROXIMATION;12351;105;13;1672694725926;0.0
APPROXIMATION;12349;105;13;1672694725926;0.0
APPROXIMATION;12352;105;13;1672694725926;0.0
APPROXIMATION;12350;105;13;1672694725926;0.0
HALTED;12345;105;14;1672694725926;0.0
HALTED;12346;105;14;1672694725926;0.0
HALTED;12348;105;14;1672694725926;0.0
HALTED;12351;105;14;1672694725926;0.0
HALTED;12349;105;14;1672694725926;0.0
HALTED;12352;105;14;1672694725926;0.0
HALTED;12350;105;14;1672694725927;0.0
INITIALIZATION;12345;106;0;1672694726027;0.0
INITIALIZATION;12346;106;0;1672694726028;0.0
INITIALIZATION;12351;106;0;1672694726029;0.0
INITIALIZATION;12348;106;0;1672694726029;0.0
INITIALIZATION;12349;106;0;1672694726029;0.0
INITIALIZATION;12352;106;0;1672694726029;0.0
INITIALIZATION;12350;106;0;1672694726029;0.0
APPROXIMATION;12346;106;1;1672694726029;0.0
APPROXIMATION;12345;106;1;1672694726029;0.0
APPROXIMATION;12348;106;1;1672694726029;0.0
APPROXIMATION;12352;106;1;1672694726029;0.0
APPROXIMATION;12351;106;1;1672694726029;0.0
APPROXIMATION;12350;106;1;1672694726030;0.0
APPROXIMATION;12349;106;1;1672694726030;0.0
APPROXIMATION;12345;106;2;1672694726030;0.0
APPROXIMATION;12346;106;2;1672694726030;0.0
APPROXIMATION;12348;106;2;1672694726030;0.0
APPROXIMATION;12350;106;2;1672694726030;0.0
APPROXIMATION;12352;106;2;1672694726030;0.0
APPROXIMATION;12349;106;2;1672694726030;0.0
APPROXIMATION;12352;106;3;1672694726031;0.0
APPROXIMATION;12346;106;3;1672694726069;0.0
APPROXIMATION;12345;106;3;1672694726069;0.0
APPROXIMATION;12350;106;3;1672694726079;0.0
APPROXIMATION;12349;106;3;1672694726079;0.0
APPROXIMATION;12351;106;2;1672694726079;0.0
APPROXIMATION;12351;106;3;1672694726080;0.0
APPROXIMATION;12348;106;3;1672694726080;0.0
APPROXIMATION;12345;106;4;1672694726080;0.0
APPROXIMATION;12346;106;4;1672694726080;0.0
APPROXIMATION;12349;106;4;1672694726080;0.0
APPROXIMATION;12348;106;4;1672694726080;0.0
APPROXIMATION;12351;106;4;1672694726080;0.0
APPROXIMATION;12350;106;4;1672694726080;0.0
APPROXIMATION;12352;106;4;1672694726080;0.0
APPROXIMATION;12345;106;5;1672694726081;0.0
APPROXIMATION;12346;106;5;1672694726081;0.0
APPROXIMATION;12349;106;5;1672694726081;0.0
APPROXIMATION;12352;106;5;1672694726081;0.0
APPROXIMATION;12348;106;5;1672694726081;0.0
APPROXIMATION;12351;106;5;1672694726081;0.0
APPROXIMATION;12350;106;5;1672694726081;0.0
APPROXIMATION;12345;106;6;1672694726081;0.0
APPROXIMATION;12346;106;6;1672694726081;0.0
APPROXIMATION;12348;106;6;1672694726082;0.0
APPROXIMATION;12352;106;6;1672694726082;0.0
APPROXIMATION;12351;106;6;1672694726082;0.0
APPROXIMATION;12349;106;6;1672694726082;0.0
APPROXIMATION;12350;106;6;1672694726082;0.0
APPROXIMATION;12345;106;7;1672694726082;0.0
APPROXIMATION;12346;106;7;1672694726082;0.0
APPROXIMATION;12348;106;7;1672694726082;0.0
APPROXIMATION;12352;106;7;1672694726082;0.0
APPROXIMATION;12351;106;7;1672694726082;0.0
APPROXIMATION;12350;106;7;1672694726082;0.0
APPROXIMATION;12349;106;7;1672694726082;0.0
APPROXIMATION;12346;106;8;1672694726082;0.0
APPROXIMATION;12345;106;8;1672694726082;0.0
APPROXIMATION;12348;106;8;1672694726082;0.0
APPROXIMATION;12352;106;8;1672694726083;0.0
APPROXIMATION;12349;106;8;1672694726083;0.0
APPROXIMATION;12351;106;8;1672694726083;0.0
APPROXIMATION;12350;106;8;1672694726083;0.0
APPROXIMATION;12346;106;9;1672694726083;0.0
APPROXIMATION;12345;106;9;1672694726083;0.0
APPROXIMATION;12348;106;9;1672694726083;0.0
APPROXIMATION;12351;106;9;1672694726083;0.0
APPROXIMATION;12349;106;9;1672694726083;0.0
APPROXIMATION;12352;106;9;1672694726083;0.0
APPROXIMATION;12350;106;9;1672694726083;0.0
APPROXIMATION;12346;106;10;1672694726083;0.0
APPROXIMATION;12345;106;10;1672694726083;0.0
APPROXIMATION;12348;106;10;1672694726083;0.0
APPROXIMATION;12351;106;10;1672694726083;0.0
APPROXIMATION;12349;106;10;1672694726083;0.0
APPROXIMATION;12352;106;10;1672694726083;0.0
APPROXIMATION;12350;106;10;1672694726083;0.0
APPROXIMATION;12346;106;11;1672694726084;0.0
APPROXIMATION;12348;106;11;1672694726084;0.0
APPROXIMATION;12345;106;11;1672694726084;0.0
APPROXIMATION;12351;106;11;1672694726084;0.0
APPROXIMATION;12349;106;11;1672694726084;0.0
APPROXIMATION;12350;106;11;1672694726084;0.0
APPROXIMATION;12352;106;11;1672694726084;0.0
APPROXIMATION;12346;106;12;1672694726084;0.0
APPROXIMATION;12348;106;12;1672694726084;0.0
APPROXIMATION;12351;106;12;1672694726084;0.0
APPROXIMATION;12352;106;12;1672694726084;0.0
APPROXIMATION;12349;106;12;1672694726084;0.0
APPROXIMATION;12350;106;12;1672694726084;0.0
APPROXIMATION;12345;106;12;1672694726084;0.0
APPROXIMATION;12346;106;13;1672694726084;0.0
APPROXIMATION;12348;106;13;1672694726085;0.0
APPROXIMATION;12349;106;13;1672694726085;0.0
APPROXIMATION;12350;106;13;1672694726085;0.0
APPROXIMATION;12352;106;13;1672694726085;0.0
APPROXIMATION;12345;106;13;1672694726085;0.0
APPROXIMATION;12351;106;13;1672694726085;0.0
HALTED;12346;106;14;1672694726085;0.0
HALTED;12348;106;14;1672694726085;0.0
HALTED;12349;106;14;1672694726085;0.0
HALTED;12351;106;14;1672694726085;0.0
HALTED;12345;106;14;1672694726085;0.0
HALTED;12352;106;14;1672694726085;0.0
HALTED;12350;106;14;1672694726085;0.0
INITIALIZATION;12345;107;0;1672694726186;0.0
INITIALIZATION;12346;107;0;1672694726187;0.0
INITIALIZATION;12352;107;0;1672694726187;0.0
INITIALIZATION;12349;107;0;1672694726187;0.0
INITIALIZATION;12348;107;0;1672694726187;0.0
INITIALIZATION;12351;107;0;1672694726187;0.0
INITIALIZATION;12350;107;0;1672694726218;0.0
APPROXIMATION;12345;107;1;1672694726218;0.0
APPROXIMATION;12346;107;1;1672694726218;0.0
APPROXIMATION;12352;107;1;1672694726218;0.0
APPROXIMATION;12348;107;1;1672694726218;0.0
APPROXIMATION;12349;107;1;1672694726218;0.0
APPROXIMATION;12350;107;1;1672694726218;0.0
APPROXIMATION;12351;107;1;1672694726218;0.0
APPROXIMATION;12345;107;2;1672694726219;0.0
APPROXIMATION;12346;107;2;1672694726219;0.0
APPROXIMATION;12349;107;2;1672694726219;0.0
APPROXIMATION;12348;107;2;1672694726219;0.0
APPROXIMATION;12351;107;2;1672694726219;0.0
APPROXIMATION;12350;107;2;1672694726219;0.0
APPROXIMATION;12352;107;2;1672694726219;0.0
APPROXIMATION;12345;107;3;1672694726219;0.0
APPROXIMATION;12346;107;3;1672694726219;0.0
APPROXIMATION;12350;107;3;1672694726219;0.0
APPROXIMATION;12348;107;3;1672694726220;0.0
APPROXIMATION;12351;107;3;1672694726220;0.0
APPROXIMATION;12349;107;3;1672694726220;0.0
APPROXIMATION;12352;107;3;1672694726220;0.0
APPROXIMATION;12345;107;4;1672694726220;0.0
APPROXIMATION;12346;107;4;1672694726220;0.0
APPROXIMATION;12348;107;4;1672694726220;0.0
APPROXIMATION;12349;107;4;1672694726220;0.0
APPROXIMATION;12350;107;4;1672694726220;0.0
APPROXIMATION;12352;107;4;1672694726220;0.0
APPROXIMATION;12351;107;4;1672694726220;0.0
APPROXIMATION;12345;107;5;1672694726221;0.0
APPROXIMATION;12346;107;5;1672694726221;0.0
APPROXIMATION;12348;107;5;1672694726221;0.0
APPROXIMATION;12349;107;5;1672694726221;0.0
APPROXIMATION;12352;107;5;1672694726221;0.0
APPROXIMATION;12350;107;5;1672694726221;0.0
APPROXIMATION;12351;107;5;1672694726221;0.0
APPROXIMATION;12345;107;6;1672694726221;0.0
APPROXIMATION;12346;107;6;1672694726221;0.0
APPROXIMATION;12348;107;6;1672694726221;0.0
APPROXIMATION;12350;107;6;1672694726221;0.0
APPROXIMATION;12349;107;6;1672694726221;0.0
APPROXIMATION;12351;107;6;1672694726221;0.0
APPROXIMATION;12352;107;6;1672694726221;0.0
APPROXIMATION;12346;107;7;1672694726221;0.0
APPROXIMATION;12345;107;7;1672694726222;0.0
APPROXIMATION;12348;107;7;1672694726222;0.0
APPROXIMATION;12349;107;7;1672694726222;0.0
APPROXIMATION;12352;107;7;1672694726222;0.0
APPROXIMATION;12351;107;7;1672694726222;0.0
APPROXIMATION;12350;107;7;1672694726222;0.0
APPROXIMATION;12346;107;8;1672694726222;0.0
APPROXIMATION;12345;107;8;1672694726222;0.0
APPROXIMATION;12349;107;8;1672694726222;0.0
APPROXIMATION;12348;107;8;1672694726222;0.0
APPROXIMATION;12351;107;8;1672694726222;0.0
APPROXIMATION;12352;107;8;1672694726222;0.0
APPROXIMATION;12350;107;8;1672694726222;0.0
APPROXIMATION;12346;107;9;1672694726222;0.0
APPROXIMATION;12349;107;9;1672694726223;0.0
APPROXIMATION;12348;107;9;1672694726223;0.0
APPROXIMATION;12352;107;9;1672694726223;0.0
APPROXIMATION;12350;107;9;1672694726223;0.0
APPROXIMATION;12351;107;9;1672694726223;0.0
APPROXIMATION;12345;107;9;1672694726223;0.0
APPROXIMATION;12346;107;10;1672694726223;0.0
APPROXIMATION;12348;107;10;1672694726223;0.0
APPROXIMATION;12349;107;10;1672694726223;0.0
APPROXIMATION;12350;107;10;1672694726223;0.0
APPROXIMATION;12351;107;10;1672694726223;0.0
APPROXIMATION;12352;107;10;1672694726223;0.0
APPROXIMATION;12345;107;10;1672694726223;0.0
APPROXIMATION;12346;107;11;1672694726223;0.0
APPROXIMATION;12348;107;11;1672694726224;0.0
APPROXIMATION;12349;107;11;1672694726224;0.0
APPROXIMATION;12351;107;11;1672694726224;0.0
APPROXIMATION;12352;107;11;1672694726224;0.0
APPROXIMATION;12350;107;11;1672694726224;0.0
APPROXIMATION;12345;107;11;1672694726224;0.0
APPROXIMATION;12346;107;12;1672694726224;0.0
APPROXIMATION;12348;107;12;1672694726224;0.0
APPROXIMATION;12349;107;12;1672694726224;0.0
APPROXIMATION;12350;107;12;1672694726224;0.0
APPROXIMATION;12351;107;12;1672694726224;0.0
APPROXIMATION;12352;107;12;1672694726224;0.0
APPROXIMATION;12345;107;12;1672694726224;0.0
APPROXIMATION;12346;107;13;1672694726224;0.0
APPROXIMATION;12348;107;13;1672694726225;0.0
APPROXIMATION;12350;107;13;1672694726225;0.0
APPROXIMATION;12349;107;13;1672694726225;0.0
APPROXIMATION;12351;107;13;1672694726225;0.0
APPROXIMATION;12352;107;13;1672694726225;0.0
APPROXIMATION;12345;107;13;1672694726225;0.0
HALTED;12346;107;14;1672694726225;0.0
HALTED;12348;107;14;1672694726225;0.0
HALTED;12349;107;14;1672694726225;0.0
HALTED;12351;107;14;1672694726225;0.0
HALTED;12350;107;14;1672694726225;0.0
HALTED;12352;107;14;1672694726225;0.0
HALTED;12345;107;14;1672694726225;0.0
INITIALIZATION;12345;108;0;1672694726326;0.0
INITIALIZATION;12346;108;0;1672694726327;0.0
INITIALIZATION;12352;108;0;1672694726327;0.0
INITIALIZATION;12351;108;0;1672694726327;0.0
INITIALIZATION;12348;108;0;1672694726327;0.0
INITIALIZATION;12349;108;0;1672694726327;0.0
INITIALIZATION;12350;108;0;1672694726327;0.0
APPROXIMATION;12345;108;1;1672694726327;0.0
APPROXIMATION;12346;108;1;1672694726328;0.0
APPROXIMATION;12348;108;1;1672694726328;0.0
APPROXIMATION;12349;108;1;1672694726328;0.0
APPROXIMATION;12351;108;1;1672694726328;0.0
APPROXIMATION;12350;108;1;1672694726328;0.0
APPROXIMATION;12352;108;1;1672694726328;0.0
APPROXIMATION;12346;108;2;1672694726328;0.0
APPROXIMATION;12345;108;2;1672694726328;0.0
APPROXIMATION;12348;108;2;1672694726328;0.0
APPROXIMATION;12352;108;2;1672694726328;0.0
APPROXIMATION;12349;108;2;1672694726328;0.0
APPROXIMATION;12350;108;2;1672694726328;0.0
APPROXIMATION;12351;108;2;1672694726328;0.0
APPROXIMATION;12346;108;3;1672694726329;0.0
APPROXIMATION;12348;108;3;1672694726329;0.0
APPROXIMATION;12349;108;3;1672694726329;0.0
APPROXIMATION;12352;108;3;1672694726329;0.0
APPROXIMATION;12345;108;3;1672694726329;0.0
APPROXIMATION;12351;108;3;1672694726329;0.0
APPROXIMATION;12350;108;3;1672694726329;0.0
APPROXIMATION;12348;108;4;1672694726329;0.0
APPROXIMATION;12346;108;4;1672694726329;0.0
APPROXIMATION;12349;108;4;1672694726329;0.0
APPROXIMATION;12351;108;4;1672694726329;0.0
APPROXIMATION;12352;108;4;1672694726329;0.0
APPROXIMATION;12350;108;4;1672694726329;0.0
APPROXIMATION;12345;108;4;1672694726329;0.0
APPROXIMATION;12346;108;5;1672694726330;0.0
APPROXIMATION;12348;108;5;1672694726330;0.0
APPROXIMATION;12349;108;5;1672694726330;0.0
APPROXIMATION;12350;108;5;1672694726330;0.0
APPROXIMATION;12351;108;5;1672694726330;0.0
APPROXIMATION;12352;108;5;1672694726330;0.0
APPROXIMATION;12345;108;5;1672694726330;0.0
APPROXIMATION;12346;108;6;1672694726330;0.0
APPROXIMATION;12348;108;6;1672694726330;0.0
APPROXIMATION;12349;108;6;1672694726330;0.0
APPROXIMATION;12350;108;6;1672694726330;0.0
APPROXIMATION;12351;108;6;1672694726330;0.0
APPROXIMATION;12352;108;6;1672694726330;0.0
APPROXIMATION;12345;108;6;1672694726331;0.0
APPROXIMATION;12346;108;7;1672694726331;0.0
APPROXIMATION;12348;108;7;1672694726331;0.0
APPROXIMATION;12349;108;7;1672694726331;0.0
APPROXIMATION;12350;108;7;1672694726331;0.0
APPROXIMATION;12351;108;7;1672694726331;0.0
APPROXIMATION;12352;108;7;1672694726331;0.0
APPROXIMATION;12345;108;7;1672694726331;0.0
APPROXIMATION;12346;108;8;1672694726331;0.0
APPROXIMATION;12348;108;8;1672694726331;0.0
APPROXIMATION;12349;108;8;1672694726331;0.0
APPROXIMATION;12350;108;8;1672694726332;0.0
APPROXIMATION;12351;108;8;1672694726332;0.0
APPROXIMATION;12352;108;8;1672694726332;0.0
APPROXIMATION;12345;108;8;1672694726332;0.0
APPROXIMATION;12346;108;9;1672694726332;0.0
APPROXIMATION;12348;108;9;1672694726332;0.0
APPROXIMATION;12349;108;9;1672694726332;0.0
APPROXIMATION;12350;108;9;1672694726332;0.0
APPROXIMATION;12351;108;9;1672694726332;0.0
APPROXIMATION;12352;108;9;1672694726332;0.0
APPROXIMATION;12345;108;9;1672694726332;0.0
APPROXIMATION;12346;108;10;1672694726332;0.0
APPROXIMATION;12348;108;10;1672694726332;0.0
APPROXIMATION;12349;108;10;1672694726333;0.0
APPROXIMATION;12350;108;10;1672694726333;0.0
APPROXIMATION;12351;108;10;1672694726333;0.0
APPROXIMATION;12352;108;10;1672694726333;0.0
APPROXIMATION;12345;108;10;1672694726333;0.0
APPROXIMATION;12346;108;11;1672694726333;0.0
APPROXIMATION;12348;108;11;1672694726333;0.0
APPROXIMATION;12349;108;11;1672694726333;0.0
APPROXIMATION;12351;108;11;1672694726333;0.0
APPROXIMATION;12352;108;11;1672694726333;0.0
APPROXIMATION;12350;108;11;1672694726333;0.0
APPROXIMATION;12345;108;11;1672694726333;0.0
APPROXIMATION;12346;108;12;1672694726333;0.0
APPROXIMATION;12348;108;12;1672694726333;0.0
APPROXIMATION;12349;108;12;1672694726334;0.0
APPROXIMATION;12350;108;12;1672694726334;0.0
APPROXIMATION;12352;108;12;1672694726334;0.0
APPROXIMATION;12351;108;12;1672694726334;0.0
APPROXIMATION;12345;108;12;1672694726334;0.0
APPROXIMATION;12346;108;13;1672694726334;0.0
APPROXIMATION;12348;108;13;1672694726334;0.0
APPROXIMATION;12349;108;13;1672694726334;0.0
APPROXIMATION;12350;108;13;1672694726334;0.0
APPROXIMATION;12352;108;13;1672694726334;0.0
APPROXIMATION;12351;108;13;1672694726334;0.0
APPROXIMATION;12345;108;13;1672694726334;0.0
HALTED;12346;108;14;1672694726334;0.0
HALTED;12348;108;14;1672694726335;0.0
HALTED;12349;108;14;1672694726335;0.0
HALTED;12350;108;14;1672694726335;0.0
HALTED;12351;108;14;1672694726335;0.0
HALTED;12352;108;14;1672694726335;0.0
HALTED;12345;108;14;1672694726335;0.0
INITIALIZATION;12345;109;0;1672694726436;0.0
INITIALIZATION;12346;109;0;1672694726437;0.0
INITIALIZATION;12348;109;0;1672694726437;0.0
INITIALIZATION;12349;109;0;1672694726437;0.0
INITIALIZATION;12351;109;0;1672694726437;0.0
INITIALIZATION;12350;109;0;1672694726437;0.0
INITIALIZATION;12352;109;0;1672694726437;0.0
APPROXIMATION;12345;109;1;1672694726437;0.0
APPROXIMATION;12346;109;1;1672694726437;0.0
APPROXIMATION;12348;109;1;1672694726437;0.0
APPROXIMATION;12351;109;1;1672694726438;0.0
APPROXIMATION;12349;109;1;1672694726438;0.0
APPROXIMATION;12352;109;1;1672694726438;0.0
APPROXIMATION;12350;109;1;1672694726438;0.0
APPROXIMATION;12345;109;2;1672694726438;0.0
APPROXIMATION;12346;109;2;1672694726438;0.0
APPROXIMATION;12348;109;2;1672694726438;0.0
APPROXIMATION;12349;109;2;1672694726438;0.0
APPROXIMATION;12345;109;3;1672694726438;0.0
APPROXIMATION;12350;109;2;1672694726438;0.0
APPROXIMATION;12351;109;2;1672694726439;0.0
APPROXIMATION;12352;109;2;1672694726439;0.0
APPROXIMATION;12346;109;3;1672694726439;0.0
APPROXIMATION;12348;109;3;1672694726439;0.0
APPROXIMATION;12349;109;3;1672694726439;0.0
APPROXIMATION;12350;109;3;1672694726439;0.0
APPROXIMATION;12345;109;4;1672694726439;0.0
APPROXIMATION;12351;109;3;1672694726439;0.0
APPROXIMATION;12352;109;3;1672694726439;0.0
APPROXIMATION;12346;109;4;1672694726440;0.0
APPROXIMATION;12348;109;4;1672694726440;0.0
APPROXIMATION;12349;109;4;1672694726440;0.0
APPROXIMATION;12345;109;5;1672694726440;0.0
APPROXIMATION;12350;109;4;1672694726440;0.0
APPROXIMATION;12351;109;4;1672694726440;0.0
APPROXIMATION;12352;109;4;1672694726440;0.0
APPROXIMATION;12346;109;5;1672694726440;0.0
APPROXIMATION;12348;109;5;1672694726440;0.0
APPROXIMATION;12349;109;5;1672694726440;0.0
APPROXIMATION;12350;109;5;1672694726440;0.0
APPROXIMATION;12351;109;5;1672694726440;0.0
APPROXIMATION;12345;109;6;1672694726440;0.0
APPROXIMATION;12352;109;5;1672694726440;0.0
APPROXIMATION;12346;109;6;1672694726441;0.0
APPROXIMATION;12348;109;6;1672694726441;0.0
APPROXIMATION;12349;109;6;1672694726441;0.0
APPROXIMATION;12350;109;6;1672694726441;0.0
APPROXIMATION;12351;109;6;1672694726441;0.0
APPROXIMATION;12345;109;7;1672694726441;0.0
APPROXIMATION;12352;109;6;1672694726441;0.0
APPROXIMATION;12346;109;7;1672694726441;0.0
APPROXIMATION;12348;109;7;1672694726441;0.0
APPROXIMATION;12349;109;7;1672694726441;0.0
APPROXIMATION;12350;109;7;1672694726441;0.0
APPROXIMATION;12351;109;7;1672694726441;0.0
APPROXIMATION;12352;109;7;1672694726441;0.0
APPROXIMATION;12345;109;8;1672694726441;0.0
APPROXIMATION;12346;109;8;1672694726441;0.0
APPROXIMATION;12348;109;8;1672694726441;0.0
APPROXIMATION;12349;109;8;1672694726441;0.0
APPROXIMATION;12350;109;8;1672694726442;0.0
APPROXIMATION;12351;109;8;1672694726442;0.0
APPROXIMATION;12352;109;8;1672694726442;0.0
APPROXIMATION;12346;109;9;1672694726442;0.0
APPROXIMATION;12345;109;9;1672694726442;0.0
APPROXIMATION;12348;109;9;1672694726442;0.0
APPROXIMATION;12349;109;9;1672694726442;0.0
APPROXIMATION;12350;109;9;1672694726442;0.0
APPROXIMATION;12351;109;9;1672694726442;0.0
APPROXIMATION;12352;109;9;1672694726442;0.0
APPROXIMATION;12346;109;10;1672694726442;0.0
APPROXIMATION;12345;109;10;1672694726442;0.0
APPROXIMATION;12348;109;10;1672694726442;0.0
APPROXIMATION;12349;109;10;1672694726442;0.0
APPROXIMATION;12352;109;10;1672694726442;0.0
APPROXIMATION;12350;109;10;1672694726442;0.0
APPROXIMATION;12351;109;10;1672694726442;0.0
APPROXIMATION;12346;109;11;1672694726443;0.0
APPROXIMATION;12345;109;11;1672694726443;0.0
APPROXIMATION;12348;109;11;1672694726443;0.0
APPROXIMATION;12349;109;11;1672694726443;0.0
APPROXIMATION;12350;109;11;1672694726443;0.0
APPROXIMATION;12352;109;11;1672694726443;0.0
APPROXIMATION;12351;109;11;1672694726443;0.0
APPROXIMATION;12346;109;12;1672694726443;0.0
APPROXIMATION;12345;109;12;1672694726443;0.0
APPROXIMATION;12348;109;12;1672694726443;0.0
APPROXIMATION;12349;109;12;1672694726443;0.0
APPROXIMATION;12352;109;12;1672694726443;0.0
APPROXIMATION;12350;109;12;1672694726443;0.0
APPROXIMATION;12351;109;12;1672694726443;0.0
APPROXIMATION;12346;109;13;1672694726443;0.0
APPROXIMATION;12345;109;13;1672694726444;0.0
APPROXIMATION;12348;109;13;1672694726444;0.0
APPROXIMATION;12349;109;13;1672694726444;0.0
APPROXIMATION;12350;109;13;1672694726444;0.0
APPROXIMATION;12352;109;13;1672694726444;0.0
APPROXIMATION;12351;109;13;1672694726444;0.0
HALTED;12346;109;14;1672694726444;0.0
HALTED;12345;109;14;1672694726444;0.0
HALTED;12348;109;14;1672694726444;0.0
HALTED;12350;109;14;1672694726444;0.0
HALTED;12352;109;14;1672694726444;0.0
HALTED;12351;109;14;1672694726444;0.0
HALTED;12349;109;14;1672694726444;0.0
INITIALIZATION;12345;110;0;1672694726545;0.0
INITIALIZATION;12346;110;0;1672694726546;0.0
INITIALIZATION;12351;110;0;1672694726546;0.0
INITIALIZATION;12349;110;0;1672694726546;0.0
INITIALIZATION;12348;110;0;1672694726547;0.0
INITIALIZATION;12352;110;0;1672694726547;0.0
APPROXIMATION;12345;110;1;1672694726547;0.0
INITIALIZATION;12350;110;0;1672694726547;0.0
APPROXIMATION;12346;110;1;1672694726547;0.0
APPROXIMATION;12348;110;1;1672694726548;0.0
APPROXIMATION;12349;110;1;1672694726548;0.0
APPROXIMATION;12351;110;1;1672694726548;0.0
APPROXIMATION;12352;110;1;1672694726548;0.0
APPROXIMATION;12350;110;1;1672694726548;0.0
APPROXIMATION;12345;110;2;1672694726548;0.0
APPROXIMATION;12346;110;2;1672694726548;0.0
APPROXIMATION;12348;110;2;1672694726549;0.0
APPROXIMATION;12351;110;2;1672694726549;0.0
APPROXIMATION;12349;110;2;1672694726549;0.0
APPROXIMATION;12352;110;2;1672694726549;0.0
APPROXIMATION;12350;110;2;1672694726549;0.0
APPROXIMATION;12345;110;3;1672694726549;0.0
APPROXIMATION;12346;110;3;1672694726549;0.0
APPROXIMATION;12348;110;3;1672694726549;0.0
APPROXIMATION;12349;110;3;1672694726550;0.0
APPROXIMATION;12351;110;3;1672694726550;0.0
APPROXIMATION;12350;110;3;1672694726550;0.0
APPROXIMATION;12352;110;3;1672694726550;0.0
APPROXIMATION;12346;110;4;1672694726550;0.0
APPROXIMATION;12345;110;4;1672694726550;0.0
APPROXIMATION;12348;110;4;1672694726550;0.0
APPROXIMATION;12349;110;4;1672694726550;0.0
APPROXIMATION;12350;110;4;1672694726550;0.0
APPROXIMATION;12351;110;4;1672694726550;0.0
APPROXIMATION;12352;110;4;1672694726550;0.0
APPROXIMATION;12346;110;5;1672694726550;0.0
APPROXIMATION;12348;110;5;1672694726551;0.0
APPROXIMATION;12349;110;5;1672694726551;0.0
APPROXIMATION;12345;110;5;1672694726551;0.0
APPROXIMATION;12350;110;5;1672694726551;0.0
APPROXIMATION;12351;110;5;1672694726551;0.0
APPROXIMATION;12352;110;5;1672694726551;0.0
APPROXIMATION;12346;110;6;1672694726551;0.0
APPROXIMATION;12348;110;6;1672694726551;0.0
APPROXIMATION;12349;110;6;1672694726551;0.0
APPROXIMATION;12351;110;6;1672694726551;0.0
APPROXIMATION;12350;110;6;1672694726551;0.0
APPROXIMATION;12352;110;6;1672694726551;0.0
APPROXIMATION;12345;110;6;1672694726551;0.0
APPROXIMATION;12346;110;7;1672694726551;0.0
APPROXIMATION;12348;110;7;1672694726552;0.0
APPROXIMATION;12349;110;7;1672694726552;0.0
APPROXIMATION;12350;110;7;1672694726552;0.0
APPROXIMATION;12351;110;7;1672694726552;0.0
APPROXIMATION;12352;110;7;1672694726552;0.0
APPROXIMATION;12345;110;7;1672694726552;0.0
APPROXIMATION;12346;110;8;1672694726552;0.0
APPROXIMATION;12348;110;8;1672694726552;0.0
APPROXIMATION;12349;110;8;1672694726552;0.0
APPROXIMATION;12351;110;8;1672694726552;0.0
APPROXIMATION;12350;110;8;1672694726552;0.0
APPROXIMATION;12352;110;8;1672694726552;0.0
APPROXIMATION;12345;110;8;1672694726552;0.0
APPROXIMATION;12346;110;9;1672694726552;0.0
APPROXIMATION;12348;110;9;1672694726553;0.0
APPROXIMATION;12349;110;9;1672694726553;0.0
APPROXIMATION;12351;110;9;1672694726553;0.0
APPROXIMATION;12350;110;9;1672694726553;0.0
APPROXIMATION;12352;110;9;1672694726553;0.0
APPROXIMATION;12345;110;9;1672694726553;0.0
APPROXIMATION;12346;110;10;1672694726553;0.0
APPROXIMATION;12348;110;10;1672694726553;0.0
APPROXIMATION;12349;110;10;1672694726553;0.0
APPROXIMATION;12351;110;10;1672694726553;0.0
APPROXIMATION;12350;110;10;1672694726553;0.0
APPROXIMATION;12352;110;10;1672694726553;0.0
APPROXIMATION;12345;110;10;1672694726553;0.0
APPROXIMATION;12346;110;11;1672694726553;0.0
APPROXIMATION;12348;110;11;1672694726554;0.0
APPROXIMATION;12349;110;11;1672694726554;0.0
APPROXIMATION;12351;110;11;1672694726554;0.0
APPROXIMATION;12350;110;11;1672694726554;0.0
APPROXIMATION;12352;110;11;1672694726554;0.0
APPROXIMATION;12345;110;11;1672694726554;0.0
APPROXIMATION;12346;110;12;1672694726554;0.0
APPROXIMATION;12348;110;12;1672694726554;0.0
APPROXIMATION;12349;110;12;1672694726554;0.0
APPROXIMATION;12350;110;12;1672694726554;0.0
APPROXIMATION;12351;110;12;1672694726554;0.0
APPROXIMATION;12352;110;12;1672694726554;0.0
APPROXIMATION;12345;110;12;1672694726555;0.0
APPROXIMATION;12346;110;13;1672694726555;0.0
APPROXIMATION;12348;110;13;1672694726555;0.0
APPROXIMATION;12349;110;13;1672694726555;0.0
APPROXIMATION;12350;110;13;1672694726555;0.0
APPROXIMATION;12351;110;13;1672694726555;0.0
APPROXIMATION;12352;110;13;1672694726555;0.0
APPROXIMATION;12345;110;13;1672694726555;0.0
HALTED;12346;110;14;1672694726555;0.0
HALTED;12348;110;14;1672694726555;0.0
HALTED;12349;110;14;1672694726555;0.0
HALTED;12351;110;14;1672694726556;0.0
HALTED;12350;110;14;1672694726556;0.0
HALTED;12352;110;14;1672694726556;0.0
HALTED;12345;110;14;1672694726556;0.0
INITIALIZATION;12345;111;0;1672694726657;0.0
INITIALIZATION;12346;111;0;1672694726657;0.0
INITIALIZATION;12348;111;0;1672694726658;0.0
INITIALIZATION;12350;111;0;1672694726658;0.0
INITIALIZATION;12349;111;0;1672694726658;0.0
INITIALIZATION;12352;111;0;1672694726658;0.0
INITIALIZATION;12351;111;0;1672694726658;0.0
APPROXIMATION;12345;111;1;1672694726658;0.0
APPROXIMATION;12346;111;1;1672694726658;0.0
APPROXIMATION;12348;111;1;1672694726658;0.0
APPROXIMATION;12352;111;1;1672694726658;0.0
APPROXIMATION;12349;111;1;1672694726658;0.0
APPROXIMATION;12351;111;1;1672694726658;0.0
APPROXIMATION;12350;111;1;1672694726659;0.0
APPROXIMATION;12345;111;2;1672694726659;0.0
APPROXIMATION;12346;111;2;1672694726659;0.0
APPROXIMATION;12348;111;2;1672694726659;0.0
APPROXIMATION;12349;111;2;1672694726659;0.0
APPROXIMATION;12351;111;2;1672694726659;0.0
APPROXIMATION;12352;111;2;1672694726659;0.0
APPROXIMATION;12350;111;2;1672694726659;0.0
APPROXIMATION;12345;111;3;1672694726660;0.0
APPROXIMATION;12346;111;3;1672694726660;0.0
APPROXIMATION;12348;111;3;1672694726660;0.0
APPROXIMATION;12350;111;3;1672694726660;0.0
APPROXIMATION;12352;111;3;1672694726660;0.0
APPROXIMATION;12349;111;3;1672694726700;0.0
APPROXIMATION;12351;111;3;1672694726700;0.0
APPROXIMATION;12345;111;4;1672694726700;0.0
APPROXIMATION;12346;111;4;1672694726700;0.0
APPROXIMATION;12348;111;4;1672694726700;0.0
APPROXIMATION;12351;111;4;1672694726700;0.0
APPROXIMATION;12352;111;4;1672694726700;0.0
APPROXIMATION;12350;111;4;1672694726700;0.0
APPROXIMATION;12349;111;4;1672694726700;0.0
APPROXIMATION;12346;111;5;1672694726700;0.0
APPROXIMATION;12345;111;5;1672694726700;0.0
APPROXIMATION;12348;111;5;1672694726700;0.0
APPROXIMATION;12352;111;5;1672694726701;0.0
APPROXIMATION;12351;111;5;1672694726701;0.0
APPROXIMATION;12350;111;5;1672694726701;0.0
APPROXIMATION;12349;111;5;1672694726701;0.0
APPROXIMATION;12345;111;6;1672694726701;0.0
APPROXIMATION;12346;111;6;1672694726701;0.0
APPROXIMATION;12348;111;6;1672694726701;0.0
APPROXIMATION;12349;111;6;1672694726701;0.0
APPROXIMATION;12351;111;6;1672694726701;0.0
APPROXIMATION;12350;111;6;1672694726701;0.0
APPROXIMATION;12352;111;6;1672694726701;0.0
APPROXIMATION;12346;111;7;1672694726702;0.0
APPROXIMATION;12348;111;7;1672694726702;0.0
APPROXIMATION;12349;111;7;1672694726702;0.0
APPROXIMATION;12345;111;7;1672694726702;0.0
APPROXIMATION;12351;111;7;1672694726702;0.0
APPROXIMATION;12350;111;7;1672694726702;0.0
APPROXIMATION;12352;111;7;1672694726702;0.0
APPROXIMATION;12346;111;8;1672694726702;0.0
APPROXIMATION;12345;111;8;1672694726702;0.0
APPROXIMATION;12348;111;8;1672694726702;0.0
APPROXIMATION;12349;111;8;1672694726702;0.0
APPROXIMATION;12352;111;8;1672694726702;0.0
APPROXIMATION;12351;111;8;1672694726702;0.0
APPROXIMATION;12350;111;8;1672694726702;0.0
APPROXIMATION;12346;111;9;1672694726702;0.0
APPROXIMATION;12345;111;9;1672694726703;0.0
APPROXIMATION;12348;111;9;1672694726703;0.0
APPROXIMATION;12351;111;9;1672694726703;0.0
APPROXIMATION;12352;111;9;1672694726703;0.0
APPROXIMATION;12349;111;9;1672694726703;0.0
APPROXIMATION;12350;111;9;1672694726703;0.0
APPROXIMATION;12346;111;10;1672694726703;0.0
APPROXIMATION;12345;111;10;1672694726703;0.0
APPROXIMATION;12348;111;10;1672694726703;0.0
APPROXIMATION;12349;111;10;1672694726703;0.0
APPROXIMATION;12351;111;10;1672694726703;0.0
APPROXIMATION;12352;111;10;1672694726703;0.0
APPROXIMATION;12350;111;10;1672694726703;0.0
APPROXIMATION;12346;111;11;1672694726704;0.0
APPROXIMATION;12345;111;11;1672694726704;0.0
APPROXIMATION;12348;111;11;1672694726704;0.0
APPROXIMATION;12351;111;11;1672694726704;0.0
APPROXIMATION;12349;111;11;1672694726704;0.0
APPROXIMATION;12352;111;11;1672694726704;0.0
APPROXIMATION;12350;111;11;1672694726704;0.0
APPROXIMATION;12345;111;12;1672694726704;0.0
APPROXIMATION;12346;111;12;1672694726704;0.0
APPROXIMATION;12348;111;12;1672694726704;0.0
APPROXIMATION;12349;111;12;1672694726704;0.0
APPROXIMATION;12352;111;12;1672694726704;0.0
APPROXIMATION;12351;111;12;1672694726704;0.0
APPROXIMATION;12350;111;12;1672694726704;0.0
APPROXIMATION;12345;111;13;1672694726704;0.0
APPROXIMATION;12346;111;13;1672694726705;0.0
APPROXIMATION;12348;111;13;1672694726705;0.0
APPROXIMATION;12351;111;13;1672694726705;0.0
APPROXIMATION;12349;111;13;1672694726705;0.0
APPROXIMATION;12352;111;13;1672694726705;0.0
APPROXIMATION;12350;111;13;1672694726705;0.0
HALTED;12345;111;14;1672694726705;0.0
HALTED;12346;111;14;1672694726705;0.0
HALTED;12348;111;14;1672694726705;0.0
HALTED;12351;111;14;1672694726705;0.0
HALTED;12349;111;14;1672694726705;0.0
HALTED;12352;111;14;1672694726705;0.0
HALTED;12350;111;14;1672694726705;0.0
INITIALIZATION;12345;112;0;1672694726806;0.0
INITIALIZATION;12346;112;0;1672694726807;0.0
INITIALIZATION;12349;112;0;1672694726807;0.0
INITIALIZATION;12350;112;0;1672694726807;0.0
INITIALIZATION;12352;112;0;1672694726807;0.0
INITIALIZATION;12351;112;0;1672694726807;0.0
INITIALIZATION;12348;112;0;1672694726807;0.0
APPROXIMATION;12345;112;1;1672694726807;0.0
APPROXIMATION;12346;112;1;1672694726807;0.0
APPROXIMATION;12349;112;1;1672694726807;0.0
APPROXIMATION;12350;112;1;1672694726808;0.0
APPROXIMATION;12351;112;1;1672694726808;0.0
APPROXIMATION;12352;112;1;1672694726808;0.0
APPROXIMATION;12348;112;1;1672694726808;0.0
APPROXIMATION;12345;112;2;1672694726808;0.0
APPROXIMATION;12346;112;2;1672694726808;0.0
APPROXIMATION;12348;112;2;1672694726808;0.0
APPROXIMATION;12350;112;2;1672694726808;0.0
APPROXIMATION;12351;112;2;1672694726808;0.0
APPROXIMATION;12352;112;2;1672694726808;0.0
APPROXIMATION;12349;112;2;1672694726808;0.0
APPROXIMATION;12346;112;3;1672694726809;0.0
APPROXIMATION;12348;112;3;1672694726809;0.0
APPROXIMATION;12351;112;3;1672694726809;0.0
APPROXIMATION;12352;112;3;1672694726809;0.0
APPROXIMATION;12349;112;3;1672694726809;0.0
APPROXIMATION;12350;112;3;1672694726850;0.0
APPROXIMATION;12345;112;3;1672694726850;0.0
APPROXIMATION;12346;112;4;1672694726850;0.0
APPROXIMATION;12348;112;4;1672694726850;0.0
APPROXIMATION;12351;112;4;1672694726850;0.0
APPROXIMATION;12345;112;4;1672694726850;0.0
APPROXIMATION;12349;112;4;1672694726850;0.0
APPROXIMATION;12350;112;4;1672694726850;0.0
APPROXIMATION;12352;112;4;1672694726850;0.0
APPROXIMATION;12346;112;5;1672694726850;0.0
APPROXIMATION;12348;112;5;1672694726851;0.0
APPROXIMATION;12345;112;5;1672694726851;0.0
APPROXIMATION;12350;112;5;1672694726851;0.0
APPROXIMATION;12346;112;6;1672694726851;0.0
APPROXIMATION;12352;112;5;1672694726851;0.0
APPROXIMATION;12349;112;5;1672694726851;0.0
APPROXIMATION;12351;112;5;1672694726851;0.0
APPROXIMATION;12345;112;6;1672694726851;0.0
APPROXIMATION;12352;112;6;1672694726851;0.0
APPROXIMATION;12351;112;6;1672694726851;0.0
APPROXIMATION;12348;112;6;1672694726851;0.0
APPROXIMATION;12349;112;6;1672694726851;0.0
APPROXIMATION;12350;112;6;1672694726851;0.0
APPROXIMATION;12346;112;7;1672694726852;0.0
APPROXIMATION;12345;112;7;1672694726852;0.0
APPROXIMATION;12350;112;7;1672694726852;0.0
APPROXIMATION;12352;112;7;1672694726852;0.0
APPROXIMATION;12351;112;7;1672694726852;0.0
APPROXIMATION;12349;112;7;1672694726852;0.0
APPROXIMATION;12348;112;7;1672694726852;0.0
APPROXIMATION;12346;112;8;1672694726852;0.0
APPROXIMATION;12345;112;8;1672694726852;0.0
APPROXIMATION;12350;112;8;1672694726852;0.0
APPROXIMATION;12349;112;8;1672694726852;0.0
APPROXIMATION;12351;112;8;1672694726852;0.0
APPROXIMATION;12352;112;8;1672694726852;0.0
APPROXIMATION;12348;112;8;1672694726852;0.0
APPROXIMATION;12346;112;9;1672694726853;0.0
APPROXIMATION;12345;112;9;1672694726853;0.0
APPROXIMATION;12350;112;9;1672694726853;0.0
APPROXIMATION;12351;112;9;1672694726853;0.0
APPROXIMATION;12352;112;9;1672694726853;0.0
APPROXIMATION;12349;112;9;1672694726853;0.0
APPROXIMATION;12348;112;9;1672694726853;0.0
APPROXIMATION;12346;112;10;1672694726853;0.0
APPROXIMATION;12345;112;10;1672694726853;0.0
APPROXIMATION;12349;112;10;1672694726853;0.0
APPROXIMATION;12351;112;10;1672694726853;0.0
APPROXIMATION;12350;112;10;1672694726853;0.0
APPROXIMATION;12352;112;10;1672694726853;0.0
APPROXIMATION;12348;112;10;1672694726854;0.0
APPROXIMATION;12345;112;11;1672694726854;0.0
APPROXIMATION;12346;112;11;1672694726854;0.0
APPROXIMATION;12349;112;11;1672694726854;0.0
APPROXIMATION;12350;112;11;1672694726854;0.0
APPROXIMATION;12351;112;11;1672694726854;0.0
APPROXIMATION;12352;112;11;1672694726854;0.0
APPROXIMATION;12348;112;11;1672694726854;0.0
APPROXIMATION;12345;112;12;1672694726854;0.0
APPROXIMATION;12346;112;12;1672694726854;0.0
APPROXIMATION;12349;112;12;1672694726854;0.0
APPROXIMATION;12351;112;12;1672694726854;0.0
APPROXIMATION;12350;112;12;1672694726854;0.0
APPROXIMATION;12352;112;12;1672694726854;0.0
APPROXIMATION;12348;112;12;1672694726854;0.0
APPROXIMATION;12345;112;13;1672694726855;0.0
APPROXIMATION;12346;112;13;1672694726855;0.0
APPROXIMATION;12349;112;13;1672694726855;0.0
APPROXIMATION;12350;112;13;1672694726855;0.0
APPROXIMATION;12351;112;13;1672694726855;0.0
APPROXIMATION;12352;112;13;1672694726855;0.0
APPROXIMATION;12348;112;13;1672694726855;0.0
HALTED;12345;112;14;1672694726855;0.0
HALTED;12346;112;14;1672694726855;0.0
HALTED;12349;112;14;1672694726855;0.0
HALTED;12350;112;14;1672694726855;0.0
HALTED;12351;112;14;1672694726855;0.0
HALTED;12352;112;14;1672694726855;0.0
HALTED;12348;112;14;1672694726856;0.0
INITIALIZATION;12345;113;0;1672694726956;0.0
INITIALIZATION;12346;113;0;1672694726957;0.0
INITIALIZATION;12348;113;0;1672694726957;0.0
INITIALIZATION;12351;113;0;1672694726957;0.0
INITIALIZATION;12350;113;0;1672694726957;0.0
INITIALIZATION;12352;113;0;1672694726957;0.0
INITIALIZATION;12349;113;0;1672694726957;0.0
APPROXIMATION;12345;113;1;1672694726957;0.0
APPROXIMATION;12346;113;1;1672694726958;0.0
APPROXIMATION;12350;113;1;1672694726958;0.0
APPROXIMATION;12351;113;1;1672694726958;0.0
APPROXIMATION;12345;113;2;1672694726958;0.0
APPROXIMATION;12348;113;1;1672694726958;0.0
APPROXIMATION;12352;113;1;1672694726958;0.0
APPROXIMATION;12349;113;1;1672694726958;0.0
APPROXIMATION;12346;113;2;1672694726958;0.0
APPROXIMATION;12348;113;2;1672694726959;0.0
APPROXIMATION;12350;113;2;1672694726959;0.0
APPROXIMATION;12351;113;2;1672694726959;0.0
APPROXIMATION;12352;113;2;1672694726959;0.0
APPROXIMATION;12349;113;2;1672694726959;0.0
APPROXIMATION;12345;113;3;1672694726959;0.0
APPROXIMATION;12348;113;3;1672694726959;0.0
APPROXIMATION;12350;113;3;1672694726959;0.0
APPROXIMATION;12351;113;3;1672694726959;0.0
APPROXIMATION;12352;113;3;1672694726959;0.0
APPROXIMATION;12346;113;3;1672694726999;0.0
APPROXIMATION;12349;113;3;1672694727000;0.0
APPROXIMATION;12346;113;4;1672694727000;0.0
APPROXIMATION;12348;113;4;1672694727000;0.0
APPROXIMATION;12352;113;4;1672694727000;0.0
APPROXIMATION;12351;113;4;1672694727000;0.0
APPROXIMATION;12345;113;4;1672694727001;0.0
APPROXIMATION;12350;113;4;1672694727001;0.0
APPROXIMATION;12349;113;4;1672694727001;0.0
APPROXIMATION;12345;113;5;1672694727001;0.0
APPROXIMATION;12346;113;5;1672694727001;0.0
APPROXIMATION;12348;113;5;1672694727001;0.0
APPROXIMATION;12350;113;5;1672694727001;0.0
APPROXIMATION;12351;113;5;1672694727001;0.0
APPROXIMATION;12352;113;5;1672694727001;0.0
APPROXIMATION;12349;113;5;1672694727001;0.0
APPROXIMATION;12345;113;6;1672694727001;0.0
APPROXIMATION;12346;113;6;1672694727001;0.0
APPROXIMATION;12348;113;6;1672694727002;0.0
APPROXIMATION;12351;113;6;1672694727002;0.0
APPROXIMATION;12350;113;6;1672694727002;0.0
APPROXIMATION;12352;113;6;1672694727002;0.0
APPROXIMATION;12349;113;6;1672694727002;0.0
APPROXIMATION;12345;113;7;1672694727002;0.0
APPROXIMATION;12346;113;7;1672694727002;0.0
APPROXIMATION;12348;113;7;1672694727002;0.0
APPROXIMATION;12352;113;7;1672694727002;0.0
APPROXIMATION;12351;113;7;1672694727002;0.0
APPROXIMATION;12350;113;7;1672694727002;0.0
APPROXIMATION;12349;113;7;1672694727002;0.0
APPROXIMATION;12345;113;8;1672694727002;0.0
APPROXIMATION;12346;113;8;1672694727002;0.0
APPROXIMATION;12348;113;8;1672694727003;0.0
APPROXIMATION;12351;113;8;1672694727003;0.0
APPROXIMATION;12352;113;8;1672694727003;0.0
APPROXIMATION;12350;113;8;1672694727003;0.0
APPROXIMATION;12349;113;8;1672694727003;0.0
APPROXIMATION;12345;113;9;1672694727003;0.0
APPROXIMATION;12346;113;9;1672694727003;0.0
APPROXIMATION;12348;113;9;1672694727003;0.0
APPROXIMATION;12351;113;9;1672694727003;0.0
APPROXIMATION;12352;113;9;1672694727003;0.0
APPROXIMATION;12350;113;9;1672694727003;0.0
APPROXIMATION;12349;113;9;1672694727003;0.0
APPROXIMATION;12345;113;10;1672694727003;0.0
APPROXIMATION;12346;113;10;1672694727003;0.0
APPROXIMATION;12348;113;10;1672694727003;0.0
APPROXIMATION;12351;113;10;1672694727004;0.0
APPROXIMATION;12349;113;10;1672694727004;0.0
APPROXIMATION;12350;113;10;1672694727004;0.0
APPROXIMATION;12352;113;10;1672694727004;0.0
APPROXIMATION;12345;113;11;1672694727004;0.0
APPROXIMATION;12346;113;11;1672694727004;0.0
APPROXIMATION;12348;113;11;1672694727004;0.0
APPROXIMATION;12352;113;11;1672694727004;0.0
APPROXIMATION;12351;113;11;1672694727004;0.0
APPROXIMATION;12349;113;11;1672694727004;0.0
APPROXIMATION;12350;113;11;1672694727004;0.0
APPROXIMATION;12345;113;12;1672694727004;0.0
APPROXIMATION;12346;113;12;1672694727004;0.0
APPROXIMATION;12348;113;12;1672694727004;0.0
APPROXIMATION;12352;113;12;1672694727004;0.0
APPROXIMATION;12351;113;12;1672694727004;0.0
APPROXIMATION;12349;113;12;1672694727004;0.0
APPROXIMATION;12350;113;12;1672694727005;0.0
APPROXIMATION;12345;113;13;1672694727005;0.0
APPROXIMATION;12346;113;13;1672694727005;0.0
APPROXIMATION;12348;113;13;1672694727005;0.0
APPROXIMATION;12352;113;13;1672694727005;0.0
APPROXIMATION;12351;113;13;1672694727005;0.0
APPROXIMATION;12349;113;13;1672694727005;0.0
APPROXIMATION;12350;113;13;1672694727005;0.0
HALTED;12345;113;14;1672694727005;0.0
HALTED;12346;113;14;1672694727005;0.0
HALTED;12348;113;14;1672694727005;0.0
HALTED;12351;113;14;1672694727005;0.0
HALTED;12349;113;14;1672694727005;0.0
HALTED;12352;113;14;1672694727005;0.0
HALTED;12350;113;14;1672694727005;0.0
INITIALIZATION;12345;114;0;1672694727106;0.0
INITIALIZATION;12346;114;0;1672694727107;0.0
INITIALIZATION;12348;114;0;1672694727107;0.0
INITIALIZATION;12350;114;0;1672694727107;0.0
INITIALIZATION;12349;114;0;1672694727107;0.0
INITIALIZATION;12351;114;0;1672694727107;0.0
INITIALIZATION;12352;114;0;1672694727108;0.0
APPROXIMATION;12345;114;1;1672694727108;0.0
APPROXIMATION;12346;114;1;1672694727108;0.0
APPROXIMATION;12348;114;1;1672694727108;0.0
APPROXIMATION;12349;114;1;1672694727108;0.0
APPROXIMATION;12351;114;1;1672694727108;0.0
APPROXIMATION;12352;114;1;1672694727108;0.0
APPROXIMATION;12350;114;1;1672694727108;0.0
APPROXIMATION;12346;114;2;1672694727109;0.0
APPROXIMATION;12345;114;2;1672694727109;0.0
APPROXIMATION;12348;114;2;1672694727109;0.0
APPROXIMATION;12349;114;2;1672694727109;0.0
APPROXIMATION;12352;114;2;1672694727109;0.0
APPROXIMATION;12350;114;2;1672694727109;0.0
APPROXIMATION;12351;114;2;1672694727109;0.0
APPROXIMATION;12345;114;3;1672694727109;0.0
APPROXIMATION;12348;114;3;1672694727109;0.0
APPROXIMATION;12352;114;3;1672694727109;0.0
APPROXIMATION;12349;114;3;1672694727109;0.0
APPROXIMATION;12350;114;3;1672694727110;0.0
APPROXIMATION;12346;114;3;1672694727150;0.0
APPROXIMATION;12351;114;3;1672694727150;0.0
APPROXIMATION;12345;114;4;1672694727150;0.0
APPROXIMATION;12348;114;4;1672694727150;0.0
APPROXIMATION;12346;114;4;1672694727150;0.0
APPROXIMATION;12352;114;4;1672694727150;0.0
APPROXIMATION;12350;114;4;1672694727150;0.0
APPROXIMATION;12349;114;4;1672694727150;0.0
APPROXIMATION;12351;114;4;1672694727150;0.0
APPROXIMATION;12345;114;5;1672694727151;0.0
APPROXIMATION;12346;114;5;1672694727151;0.0
APPROXIMATION;12348;114;5;1672694727151;0.0
APPROXIMATION;12349;114;5;1672694727151;0.0
APPROXIMATION;12351;114;5;1672694727151;0.0
APPROXIMATION;12350;114;5;1672694727151;0.0
APPROXIMATION;12352;114;5;1672694727151;0.0
APPROXIMATION;12345;114;6;1672694727151;0.0
APPROXIMATION;12346;114;6;1672694727151;0.0
APPROXIMATION;12348;114;6;1672694727151;0.0
APPROXIMATION;12349;114;6;1672694727152;0.0
APPROXIMATION;12350;114;6;1672694727152;0.0
APPROXIMATION;12351;114;6;1672694727152;0.0
APPROXIMATION;12352;114;6;1672694727152;0.0
APPROXIMATION;12345;114;7;1672694727152;0.0
APPROXIMATION;12346;114;7;1672694727152;0.0
APPROXIMATION;12348;114;7;1672694727152;0.0
APPROXIMATION;12349;114;7;1672694727152;0.0
APPROXIMATION;12350;114;7;1672694727152;0.0
APPROXIMATION;12351;114;7;1672694727152;0.0
APPROXIMATION;12352;114;7;1672694727152;0.0
APPROXIMATION;12345;114;8;1672694727152;0.0
APPROXIMATION;12346;114;8;1672694727152;0.0
APPROXIMATION;12348;114;8;1672694727152;0.0
APPROXIMATION;12349;114;8;1672694727152;0.0
APPROXIMATION;12350;114;8;1672694727152;0.0
APPROXIMATION;12351;114;8;1672694727153;0.0
APPROXIMATION;12352;114;8;1672694727153;0.0
APPROXIMATION;12346;114;9;1672694727153;0.0
APPROXIMATION;12348;114;9;1672694727153;0.0
APPROXIMATION;12345;114;9;1672694727153;0.0
APPROXIMATION;12349;114;9;1672694727153;0.0
APPROXIMATION;12350;114;9;1672694727153;0.0
APPROXIMATION;12351;114;9;1672694727153;0.0
APPROXIMATION;12352;114;9;1672694727153;0.0
APPROXIMATION;12346;114;10;1672694727153;0.0
APPROXIMATION;12348;114;10;1672694727153;0.0
APPROXIMATION;12349;114;10;1672694727153;0.0
APPROXIMATION;12350;114;10;1672694727153;0.0
APPROXIMATION;12345;114;10;1672694727153;0.0
APPROXIMATION;12351;114;10;1672694727153;0.0
APPROXIMATION;12352;114;10;1672694727153;0.0
APPROXIMATION;12346;114;11;1672694727154;0.0
APPROXIMATION;12348;114;11;1672694727154;0.0
APPROXIMATION;12349;114;11;1672694727154;0.0
APPROXIMATION;12350;114;11;1672694727154;0.0
APPROXIMATION;12351;114;11;1672694727154;0.0
APPROXIMATION;12352;114;11;1672694727154;0.0
APPROXIMATION;12345;114;11;1672694727154;0.0
APPROXIMATION;12346;114;12;1672694727154;0.0
APPROXIMATION;12348;114;12;1672694727154;0.0
APPROXIMATION;12349;114;12;1672694727154;0.0
APPROXIMATION;12350;114;12;1672694727154;0.0
APPROXIMATION;12351;114;12;1672694727154;0.0
APPROXIMATION;12352;114;12;1672694727154;0.0
APPROXIMATION;12345;114;12;1672694727154;0.0
APPROXIMATION;12346;114;13;1672694727155;0.0
APPROXIMATION;12348;114;13;1672694727155;0.0
APPROXIMATION;12349;114;13;1672694727155;0.0
APPROXIMATION;12350;114;13;1672694727155;0.0
APPROXIMATION;12351;114;13;1672694727155;0.0
APPROXIMATION;12352;114;13;1672694727155;0.0
APPROXIMATION;12345;114;13;1672694727155;0.0
HALTED;12346;114;14;1672694727155;0.0
HALTED;12348;114;14;1672694727155;0.0
HALTED;12349;114;14;1672694727155;0.0
HALTED;12350;114;14;1672694727155;0.0
HALTED;12351;114;14;1672694727155;0.0
HALTED;12352;114;14;1672694727156;0.0
HALTED;12345;114;14;1672694727156;0.0
INITIALIZATION;12345;115;0;1672694727256;0.0
INITIALIZATION;12346;115;0;1672694727257;0.0
INITIALIZATION;12350;115;0;1672694727257;0.0
INITIALIZATION;12349;115;0;1672694727258;0.0
INITIALIZATION;12352;115;0;1672694727258;0.0
INITIALIZATION;12348;115;0;1672694727258;0.0
INITIALIZATION;12351;115;0;1672694727258;0.0
APPROXIMATION;12345;115;1;1672694727258;0.0
APPROXIMATION;12346;115;1;1672694727258;0.0
APPROXIMATION;12352;115;1;1672694727258;0.0
APPROXIMATION;12351;115;1;1672694727258;0.0
APPROXIMATION;12350;115;1;1672694727258;0.0
APPROXIMATION;12348;115;1;1672694727258;0.0
APPROXIMATION;12349;115;1;1672694727258;0.0
APPROXIMATION;12346;115;2;1672694727258;0.0
APPROXIMATION;12345;115;2;1672694727258;0.0
APPROXIMATION;12348;115;2;1672694727258;0.0
APPROXIMATION;12345;115;3;1672694727259;0.0
APPROXIMATION;12352;115;2;1672694727259;0.0
APPROXIMATION;12349;115;2;1672694727259;0.0
APPROXIMATION;12351;115;2;1672694727259;0.0
APPROXIMATION;12350;115;2;1672694727259;0.0
APPROXIMATION;12352;115;3;1672694727259;0.0
APPROXIMATION;12346;115;3;1672694727259;0.0
APPROXIMATION;12348;115;3;1672694727259;0.0
APPROXIMATION;12349;115;3;1672694727259;0.0
APPROXIMATION;12350;115;3;1672694727300;0.0
APPROXIMATION;12351;115;3;1672694727300;0.0
APPROXIMATION;12345;115;4;1672694727300;0.0
APPROXIMATION;12348;115;4;1672694727300;0.0
APPROXIMATION;12349;115;4;1672694727300;0.0
APPROXIMATION;12350;115;4;1672694727300;0.0
APPROXIMATION;12351;115;4;1672694727300;0.0
APPROXIMATION;12352;115;4;1672694727300;0.0
APPROXIMATION;12346;115;4;1672694727300;0.0
APPROXIMATION;12348;115;5;1672694727300;0.0
APPROXIMATION;12345;115;5;1672694727300;0.0
APPROXIMATION;12346;115;5;1672694727301;0.0
APPROXIMATION;12350;115;5;1672694727301;0.0
APPROXIMATION;12349;115;5;1672694727301;0.0
APPROXIMATION;12351;115;5;1672694727301;0.0
APPROXIMATION;12352;115;5;1672694727301;0.0
APPROXIMATION;12346;115;6;1672694727301;0.0
APPROXIMATION;12348;115;6;1672694727301;0.0
APPROXIMATION;12345;115;6;1672694727301;0.0
APPROXIMATION;12350;115;6;1672694727301;0.0
APPROXIMATION;12352;115;6;1672694727301;0.0
APPROXIMATION;12349;115;6;1672694727301;0.0
APPROXIMATION;12351;115;6;1672694727302;0.0
APPROXIMATION;12346;115;7;1672694727302;0.0
APPROXIMATION;12350;115;7;1672694727302;0.0
APPROXIMATION;12348;115;7;1672694727302;0.0
APPROXIMATION;12345;115;7;1672694727302;0.0
APPROXIMATION;12352;115;7;1672694727302;0.0
APPROXIMATION;12351;115;7;1672694727302;0.0
APPROXIMATION;12349;115;7;1672694727302;0.0
APPROXIMATION;12346;115;8;1672694727302;0.0
APPROXIMATION;12348;115;8;1672694727302;0.0
APPROXIMATION;12351;115;8;1672694727302;0.0
APPROXIMATION;12350;115;8;1672694727302;0.0
APPROXIMATION;12345;115;8;1672694727302;0.0
APPROXIMATION;12352;115;8;1672694727303;0.0
APPROXIMATION;12349;115;8;1672694727303;0.0
APPROXIMATION;12346;115;9;1672694727303;0.0
APPROXIMATION;12348;115;9;1672694727303;0.0
APPROXIMATION;12345;115;9;1672694727303;0.0
APPROXIMATION;12350;115;9;1672694727303;0.0
APPROXIMATION;12351;115;9;1672694727303;0.0
APPROXIMATION;12352;115;9;1672694727303;0.0
APPROXIMATION;12349;115;9;1672694727303;0.0
APPROXIMATION;12346;115;10;1672694727303;0.0
APPROXIMATION;12345;115;10;1672694727303;0.0
APPROXIMATION;12348;115;10;1672694727303;0.0
APPROXIMATION;12350;115;10;1672694727303;0.0
APPROXIMATION;12351;115;10;1672694727303;0.0
APPROXIMATION;12352;115;10;1672694727304;0.0
APPROXIMATION;12349;115;10;1672694727304;0.0
APPROXIMATION;12346;115;11;1672694727304;0.0
APPROXIMATION;12345;115;11;1672694727304;0.0
APPROXIMATION;12351;115;11;1672694727304;0.0
APPROXIMATION;12350;115;11;1672694727304;0.0
APPROXIMATION;12348;115;11;1672694727304;0.0
APPROXIMATION;12352;115;11;1672694727304;0.0
APPROXIMATION;12349;115;11;1672694727304;0.0
APPROXIMATION;12346;115;12;1672694727304;0.0
APPROXIMATION;12345;115;12;1672694727304;0.0
APPROXIMATION;12350;115;12;1672694727304;0.0
APPROXIMATION;12351;115;12;1672694727304;0.0
APPROXIMATION;12348;115;12;1672694727304;0.0
APPROXIMATION;12352;115;12;1672694727304;0.0
APPROXIMATION;12349;115;12;1672694727304;0.0
APPROXIMATION;12346;115;13;1672694727305;0.0
APPROXIMATION;12345;115;13;1672694727305;0.0
APPROXIMATION;12350;115;13;1672694727305;0.0
APPROXIMATION;12351;115;13;1672694727305;0.0
APPROXIMATION;12352;115;13;1672694727305;0.0
APPROXIMATION;12348;115;13;1672694727305;0.0
APPROXIMATION;12349;115;13;1672694727305;0.0
HALTED;12346;115;14;1672694727305;0.0
HALTED;12350;115;14;1672694727305;0.0
HALTED;12351;115;14;1672694727305;0.0
HALTED;12345;115;14;1672694727305;0.0
HALTED;12352;115;14;1672694727305;0.0
HALTED;12349;115;14;1672694727305;0.0
HALTED;12348;115;14;1672694727305;0.0
INITIALIZATION;12345;116;0;1672694727406;0.0
INITIALIZATION;12346;116;0;1672694727407;0.0
INITIALIZATION;12349;116;0;1672694727407;0.0
INITIALIZATION;12350;116;0;1672694727407;0.0
APPROXIMATION;12345;116;1;1672694727407;0.0
INITIALIZATION;12352;116;0;1672694727407;0.0
INITIALIZATION;12351;116;0;1672694727407;0.0
INITIALIZATION;12348;116;0;1672694727407;0.0
APPROXIMATION;12346;116;1;1672694727407;0.0
APPROXIMATION;12349;116;1;1672694727408;0.0
APPROXIMATION;12348;116;1;1672694727408;0.0
APPROXIMATION;12351;116;1;1672694727408;0.0
APPROXIMATION;12350;116;1;1672694727408;0.0
APPROXIMATION;12345;116;2;1672694727408;0.0
APPROXIMATION;12346;116;2;1672694727408;0.0
APPROXIMATION;12352;116;1;1672694727408;0.0
APPROXIMATION;12349;116;2;1672694727408;0.0
APPROXIMATION;12348;116;2;1672694727408;0.0
APPROXIMATION;12350;116;2;1672694727408;0.0
APPROXIMATION;12352;116;2;1672694727408;0.0
APPROXIMATION;12345;116;3;1672694727408;0.0
APPROXIMATION;12349;116;3;1672694727409;0.0
APPROXIMATION;12350;116;3;1672694727449;0.0
APPROXIMATION;12351;116;2;1672694727449;0.0
APPROXIMATION;12348;116;3;1672694727449;0.0
APPROXIMATION;12346;116;3;1672694727450;0.0
APPROXIMATION;12351;116;3;1672694727450;0.0
APPROXIMATION;12352;116;3;1672694727450;0.0
APPROXIMATION;12345;116;4;1672694727450;0.0
APPROXIMATION;12351;116;4;1672694727450;0.0
APPROXIMATION;12348;116;4;1672694727450;0.0
APPROXIMATION;12346;116;4;1672694727450;0.0
APPROXIMATION;12350;116;4;1672694727450;0.0
APPROXIMATION;12349;116;4;1672694727450;0.0
APPROXIMATION;12352;116;4;1672694727450;0.0
APPROXIMATION;12345;116;5;1672694727451;0.0
APPROXIMATION;12348;116;5;1672694727451;0.0
APPROXIMATION;12346;116;5;1672694727451;0.0
APPROXIMATION;12352;116;5;1672694727451;0.0
APPROXIMATION;12351;116;5;1672694727451;0.0
APPROXIMATION;12349;116;5;1672694727451;0.0
APPROXIMATION;12350;116;5;1672694727451;0.0
APPROXIMATION;12346;116;6;1672694727451;0.0
APPROXIMATION;12345;116;6;1672694727451;0.0
APPROXIMATION;12348;116;6;1672694727451;0.0
APPROXIMATION;12352;116;6;1672694727452;0.0
APPROXIMATION;12351;116;6;1672694727452;0.0
APPROXIMATION;12349;116;6;1672694727452;0.0
APPROXIMATION;12350;116;6;1672694727452;0.0
APPROXIMATION;12346;116;7;1672694727452;0.0
APPROXIMATION;12345;116;7;1672694727452;0.0
APPROXIMATION;12348;116;7;1672694727452;0.0
APPROXIMATION;12351;116;7;1672694727452;0.0
APPROXIMATION;12352;116;7;1672694727452;0.0
APPROXIMATION;12350;116;7;1672694727452;0.0
APPROXIMATION;12349;116;7;1672694727452;0.0
APPROXIMATION;12346;116;8;1672694727452;0.0
APPROXIMATION;12345;116;8;1672694727452;0.0
APPROXIMATION;12348;116;8;1672694727452;0.0
APPROXIMATION;12351;116;8;1672694727453;0.0
APPROXIMATION;12352;116;8;1672694727453;0.0
APPROXIMATION;12350;116;8;1672694727453;0.0
APPROXIMATION;12349;116;8;1672694727453;0.0
APPROXIMATION;12345;116;9;1672694727453;0.0
APPROXIMATION;12346;116;9;1672694727453;0.0
APPROXIMATION;12348;116;9;1672694727453;0.0
APPROXIMATION;12350;116;9;1672694727453;0.0
APPROXIMATION;12351;116;9;1672694727453;0.0
APPROXIMATION;12352;116;9;1672694727453;0.0
APPROXIMATION;12349;116;9;1672694727453;0.0
APPROXIMATION;12345;116;10;1672694727453;0.0
APPROXIMATION;12346;116;10;1672694727453;0.0
APPROXIMATION;12348;116;10;1672694727454;0.0
APPROXIMATION;12351;116;10;1672694727454;0.0
APPROXIMATION;12350;116;10;1672694727454;0.0
APPROXIMATION;12352;116;10;1672694727454;0.0
APPROXIMATION;12349;116;10;1672694727454;0.0
APPROXIMATION;12345;116;11;1672694727454;0.0
APPROXIMATION;12346;116;11;1672694727454;0.0
APPROXIMATION;12348;116;11;1672694727454;0.0
APPROXIMATION;12351;116;11;1672694727454;0.0
APPROXIMATION;12350;116;11;1672694727454;0.0
APPROXIMATION;12352;116;11;1672694727454;0.0
APPROXIMATION;12349;116;11;1672694727454;0.0
APPROXIMATION;12345;116;12;1672694727454;0.0
APPROXIMATION;12346;116;12;1672694727454;0.0
APPROXIMATION;12348;116;12;1672694727455;0.0
APPROXIMATION;12351;116;12;1672694727455;0.0
APPROXIMATION;12350;116;12;1672694727455;0.0
APPROXIMATION;12352;116;12;1672694727455;0.0
APPROXIMATION;12349;116;12;1672694727455;0.0
APPROXIMATION;12345;116;13;1672694727455;0.0
APPROXIMATION;12346;116;13;1672694727455;0.0
APPROXIMATION;12348;116;13;1672694727455;0.0
APPROXIMATION;12350;116;13;1672694727455;0.0
APPROXIMATION;12351;116;13;1672694727455;0.0
APPROXIMATION;12349;116;13;1672694727455;0.0
APPROXIMATION;12352;116;13;1672694727455;0.0
HALTED;12345;116;14;1672694727455;0.0
HALTED;12346;116;14;1672694727455;0.0
HALTED;12348;116;14;1672694727456;0.0
HALTED;12350;116;14;1672694727456;0.0
HALTED;12349;116;14;1672694727456;0.0
HALTED;12352;116;14;1672694727456;0.0
HALTED;12351;116;14;1672694727456;0.0
INITIALIZATION;12345;117;0;1672694727556;0.0
INITIALIZATION;12346;117;0;1672694727557;0.0
INITIALIZATION;12348;117;0;1672694727557;0.0
INITIALIZATION;12352;117;0;1672694727557;0.0
INITIALIZATION;12351;117;0;1672694727557;0.0
INITIALIZATION;12349;117;0;1672694727557;0.0
INITIALIZATION;12350;117;0;1672694727558;0.0
APPROXIMATION;12345;117;1;1672694727558;0.0
APPROXIMATION;12346;117;1;1672694727558;0.0
APPROXIMATION;12348;117;1;1672694727558;0.0
APPROXIMATION;12349;117;1;1672694727558;0.0
APPROXIMATION;12351;117;1;1672694727558;0.0
APPROXIMATION;12352;117;1;1672694727558;0.0
APPROXIMATION;12350;117;1;1672694727558;0.0
APPROXIMATION;12345;117;2;1672694727559;0.0
APPROXIMATION;12346;117;2;1672694727559;0.0
APPROXIMATION;12348;117;2;1672694727559;0.0
APPROXIMATION;12351;117;2;1672694727559;0.0
APPROXIMATION;12349;117;2;1672694727559;0.0
APPROXIMATION;12350;117;2;1672694727559;0.0
APPROXIMATION;12352;117;2;1672694727559;0.0
APPROXIMATION;12346;117;3;1672694727559;0.0
APPROXIMATION;12348;117;3;1672694727559;0.0
APPROXIMATION;12350;117;3;1672694727559;0.0
APPROXIMATION;12349;117;3;1672694727559;0.0
APPROXIMATION;12352;117;3;1672694727559;0.0
APPROXIMATION;12345;117;3;1672694727600;0.0
APPROXIMATION;12351;117;3;1672694727600;0.0
APPROXIMATION;12346;117;4;1672694727600;0.0
APPROXIMATION;12348;117;4;1672694727600;0.0
APPROXIMATION;12349;117;4;1672694727600;0.0
APPROXIMATION;12351;117;4;1672694727600;0.0
APPROXIMATION;12350;117;4;1672694727600;0.0
APPROXIMATION;12345;117;4;1672694727600;0.0
APPROXIMATION;12352;117;4;1672694727600;0.0
APPROXIMATION;12346;117;5;1672694727600;0.0
APPROXIMATION;12348;117;5;1672694727601;0.0
APPROXIMATION;12345;117;5;1672694727601;0.0
APPROXIMATION;12349;117;5;1672694727601;0.0
APPROXIMATION;12352;117;5;1672694727601;0.0
APPROXIMATION;12351;117;5;1672694727601;0.0
APPROXIMATION;12350;117;5;1672694727601;0.0
APPROXIMATION;12346;117;6;1672694727601;0.0
APPROXIMATION;12348;117;6;1672694727601;0.0
APPROXIMATION;12350;117;6;1672694727601;0.0
APPROXIMATION;12349;117;6;1672694727601;0.0
APPROXIMATION;12351;117;6;1672694727601;0.0
APPROXIMATION;12352;117;6;1672694727601;0.0
APPROXIMATION;12345;117;6;1672694727601;0.0
APPROXIMATION;12346;117;7;1672694727601;0.0
APPROXIMATION;12348;117;7;1672694727602;0.0
APPROXIMATION;12351;117;7;1672694727602;0.0
APPROXIMATION;12350;117;7;1672694727602;0.0
APPROXIMATION;12349;117;7;1672694727602;0.0
APPROXIMATION;12352;117;7;1672694727602;0.0
APPROXIMATION;12345;117;7;1672694727602;0.0
APPROXIMATION;12346;117;8;1672694727602;0.0
APPROXIMATION;12348;117;8;1672694727602;0.0
APPROXIMATION;12349;117;8;1672694727602;0.0
APPROXIMATION;12350;117;8;1672694727602;0.0
APPROXIMATION;12351;117;8;1672694727602;0.0
APPROXIMATION;12345;117;8;1672694727602;0.0
APPROXIMATION;12352;117;8;1672694727602;0.0
APPROXIMATION;12346;117;9;1672694727602;0.0
APPROXIMATION;12348;117;9;1672694727602;0.0
APPROXIMATION;12349;117;9;1672694727603;0.0
APPROXIMATION;12350;117;9;1672694727603;0.0
APPROXIMATION;12351;117;9;1672694727603;0.0
APPROXIMATION;12352;117;9;1672694727603;0.0
APPROXIMATION;12346;117;10;1672694727603;0.0
APPROXIMATION;12345;117;9;1672694727603;0.0
APPROXIMATION;12348;117;10;1672694727603;0.0
APPROXIMATION;12349;117;10;1672694727603;0.0
APPROXIMATION;12351;117;10;1672694727603;0.0
APPROXIMATION;12350;117;10;1672694727603;0.0
APPROXIMATION;12352;117;10;1672694727603;0.0
APPROXIMATION;12345;117;10;1672694727603;0.0
APPROXIMATION;12346;117;11;1672694727604;0.0
APPROXIMATION;12348;117;11;1672694727604;0.0
APPROXIMATION;12349;117;11;1672694727604;0.0
APPROXIMATION;12350;117;11;1672694727604;0.0
APPROXIMATION;12351;117;11;1672694727604;0.0
APPROXIMATION;12352;117;11;1672694727604;0.0
APPROXIMATION;12345;117;11;1672694727604;0.0
APPROXIMATION;12346;117;12;1672694727604;0.0
APPROXIMATION;12348;117;12;1672694727604;0.0
APPROXIMATION;12349;117;12;1672694727604;0.0
APPROXIMATION;12350;117;12;1672694727604;0.0
APPROXIMATION;12351;117;12;1672694727604;0.0
APPROXIMATION;12345;117;12;1672694727604;0.0
APPROXIMATION;12352;117;12;1672694727604;0.0
APPROXIMATION;12346;117;13;1672694727605;0.0
APPROXIMATION;12348;117;13;1672694727605;0.0
APPROXIMATION;12349;117;13;1672694727605;0.0
APPROXIMATION;12350;117;13;1672694727605;0.0
APPROXIMATION;12351;117;13;1672694727605;0.0
APPROXIMATION;12345;117;13;1672694727605;0.0
APPROXIMATION;12352;117;13;1672694727605;0.0
HALTED;12346;117;14;1672694727605;0.0
HALTED;12348;117;14;1672694727605;0.0
HALTED;12349;117;14;1672694727605;0.0
HALTED;12350;117;14;1672694727605;0.0
HALTED;12351;117;14;1672694727606;0.0
HALTED;12345;117;14;1672694727606;0.0
HALTED;12352;117;14;1672694727606;0.0
INITIALIZATION;12345;118;0;1672694727706;0.0
INITIALIZATION;12346;118;0;1672694727707;0.0
INITIALIZATION;12348;118;0;1672694727707;0.0
INITIALIZATION;12350;118;0;1672694727707;0.0
INITIALIZATION;12351;118;0;1672694727707;0.0
INITIALIZATION;12352;118;0;1672694727707;0.0
INITIALIZATION;12349;118;0;1672694727708;0.0
APPROXIMATION;12345;118;1;1672694727708;0.0
APPROXIMATION;12346;118;1;1672694727708;0.0
APPROXIMATION;12348;118;1;1672694727708;0.0
APPROXIMATION;12350;118;1;1672694727708;0.0
APPROXIMATION;12352;118;1;1672694727708;0.0
APPROXIMATION;12349;118;1;1672694727708;0.0
APPROXIMATION;12351;118;1;1672694727708;0.0
APPROXIMATION;12348;118;2;1672694727709;0.0
APPROXIMATION;12345;118;2;1672694727709;0.0
APPROXIMATION;12346;118;2;1672694727709;0.0
APPROXIMATION;12349;118;2;1672694727709;0.0
APPROXIMATION;12351;118;2;1672694727709;0.0
APPROXIMATION;12350;118;2;1672694727709;0.0
APPROXIMATION;12352;118;2;1672694727709;0.0
APPROXIMATION;12346;118;3;1672694727709;0.0
APPROXIMATION;12350;118;3;1672694727709;0.0
APPROXIMATION;12345;118;3;1672694727710;0.0
APPROXIMATION;12351;118;3;1672694727710;0.0
APPROXIMATION;12349;118;3;1672694727710;0.0
APPROXIMATION;12348;118;3;1672694727710;0.0
APPROXIMATION;12352;118;3;1672694727710;0.0
APPROXIMATION;12346;118;4;1672694727710;0.0
APPROXIMATION;12348;118;4;1672694727710;0.0
APPROXIMATION;12350;118;4;1672694727710;0.0
APPROXIMATION;12345;118;4;1672694727710;0.0
APPROXIMATION;12351;118;4;1672694727710;0.0
APPROXIMATION;12349;118;4;1672694727710;0.0
APPROXIMATION;12352;118;4;1672694727710;0.0
APPROXIMATION;12346;118;5;1672694727710;0.0
APPROXIMATION;12348;118;5;1672694727710;0.0
APPROXIMATION;12349;118;5;1672694727711;0.0
APPROXIMATION;12350;118;5;1672694727711;0.0
APPROXIMATION;12351;118;5;1672694727711;0.0
APPROXIMATION;12352;118;5;1672694727711;0.0
APPROXIMATION;12345;118;5;1672694727711;0.0
APPROXIMATION;12346;118;6;1672694727711;0.0
APPROXIMATION;12348;118;6;1672694727711;0.0
APPROXIMATION;12349;118;6;1672694727711;0.0
APPROXIMATION;12350;118;6;1672694727711;0.0
APPROXIMATION;12351;118;6;1672694727711;0.0
APPROXIMATION;12352;118;6;1672694727711;0.0
APPROXIMATION;12345;118;6;1672694727711;0.0
APPROXIMATION;12346;118;7;1672694727711;0.0
APPROXIMATION;12348;118;7;1672694727712;0.0
APPROXIMATION;12349;118;7;1672694727712;0.0
APPROXIMATION;12350;118;7;1672694727712;0.0
APPROXIMATION;12351;118;7;1672694727712;0.0
APPROXIMATION;12352;118;7;1672694727712;0.0
APPROXIMATION;12345;118;7;1672694727712;0.0
APPROXIMATION;12346;118;8;1672694727712;0.0
APPROXIMATION;12348;118;8;1672694727712;0.0
APPROXIMATION;12349;118;8;1672694727712;0.0
APPROXIMATION;12350;118;8;1672694727712;0.0
APPROXIMATION;12351;118;8;1672694727712;0.0
APPROXIMATION;12352;118;8;1672694727712;0.0
APPROXIMATION;12345;118;8;1672694727712;0.0
APPROXIMATION;12346;118;9;1672694727713;0.0
APPROXIMATION;12348;118;9;1672694727713;0.0
APPROXIMATION;12349;118;9;1672694727713;0.0
APPROXIMATION;12350;118;9;1672694727713;0.0
APPROXIMATION;12351;118;9;1672694727713;0.0
APPROXIMATION;12352;118;9;1672694727713;0.0
APPROXIMATION;12345;118;9;1672694727713;0.0
APPROXIMATION;12346;118;10;1672694727713;0.0
APPROXIMATION;12348;118;10;1672694727713;0.0
APPROXIMATION;12349;118;10;1672694727713;0.0
APPROXIMATION;12350;118;10;1672694727714;0.0
APPROXIMATION;12351;118;10;1672694727714;0.0
APPROXIMATION;12352;118;10;1672694727714;0.0
APPROXIMATION;12345;118;10;1672694727714;0.0
APPROXIMATION;12346;118;11;1672694727714;0.0
APPROXIMATION;12348;118;11;1672694727714;0.0
APPROXIMATION;12349;118;11;1672694727714;0.0
APPROXIMATION;12350;118;11;1672694727714;0.0
APPROXIMATION;12351;118;11;1672694727714;0.0
APPROXIMATION;12352;118;11;1672694727714;0.0
APPROXIMATION;12345;118;11;1672694727714;0.0
APPROXIMATION;12346;118;12;1672694727714;0.0
APPROXIMATION;12348;118;12;1672694727715;0.0
APPROXIMATION;12349;118;12;1672694727715;0.0
APPROXIMATION;12351;118;12;1672694727715;0.0
APPROXIMATION;12352;118;12;1672694727715;0.0
APPROXIMATION;12345;118;12;1672694727715;0.0
APPROXIMATION;12350;118;12;1672694727715;0.0
APPROXIMATION;12346;118;13;1672694727715;0.0
APPROXIMATION;12348;118;13;1672694727715;0.0
APPROXIMATION;12349;118;13;1672694727715;0.0
APPROXIMATION;12351;118;13;1672694727715;0.0
APPROXIMATION;12350;118;13;1672694727715;0.0
APPROXIMATION;12352;118;13;1672694727715;0.0
APPROXIMATION;12345;118;13;1672694727715;0.0
HALTED;12346;118;14;1672694727715;0.0
HALTED;12348;118;14;1672694727716;0.0
HALTED;12349;118;14;1672694727716;0.0
HALTED;12350;118;14;1672694727716;0.0
HALTED;12351;118;14;1672694727716;0.0
HALTED;12352;118;14;1672694727716;0.0
HALTED;12345;118;14;1672694727716;0.0
INITIALIZATION;12345;119;0;1672694727817;0.0
INITIALIZATION;12348;119;0;1672694727818;0.0
INITIALIZATION;12351;119;0;1672694727818;0.0
INITIALIZATION;12350;119;0;1672694727818;0.0
INITIALIZATION;12349;119;0;1672694727818;0.0
INITIALIZATION;12352;119;0;1672694727818;0.0
INITIALIZATION;12346;119;0;1672694727819;0.0
APPROXIMATION;12345;119;1;1672694727819;0.0
APPROXIMATION;12348;119;1;1672694727819;0.0
APPROXIMATION;12346;119;1;1672694727820;0.0
APPROXIMATION;12349;119;1;1672694727820;0.0
APPROXIMATION;12351;119;1;1672694727820;0.0
APPROXIMATION;12350;119;1;1672694727820;0.0
APPROXIMATION;12352;119;1;1672694727821;0.0
APPROXIMATION;12345;119;2;1672694727821;0.0
APPROXIMATION;12348;119;2;1672694727821;0.0
APPROXIMATION;12349;119;2;1672694727821;0.0
APPROXIMATION;12350;119;2;1672694727822;0.0
APPROXIMATION;12346;119;2;1672694727822;0.0
APPROXIMATION;12351;119;2;1672694727822;0.0
APPROXIMATION;12352;119;2;1672694727822;0.0
APPROXIMATION;12345;119;3;1672694727823;0.0
APPROXIMATION;12346;119;3;1672694727823;0.0
APPROXIMATION;12348;119;3;1672694727823;0.0
APPROXIMATION;12349;119;3;1672694727824;0.0
APPROXIMATION;12350;119;3;1672694727824;0.0
APPROXIMATION;12351;119;3;1672694727824;0.0
APPROXIMATION;12352;119;3;1672694727824;0.0
APPROXIMATION;12345;119;4;1672694727824;0.0
APPROXIMATION;12348;119;4;1672694727825;0.0
APPROXIMATION;12346;119;4;1672694727825;0.0
APPROXIMATION;12349;119;4;1672694727825;0.0
APPROXIMATION;12352;119;4;1672694727825;0.0
APPROXIMATION;12350;119;4;1672694727825;0.0
APPROXIMATION;12351;119;4;1672694727825;0.0
APPROXIMATION;12345;119;5;1672694727826;0.0
APPROXIMATION;12348;119;5;1672694727826;0.0
APPROXIMATION;12349;119;5;1672694727826;0.0
APPROXIMATION;12350;119;5;1672694727826;0.0
APPROXIMATION;12346;119;5;1672694727826;0.0
APPROXIMATION;12351;119;5;1672694727827;0.0
APPROXIMATION;12352;119;5;1672694727827;0.0
APPROXIMATION;12345;119;6;1672694727827;0.0
APPROXIMATION;12346;119;6;1672694727827;0.0
APPROXIMATION;12348;119;6;1672694727827;0.0
APPROXIMATION;12352;119;6;1672694727827;0.0
APPROXIMATION;12349;119;6;1672694727827;0.0
APPROXIMATION;12350;119;6;1672694727828;0.0
APPROXIMATION;12351;119;6;1672694727828;0.0
APPROXIMATION;12345;119;7;1672694727828;0.0
APPROXIMATION;12346;119;7;1672694727828;0.0
APPROXIMATION;12348;119;7;1672694727828;0.0
APPROXIMATION;12350;119;7;1672694727828;0.0
APPROXIMATION;12351;119;7;1672694727828;0.0
APPROXIMATION;12352;119;7;1672694727829;0.0
APPROXIMATION;12349;119;7;1672694727829;0.0
APPROXIMATION;12345;119;8;1672694727829;0.0
APPROXIMATION;12348;119;8;1672694727829;0.0
APPROXIMATION;12346;119;8;1672694727829;0.0
APPROXIMATION;12351;119;8;1672694727829;0.0
APPROXIMATION;12350;119;8;1672694727829;0.0
APPROXIMATION;12352;119;8;1672694727829;0.0
APPROXIMATION;12349;119;8;1672694727829;0.0
APPROXIMATION;12345;119;9;1672694727830;0.0
APPROXIMATION;12346;119;9;1672694727830;0.0
APPROXIMATION;12348;119;9;1672694727830;0.0
APPROXIMATION;12351;119;9;1672694727830;0.0
APPROXIMATION;12350;119;9;1672694727830;0.0
APPROXIMATION;12352;119;9;1672694727830;0.0
APPROXIMATION;12349;119;9;1672694727830;0.0
APPROXIMATION;12346;119;10;1672694727830;0.0
APPROXIMATION;12345;119;10;1672694727830;0.0
APPROXIMATION;12348;119;10;1672694727830;0.0
APPROXIMATION;12350;119;10;1672694727830;0.0
APPROXIMATION;12351;119;10;1672694727830;0.0
APPROXIMATION;12352;119;10;1672694727830;0.0
APPROXIMATION;12349;119;10;1672694727830;0.0
APPROXIMATION;12346;119;11;1672694727831;0.0
APPROXIMATION;12348;119;11;1672694727831;0.0
APPROXIMATION;12345;119;11;1672694727831;0.0
APPROXIMATION;12350;119;11;1672694727831;0.0
APPROXIMATION;12351;119;11;1672694727831;0.0
APPROXIMATION;12352;119;11;1672694727831;0.0
APPROXIMATION;12349;119;11;1672694727831;0.0
APPROXIMATION;12346;119;12;1672694727831;0.0
APPROXIMATION;12348;119;12;1672694727831;0.0
APPROXIMATION;12345;119;12;1672694727831;0.0
APPROXIMATION;12350;119;12;1672694727831;0.0
APPROXIMATION;12351;119;12;1672694727831;0.0
APPROXIMATION;12352;119;12;1672694727831;0.0
APPROXIMATION;12349;119;12;1672694727831;0.0
APPROXIMATION;12346;119;13;1672694727832;0.0
APPROXIMATION;12348;119;13;1672694727832;0.0
APPROXIMATION;12351;119;13;1672694727832;0.0
APPROXIMATION;12350;119;13;1672694727832;0.0
APPROXIMATION;12352;119;13;1672694727832;0.0
APPROXIMATION;12345;119;13;1672694727832;0.0
APPROXIMATION;12349;119;13;1672694727832;0.0
HALTED;12346;119;14;1672694727832;0.0
HALTED;12348;119;14;1672694727832;0.0
HALTED;12350;119;14;1672694727832;0.0
HALTED;12351;119;14;1672694727832;0.0
HALTED;12352;119;14;1672694727832;0.0
HALTED;12349;119;14;1672694727832;0.0
HALTED;12345;119;14;1672694727832;0.0
INITIALIZATION;12345;120;0;1672694727934;0.0
INITIALIZATION;12346;120;0;1672694727935;0.0
INITIALIZATION;12351;120;0;1672694727935;0.0
INITIALIZATION;12352;120;0;1672694727935;0.0
INITIALIZATION;12349;120;0;1672694727935;0.0
INITIALIZATION;12348;120;0;1672694727935;0.0
INITIALIZATION;12350;120;0;1672694727936;0.0
APPROXIMATION;12345;120;1;1672694727937;0.0
APPROXIMATION;12346;120;1;1672694727937;0.0
APPROXIMATION;12348;120;1;1672694727937;0.0
APPROXIMATION;12351;120;1;1672694727937;0.0
APPROXIMATION;12349;120;1;1672694727937;0.0
APPROXIMATION;12352;120;1;1672694727937;0.0
APPROXIMATION;12350;120;1;1672694727937;0.0
APPROXIMATION;12345;120;2;1672694727938;0.0
APPROXIMATION;12346;120;2;1672694727938;0.0
APPROXIMATION;12348;120;2;1672694727938;0.0
APPROXIMATION;12351;120;2;1672694727938;0.0
APPROXIMATION;12349;120;2;1672694727938;0.0
APPROXIMATION;12352;120;2;1672694727938;0.0
APPROXIMATION;12350;120;2;1672694727938;0.0
APPROXIMATION;12346;120;3;1672694727938;0.0
APPROXIMATION;12345;120;3;1672694727938;0.0
APPROXIMATION;12348;120;3;1672694727938;0.0
APPROXIMATION;12351;120;3;1672694727938;0.0
APPROXIMATION;12352;120;3;1672694727938;0.0
APPROXIMATION;12349;120;3;1672694727938;0.0
APPROXIMATION;12350;120;3;1672694727938;0.0
APPROXIMATION;12346;120;4;1672694727939;0.0
APPROXIMATION;12345;120;4;1672694727939;0.0
APPROXIMATION;12348;120;4;1672694727939;0.0
APPROXIMATION;12351;120;4;1672694727939;0.0
APPROXIMATION;12352;120;4;1672694727939;0.0
APPROXIMATION;12350;120;4;1672694727939;0.0
APPROXIMATION;12349;120;4;1672694727939;0.0
APPROXIMATION;12346;120;5;1672694727939;0.0
APPROXIMATION;12348;120;5;1672694727939;0.0
APPROXIMATION;12350;120;5;1672694727939;0.0
APPROXIMATION;12352;120;5;1672694727939;0.0
APPROXIMATION;12345;120;5;1672694727939;0.0
APPROXIMATION;12351;120;5;1672694727939;0.0
APPROXIMATION;12349;120;5;1672694727939;0.0
APPROXIMATION;12346;120;6;1672694727939;0.0
APPROXIMATION;12348;120;6;1672694727940;0.0
APPROXIMATION;12351;120;6;1672694727940;0.0
APPROXIMATION;12350;120;6;1672694727940;0.0
APPROXIMATION;12349;120;6;1672694727940;0.0
APPROXIMATION;12352;120;6;1672694727940;0.0
APPROXIMATION;12345;120;6;1672694727940;0.0
APPROXIMATION;12346;120;7;1672694727940;0.0
APPROXIMATION;12348;120;7;1672694727940;0.0
APPROXIMATION;12349;120;7;1672694727940;0.0
APPROXIMATION;12350;120;7;1672694727940;0.0
APPROXIMATION;12351;120;7;1672694727940;0.0
APPROXIMATION;12352;120;7;1672694727941;0.0
APPROXIMATION;12345;120;7;1672694727941;0.0
APPROXIMATION;12346;120;8;1672694727941;0.0
APPROXIMATION;12348;120;8;1672694727941;0.0
APPROXIMATION;12349;120;8;1672694727941;0.0
APPROXIMATION;12350;120;8;1672694727941;0.0
APPROXIMATION;12351;120;8;1672694727941;0.0
APPROXIMATION;12352;120;8;1672694727941;0.0
APPROXIMATION;12345;120;8;1672694727941;0.0
APPROXIMATION;12346;120;9;1672694727941;0.0
APPROXIMATION;12348;120;9;1672694727941;0.0
APPROXIMATION;12349;120;9;1672694727942;0.0
APPROXIMATION;12350;120;9;1672694727942;0.0
APPROXIMATION;12351;120;9;1672694727942;0.0
APPROXIMATION;12352;120;9;1672694727942;0.0
APPROXIMATION;12345;120;9;1672694727942;0.0
APPROXIMATION;12346;120;10;1672694727942;0.0
APPROXIMATION;12348;120;10;1672694727942;0.0
APPROXIMATION;12349;120;10;1672694727942;0.0
APPROXIMATION;12350;120;10;1672694727942;0.0
APPROXIMATION;12351;120;10;1672694727942;0.0
APPROXIMATION;12352;120;10;1672694727942;0.0
APPROXIMATION;12345;120;10;1672694727942;0.0
APPROXIMATION;12346;120;11;1672694727942;0.0
APPROXIMATION;12348;120;11;1672694727943;0.0
APPROXIMATION;12349;120;11;1672694727943;0.0
APPROXIMATION;12351;120;11;1672694727943;0.0
APPROXIMATION;12350;120;11;1672694727943;0.0
APPROXIMATION;12352;120;11;1672694727943;0.0
APPROXIMATION;12345;120;11;1672694727943;0.0
APPROXIMATION;12346;120;12;1672694727943;0.0
APPROXIMATION;12348;120;12;1672694727943;0.0
APPROXIMATION;12349;120;12;1672694727943;0.0
APPROXIMATION;12350;120;12;1672694727943;0.0
APPROXIMATION;12351;120;12;1672694727943;0.0
APPROXIMATION;12352;120;12;1672694727943;0.0
APPROXIMATION;12345;120;12;1672694727943;0.0
APPROXIMATION;12346;120;13;1672694727944;0.0
APPROXIMATION;12348;120;13;1672694727944;0.0
APPROXIMATION;12349;120;13;1672694727944;0.0
APPROXIMATION;12351;120;13;1672694727944;0.0
APPROXIMATION;12350;120;13;1672694727944;0.0
APPROXIMATION;12352;120;13;1672694727944;0.0
APPROXIMATION;12345;120;13;1672694727944;0.0
HALTED;12346;120;14;1672694727944;0.0
HALTED;12348;120;14;1672694727944;0.0
HALTED;12349;120;14;1672694727944;0.0
HALTED;12350;120;14;1672694727944;0.0
HALTED;12351;120;14;1672694727944;0.0
HALTED;12352;120;14;1672694727945;0.0
HALTED;12345;120;14;1672694727945;0.0
INITIALIZATION;12345;121;0;1672694728046;0.0
INITIALIZATION;12346;121;0;1672694728046;0.0
INITIALIZATION;12351;121;0;1672694728047;0.0
INITIALIZATION;12352;121;0;1672694728047;0.0
INITIALIZATION;12348;121;0;1672694728047;0.0
INITIALIZATION;12349;121;0;1672694728047;0.0
INITIALIZATION;12350;121;0;1672694728047;0.0
APPROXIMATION;12345;121;1;1672694728047;0.0
APPROXIMATION;12346;121;1;1672694728047;0.0
APPROXIMATION;12348;121;1;1672694728047;0.0
APPROXIMATION;12352;121;1;1672694728047;0.0
APPROXIMATION;12349;121;1;1672694728047;0.0
APPROXIMATION;12350;121;1;1672694728048;0.0
APPROXIMATION;12351;121;1;1672694728048;0.0
APPROXIMATION;12346;121;2;1672694728048;0.0
APPROXIMATION;12345;121;2;1672694728048;0.0
APPROXIMATION;12348;121;2;1672694728048;0.0
APPROXIMATION;12350;121;2;1672694728048;0.0
APPROXIMATION;12349;121;2;1672694728048;0.0
APPROXIMATION;12352;121;2;1672694728048;0.0
APPROXIMATION;12351;121;2;1672694728048;0.0
APPROXIMATION;12346;121;3;1672694728048;0.0
APPROXIMATION;12348;121;3;1672694728048;0.0
APPROXIMATION;12345;121;3;1672694728048;0.0
APPROXIMATION;12349;121;3;1672694728049;0.0
APPROXIMATION;12350;121;3;1672694728049;0.0
APPROXIMATION;12352;121;3;1672694728049;0.0
APPROXIMATION;12351;121;3;1672694728049;0.0
APPROXIMATION;12346;121;4;1672694728049;0.0
APPROXIMATION;12348;121;4;1672694728049;0.0
APPROXIMATION;12345;121;4;1672694728049;0.0
APPROXIMATION;12349;121;4;1672694728049;0.0
APPROXIMATION;12352;121;4;1672694728049;0.0
APPROXIMATION;12350;121;4;1672694728049;0.0
APPROXIMATION;12351;121;4;1672694728049;0.0
APPROXIMATION;12346;121;5;1672694728049;0.0
APPROXIMATION;12348;121;5;1672694728049;0.0
APPROXIMATION;12349;121;5;1672694728049;0.0
APPROXIMATION;12350;121;5;1672694728050;0.0
APPROXIMATION;12345;121;5;1672694728050;0.0
APPROXIMATION;12352;121;5;1672694728050;0.0
APPROXIMATION;12351;121;5;1672694728050;0.0
APPROXIMATION;12346;121;6;1672694728050;0.0
APPROXIMATION;12348;121;6;1672694728050;0.0
APPROXIMATION;12349;121;6;1672694728050;0.0
APPROXIMATION;12350;121;6;1672694728050;0.0
APPROXIMATION;12351;121;6;1672694728050;0.0
APPROXIMATION;12352;121;6;1672694728050;0.0
APPROXIMATION;12345;121;6;1672694728050;0.0
APPROXIMATION;12348;121;7;1672694728050;0.0
APPROXIMATION;12346;121;7;1672694728050;0.0
APPROXIMATION;12349;121;7;1672694728051;0.0
APPROXIMATION;12351;121;7;1672694728051;0.0
APPROXIMATION;12352;121;7;1672694728051;0.0
APPROXIMATION;12345;121;7;1672694728051;0.0
APPROXIMATION;12350;121;7;1672694728051;0.0
APPROXIMATION;12346;121;8;1672694728051;0.0
APPROXIMATION;12348;121;8;1672694728051;0.0
APPROXIMATION;12349;121;8;1672694728051;0.0
APPROXIMATION;12351;121;8;1672694728051;0.0
APPROXIMATION;12345;121;8;1672694728051;0.0
APPROXIMATION;12350;121;8;1672694728051;0.0
APPROXIMATION;12352;121;8;1672694728051;0.0
APPROXIMATION;12346;121;9;1672694728051;0.0
APPROXIMATION;12348;121;9;1672694728051;0.0
APPROXIMATION;12349;121;9;1672694728052;0.0
APPROXIMATION;12350;121;9;1672694728052;0.0
APPROXIMATION;12351;121;9;1672694728052;0.0
APPROXIMATION;12352;121;9;1672694728052;0.0
APPROXIMATION;12345;121;9;1672694728052;0.0
APPROXIMATION;12346;121;10;1672694728052;0.0
APPROXIMATION;12348;121;10;1672694728052;0.0
APPROXIMATION;12350;121;10;1672694728052;0.0
APPROXIMATION;12349;121;10;1672694728052;0.0
APPROXIMATION;12351;121;10;1672694728052;0.0
APPROXIMATION;12352;121;10;1672694728052;0.0
APPROXIMATION;12345;121;10;1672694728052;0.0
APPROXIMATION;12346;121;11;1672694728052;0.0
APPROXIMATION;12348;121;11;1672694728053;0.0
APPROXIMATION;12350;121;11;1672694728053;0.0
APPROXIMATION;12351;121;11;1672694728053;0.0
APPROXIMATION;12349;121;11;1672694728053;0.0
APPROXIMATION;12345;121;11;1672694728053;0.0
APPROXIMATION;12352;121;11;1672694728053;0.0
APPROXIMATION;12346;121;12;1672694728053;0.0
APPROXIMATION;12348;121;12;1672694728053;0.0
APPROXIMATION;12349;121;12;1672694728053;0.0
APPROXIMATION;12351;121;12;1672694728053;0.0
APPROXIMATION;12352;121;12;1672694728053;0.0
APPROXIMATION;12350;121;12;1672694728053;0.0
APPROXIMATION;12345;121;12;1672694728053;0.0
APPROXIMATION;12346;121;13;1672694728053;0.0
APPROXIMATION;12348;121;13;1672694728053;0.0
APPROXIMATION;12349;121;13;1672694728054;0.0
APPROXIMATION;12351;121;13;1672694728054;0.0
APPROXIMATION;12350;121;13;1672694728054;0.0
APPROXIMATION;12345;121;13;1672694728054;0.0
APPROXIMATION;12352;121;13;1672694728054;0.0
HALTED;12346;121;14;1672694728054;0.0
HALTED;12348;121;14;1672694728054;0.0
HALTED;12349;121;14;1672694728054;0.0
HALTED;12350;121;14;1672694728054;0.0
HALTED;12352;121;14;1672694728054;0.0
HALTED;12351;121;14;1672694728054;0.0
HALTED;12345;121;14;1672694728054;0.0
INITIALIZATION;12345;122;0;1672694728155;0.0
INITIALIZATION;12351;122;0;1672694728156;0.0
INITIALIZATION;12348;122;0;1672694728156;0.0
INITIALIZATION;12349;122;0;1672694728156;0.0
INITIALIZATION;12352;122;0;1672694728156;0.0
INITIALIZATION;12350;122;0;1672694728157;0.0
INITIALIZATION;12346;122;0;1672694728157;0.0
APPROXIMATION;12345;122;1;1672694728157;0.0
APPROXIMATION;12348;122;1;1672694728157;0.0
APPROXIMATION;12349;122;1;1672694728157;0.0
APPROXIMATION;12351;122;1;1672694728157;0.0
APPROXIMATION;12350;122;1;1672694728157;0.0
APPROXIMATION;12346;122;1;1672694728158;0.0
APPROXIMATION;12352;122;1;1672694728158;0.0
APPROXIMATION;12345;122;2;1672694728158;0.0
APPROXIMATION;12348;122;2;1672694728158;0.0
APPROXIMATION;12346;122;2;1672694728158;0.0
APPROXIMATION;12349;122;2;1672694728158;0.0
APPROXIMATION;12350;122;2;1672694728158;0.0
APPROXIMATION;12351;122;2;1672694728158;0.0
APPROXIMATION;12352;122;2;1672694728158;0.0
APPROXIMATION;12348;122;3;1672694728158;0.0
APPROXIMATION;12346;122;3;1672694728158;0.0
APPROXIMATION;12345;122;3;1672694728158;0.0
APPROXIMATION;12352;122;3;1672694728158;0.0
APPROXIMATION;12350;122;3;1672694728158;0.0
APPROXIMATION;12351;122;3;1672694728199;0.0
APPROXIMATION;12349;122;3;1672694728200;0.0
APPROXIMATION;12345;122;4;1672694728200;0.0
APPROXIMATION;12346;122;4;1672694728200;0.0
APPROXIMATION;12348;122;4;1672694728200;0.0
APPROXIMATION;12350;122;4;1672694728200;0.0
APPROXIMATION;12351;122;4;1672694728200;0.0
APPROXIMATION;12349;122;4;1672694728200;0.0
APPROXIMATION;12352;122;4;1672694728200;0.0
APPROXIMATION;12346;122;5;1672694728200;0.0
APPROXIMATION;12345;122;5;1672694728200;0.0
APPROXIMATION;12348;122;5;1672694728200;0.0
APPROXIMATION;12351;122;5;1672694728201;0.0
APPROXIMATION;12349;122;5;1672694728201;0.0
APPROXIMATION;12350;122;5;1672694728201;0.0
APPROXIMATION;12352;122;5;1672694728201;0.0
APPROXIMATION;12346;122;6;1672694728201;0.0
APPROXIMATION;12345;122;6;1672694728201;0.0
APPROXIMATION;12348;122;6;1672694728201;0.0
APPROXIMATION;12349;122;6;1672694728201;0.0
APPROXIMATION;12351;122;6;1672694728201;0.0
APPROXIMATION;12352;122;6;1672694728201;0.0
APPROXIMATION;12350;122;6;1672694728201;0.0
APPROXIMATION;12345;122;7;1672694728202;0.0
APPROXIMATION;12346;122;7;1672694728202;0.0
APPROXIMATION;12349;122;7;1672694728202;0.0
APPROXIMATION;12348;122;7;1672694728202;0.0
APPROXIMATION;12351;122;7;1672694728202;0.0
APPROXIMATION;12352;122;7;1672694728202;0.0
APPROXIMATION;12350;122;7;1672694728202;0.0
APPROXIMATION;12345;122;8;1672694728202;0.0
APPROXIMATION;12348;122;8;1672694728202;0.0
APPROXIMATION;12349;122;8;1672694728202;0.0
APPROXIMATION;12346;122;8;1672694728202;0.0
APPROXIMATION;12350;122;8;1672694728202;0.0
APPROXIMATION;12351;122;8;1672694728202;0.0
APPROXIMATION;12352;122;8;1672694728202;0.0
APPROXIMATION;12345;122;9;1672694728203;0.0
APPROXIMATION;12348;122;9;1672694728203;0.0
APPROXIMATION;12349;122;9;1672694728203;0.0
APPROXIMATION;12346;122;9;1672694728203;0.0
APPROXIMATION;12350;122;9;1672694728203;0.0
APPROXIMATION;12351;122;9;1672694728203;0.0
APPROXIMATION;12352;122;9;1672694728203;0.0
APPROXIMATION;12350;122;10;1672694728203;0.0
APPROXIMATION;12351;122;10;1672694728203;0.0
APPROXIMATION;12345;122;10;1672694728203;0.0
APPROXIMATION;12346;122;10;1672694728203;0.0
APPROXIMATION;12349;122;10;1672694728203;0.0
APPROXIMATION;12348;122;10;1672694728203;0.0
APPROXIMATION;12352;122;10;1672694728203;0.0
APPROXIMATION;12346;122;11;1672694728204;0.0
APPROXIMATION;12350;122;11;1672694728204;0.0
APPROXIMATION;12349;122;11;1672694728204;0.0
APPROXIMATION;12351;122;11;1672694728204;0.0
APPROXIMATION;12345;122;11;1672694728204;0.0
APPROXIMATION;12348;122;11;1672694728204;0.0
APPROXIMATION;12352;122;11;1672694728204;0.0
APPROXIMATION;12346;122;12;1672694728204;0.0
APPROXIMATION;12349;122;12;1672694728204;0.0
APPROXIMATION;12350;122;12;1672694728204;0.0
APPROXIMATION;12351;122;12;1672694728204;0.0
APPROXIMATION;12345;122;12;1672694728204;0.0
APPROXIMATION;12348;122;12;1672694728204;0.0
APPROXIMATION;12352;122;12;1672694728204;0.0
APPROXIMATION;12346;122;13;1672694728204;0.0
APPROXIMATION;12349;122;13;1672694728204;0.0
APPROXIMATION;12350;122;13;1672694728204;0.0
APPROXIMATION;12351;122;13;1672694728204;0.0
APPROXIMATION;12345;122;13;1672694728205;0.0
APPROXIMATION;12348;122;13;1672694728205;0.0
APPROXIMATION;12352;122;13;1672694728205;0.0
HALTED;12346;122;14;1672694728205;0.0
HALTED;12349;122;14;1672694728205;0.0
HALTED;12348;122;14;1672694728205;0.0
HALTED;12350;122;14;1672694728205;0.0
HALTED;12351;122;14;1672694728205;0.0
HALTED;12345;122;14;1672694728205;0.0
HALTED;12352;122;14;1672694728205;0.0
INITIALIZATION;12345;123;0;1672694728306;0.0
INITIALIZATION;12346;123;0;1672694728307;0.0
INITIALIZATION;12348;123;0;1672694728307;0.0
INITIALIZATION;12351;123;0;1672694728307;0.0
INITIALIZATION;12352;123;0;1672694728308;0.0
INITIALIZATION;12349;123;0;1672694728308;0.0
INITIALIZATION;12350;123;0;1672694728308;0.0
APPROXIMATION;12345;123;1;1672694728308;0.0
APPROXIMATION;12346;123;1;1672694728309;0.0
APPROXIMATION;12348;123;1;1672694728309;0.0
APPROXIMATION;12350;123;1;1672694728309;0.0
APPROXIMATION;12351;123;1;1672694728309;0.0
APPROXIMATION;12352;123;1;1672694728309;0.0
APPROXIMATION;12349;123;1;1672694728309;0.0
APPROXIMATION;12345;123;2;1672694728309;0.0
APPROXIMATION;12346;123;2;1672694728309;0.0
APPROXIMATION;12348;123;2;1672694728309;0.0
APPROXIMATION;12351;123;2;1672694728310;0.0
APPROXIMATION;12352;123;2;1672694728310;0.0
APPROXIMATION;12349;123;2;1672694728310;0.0
APPROXIMATION;12345;123;3;1672694728310;0.0
APPROXIMATION;12350;123;2;1672694728310;0.0
APPROXIMATION;12346;123;3;1672694728310;0.0
APPROXIMATION;12348;123;3;1672694728310;0.0
APPROXIMATION;12349;123;3;1672694728310;0.0
APPROXIMATION;12352;123;3;1672694728310;0.0
APPROXIMATION;12351;123;3;1672694728311;0.0
APPROXIMATION;12350;123;3;1672694728311;0.0
APPROXIMATION;12345;123;4;1672694728311;0.0
APPROXIMATION;12346;123;4;1672694728311;0.0
APPROXIMATION;12348;123;4;1672694728311;0.0
APPROXIMATION;12349;123;4;1672694728311;0.0
APPROXIMATION;12351;123;4;1672694728311;0.0
APPROXIMATION;12352;123;4;1672694728311;0.0
APPROXIMATION;12350;123;4;1672694728311;0.0
APPROXIMATION;12346;123;5;1672694728311;0.0
APPROXIMATION;12349;123;5;1672694728312;0.0
APPROXIMATION;12345;123;5;1672694728312;0.0
APPROXIMATION;12348;123;5;1672694728312;0.0
APPROXIMATION;12351;123;5;1672694728312;0.0
APPROXIMATION;12350;123;5;1672694728312;0.0
APPROXIMATION;12352;123;5;1672694728312;0.0
APPROXIMATION;12346;123;6;1672694728312;0.0
APPROXIMATION;12349;123;6;1672694728312;0.0
APPROXIMATION;12350;123;6;1672694728312;0.0
APPROXIMATION;12351;123;6;1672694728312;0.0
APPROXIMATION;12348;123;6;1672694728312;0.0
APPROXIMATION;12352;123;6;1672694728312;0.0
APPROXIMATION;12345;123;6;1672694728312;0.0
APPROXIMATION;12346;123;7;1672694728312;0.0
APPROXIMATION;12348;123;7;1672694728313;0.0
APPROXIMATION;12349;123;7;1672694728313;0.0
APPROXIMATION;12350;123;7;1672694728313;0.0
APPROXIMATION;12351;123;7;1672694728313;0.0
APPROXIMATION;12352;123;7;1672694728313;0.0
APPROXIMATION;12345;123;7;1672694728313;0.0
APPROXIMATION;12346;123;8;1672694728313;0.0
APPROXIMATION;12348;123;8;1672694728313;0.0
APPROXIMATION;12349;123;8;1672694728313;0.0
APPROXIMATION;12350;123;8;1672694728313;0.0
APPROXIMATION;12351;123;8;1672694728313;0.0
APPROXIMATION;12352;123;8;1672694728313;0.0
APPROXIMATION;12345;123;8;1672694728313;0.0
APPROXIMATION;12346;123;9;1672694728313;0.0
APPROXIMATION;12348;123;9;1672694728314;0.0
APPROXIMATION;12349;123;9;1672694728314;0.0
APPROXIMATION;12350;123;9;1672694728314;0.0
APPROXIMATION;12351;123;9;1672694728314;0.0
APPROXIMATION;12352;123;9;1672694728314;0.0
APPROXIMATION;12345;123;9;1672694728314;0.0
APPROXIMATION;12346;123;10;1672694728314;0.0
APPROXIMATION;12348;123;10;1672694728314;0.0
APPROXIMATION;12349;123;10;1672694728314;0.0
APPROXIMATION;12350;123;10;1672694728314;0.0
APPROXIMATION;12351;123;10;1672694728314;0.0
APPROXIMATION;12352;123;10;1672694728314;0.0
APPROXIMATION;12345;123;10;1672694728314;0.0
APPROXIMATION;12346;123;11;1672694728315;0.0
APPROXIMATION;12348;123;11;1672694728315;0.0
APPROXIMATION;12349;123;11;1672694728315;0.0
APPROXIMATION;12350;123;11;1672694728315;0.0
APPROXIMATION;12351;123;11;1672694728315;0.0
APPROXIMATION;12352;123;11;1672694728315;0.0
APPROXIMATION;12345;123;11;1672694728315;0.0
APPROXIMATION;12346;123;12;1672694728315;0.0
APPROXIMATION;12348;123;12;1672694728315;0.0
APPROXIMATION;12349;123;12;1672694728315;0.0
APPROXIMATION;12350;123;12;1672694728315;0.0
APPROXIMATION;12351;123;12;1672694728315;0.0
APPROXIMATION;12352;123;12;1672694728316;0.0
APPROXIMATION;12345;123;12;1672694728316;0.0
APPROXIMATION;12346;123;13;1672694728316;0.0
APPROXIMATION;12348;123;13;1672694728316;0.0
APPROXIMATION;12349;123;13;1672694728316;0.0
APPROXIMATION;12350;123;13;1672694728316;0.0
APPROXIMATION;12351;123;13;1672694728316;0.0
APPROXIMATION;12352;123;13;1672694728316;0.0
APPROXIMATION;12345;123;13;1672694728316;0.0
HALTED;12346;123;14;1672694728316;0.0
HALTED;12348;123;14;1672694728316;0.0
HALTED;12349;123;14;1672694728316;0.0
HALTED;12350;123;14;1672694728317;0.0
HALTED;12351;123;14;1672694728317;0.0
HALTED;12352;123;14;1672694728317;0.0
HALTED;12345;123;14;1672694728317;0.0
INITIALIZATION;12345;124;0;1672694728418;0.0
INITIALIZATION;12346;124;0;1672694728419;0.0
INITIALIZATION;12351;124;0;1672694728419;0.0
INITIALIZATION;12348;124;0;1672694728419;0.0
INITIALIZATION;12349;124;0;1672694728419;0.0
INITIALIZATION;12350;124;0;1672694728419;0.0
INITIALIZATION;12352;124;0;1672694728419;0.0
APPROXIMATION;12345;124;1;1672694728419;0.0
APPROXIMATION;12346;124;1;1672694728419;0.0
APPROXIMATION;12348;124;1;1672694728420;0.0
APPROXIMATION;12350;124;1;1672694728420;0.0
APPROXIMATION;12351;124;1;1672694728420;0.0
APPROXIMATION;12349;124;1;1672694728420;0.0
APPROXIMATION;12352;124;1;1672694728420;0.0
APPROXIMATION;12345;124;2;1672694728420;0.0
APPROXIMATION;12346;124;2;1672694728420;0.0
APPROXIMATION;12350;124;2;1672694728420;0.0
APPROXIMATION;12348;124;2;1672694728420;0.0
APPROXIMATION;12351;124;2;1672694728420;0.0
APPROXIMATION;12349;124;2;1672694728420;0.0
APPROXIMATION;12352;124;2;1672694728421;0.0
APPROXIMATION;12345;124;3;1672694728421;0.0
APPROXIMATION;12346;124;3;1672694728421;0.0
APPROXIMATION;12348;124;3;1672694728421;0.0
APPROXIMATION;12350;124;3;1672694728421;0.0
APPROXIMATION;12349;124;3;1672694728421;0.0
APPROXIMATION;12352;124;3;1672694728470;0.0
APPROXIMATION;12351;124;3;1672694728470;0.0
APPROXIMATION;12345;124;4;1672694728470;0.0
APPROXIMATION;12346;124;4;1672694728470;0.0
APPROXIMATION;12348;124;4;1672694728470;0.0
APPROXIMATION;12349;124;4;1672694728470;0.0
APPROXIMATION;12351;124;4;1672694728470;0.0
APPROXIMATION;12350;124;4;1672694728470;0.0
APPROXIMATION;12352;124;4;1672694728470;0.0
APPROXIMATION;12345;124;5;1672694728470;0.0
APPROXIMATION;12348;124;5;1672694728471;0.0
APPROXIMATION;12346;124;5;1672694728471;0.0
APPROXIMATION;12351;124;5;1672694728471;0.0
APPROXIMATION;12352;124;5;1672694728471;0.0
APPROXIMATION;12350;124;5;1672694728471;0.0
APPROXIMATION;12349;124;5;1672694728471;0.0
APPROXIMATION;12348;124;6;1672694728471;0.0
APPROXIMATION;12345;124;6;1672694728471;0.0
APPROXIMATION;12351;124;6;1672694728471;0.0
APPROXIMATION;12350;124;6;1672694728471;0.0
APPROXIMATION;12352;124;6;1672694728471;0.0
APPROXIMATION;12349;124;6;1672694728471;0.0
APPROXIMATION;12346;124;6;1672694728471;0.0
APPROXIMATION;12348;124;7;1672694728472;0.0
APPROXIMATION;12345;124;7;1672694728472;0.0
APPROXIMATION;12351;124;7;1672694728472;0.0
APPROXIMATION;12352;124;7;1672694728472;0.0
APPROXIMATION;12346;124;7;1672694728472;0.0
APPROXIMATION;12349;124;7;1672694728520;0.0
APPROXIMATION;12350;124;7;1672694728520;0.0
APPROXIMATION;12345;124;8;1672694728520;0.0
APPROXIMATION;12348;124;8;1672694728520;0.0
APPROXIMATION;12346;124;8;1672694728520;0.0
APPROXIMATION;12352;124;8;1672694728520;0.0
APPROXIMATION;12349;124;8;1672694728520;0.0
APPROXIMATION;12351;124;8;1672694728520;0.0
APPROXIMATION;12345;124;9;1672694728520;0.0
APPROXIMATION;12350;124;8;1672694728520;0.0
APPROXIMATION;12348;124;9;1672694728521;0.0
APPROXIMATION;12346;124;9;1672694728521;0.0
APPROXIMATION;12351;124;9;1672694728521;0.0
APPROXIMATION;12352;124;9;1672694728521;0.0
APPROXIMATION;12349;124;9;1672694728521;0.0
APPROXIMATION;12350;124;9;1672694728521;0.0
APPROXIMATION;12345;124;10;1672694728521;0.0
APPROXIMATION;12348;124;10;1672694728521;0.0
APPROXIMATION;12346;124;10;1672694728521;0.0
APPROXIMATION;12351;124;10;1672694728521;0.0
APPROXIMATION;12352;124;10;1672694728521;0.0
APPROXIMATION;12349;124;10;1672694728521;0.0
APPROXIMATION;12350;124;10;1672694728521;0.0
APPROXIMATION;12345;124;11;1672694728521;0.0
APPROXIMATION;12346;124;11;1672694728522;0.0
APPROXIMATION;12349;124;11;1672694728522;0.0
APPROXIMATION;12352;124;11;1672694728522;0.0
APPROXIMATION;12350;124;11;1672694728522;0.0
APPROXIMATION;12351;124;11;1672694728570;0.0
APPROXIMATION;12348;124;11;1672694728570;0.0
APPROXIMATION;12345;124;12;1672694728570;0.0
APPROXIMATION;12346;124;12;1672694728570;0.0
APPROXIMATION;12349;124;12;1672694728570;0.0
APPROXIMATION;12351;124;12;1672694728570;0.0
APPROXIMATION;12348;124;12;1672694728570;0.0
APPROXIMATION;12352;124;12;1672694728570;0.0
APPROXIMATION;12350;124;12;1672694728570;0.0
APPROXIMATION;12346;124;13;1672694728570;0.0
APPROXIMATION;12345;124;13;1672694728570;0.0
APPROXIMATION;12348;124;13;1672694728571;0.0
APPROXIMATION;12351;124;13;1672694728571;0.0
APPROXIMATION;12349;124;13;1672694728571;0.0
APPROXIMATION;12352;124;13;1672694728571;0.0
APPROXIMATION;12350;124;13;1672694728571;0.0
HALTED;12345;124;14;1672694728571;0.0
HALTED;12346;124;14;1672694728571;0.0
HALTED;12348;124;14;1672694728571;0.0
HALTED;12350;124;14;1672694728571;0.0
HALTED;12349;124;14;1672694728571;0.0
HALTED;12351;124;14;1672694728572;0.0
HALTED;12352;124;14;1672694728572;0.0
INITIALIZATION;12345;125;0;1672694728672;0.0
INITIALIZATION;12346;125;0;1672694728673;0.0
INITIALIZATION;12348;125;0;1672694728673;0.0
INITIALIZATION;12349;125;0;1672694728673;0.0
INITIALIZATION;12351;125;0;1672694728673;0.0
INITIALIZATION;12352;125;0;1672694728673;0.0
INITIALIZATION;12350;125;0;1672694728673;0.0
APPROXIMATION;12346;125;1;1672694728673;0.0
APPROXIMATION;12345;125;1;1672694728673;0.0
APPROXIMATION;12348;125;1;1672694728674;0.0
APPROXIMATION;12351;125;1;1672694728674;0.0
APPROXIMATION;12352;125;1;1672694728674;0.0
APPROXIMATION;12349;125;1;1672694728674;0.0
APPROXIMATION;12350;125;1;1672694728674;0.0
APPROXIMATION;12346;125;2;1672694728674;0.0
APPROXIMATION;12345;125;2;1672694728674;0.0
APPROXIMATION;12348;125;2;1672694728674;0.0
APPROXIMATION;12351;125;2;1672694728674;0.0
APPROXIMATION;12349;125;2;1672694728674;0.0
APPROXIMATION;12350;125;2;1672694728674;0.0
APPROXIMATION;12352;125;2;1672694728674;0.0
APPROXIMATION;12346;125;3;1672694728675;0.0
APPROXIMATION;12348;125;3;1672694728675;0.0
APPROXIMATION;12350;125;3;1672694728675;0.0
APPROXIMATION;12351;125;3;1672694728675;0.0
APPROXIMATION;12352;125;3;1672694728675;0.0
APPROXIMATION;12345;125;3;1672694728675;0.0
APPROXIMATION;12349;125;3;1672694728675;0.0
APPROXIMATION;12346;125;4;1672694728675;0.0
APPROXIMATION;12348;125;4;1672694728675;0.0
APPROXIMATION;12349;125;4;1672694728675;0.0
APPROXIMATION;12350;125;4;1672694728675;0.0
APPROXIMATION;12351;125;4;1672694728675;0.0
APPROXIMATION;12352;125;4;1672694728675;0.0
APPROXIMATION;12345;125;4;1672694728675;0.0
APPROXIMATION;12346;125;5;1672694728675;0.0
APPROXIMATION;12348;125;5;1672694728676;0.0
APPROXIMATION;12349;125;5;1672694728676;0.0
APPROXIMATION;12350;125;5;1672694728676;0.0
APPROXIMATION;12351;125;5;1672694728676;0.0
APPROXIMATION;12352;125;5;1672694728676;0.0
APPROXIMATION;12345;125;5;1672694728676;0.0
APPROXIMATION;12346;125;6;1672694728676;0.0
APPROXIMATION;12348;125;6;1672694728676;0.0
APPROXIMATION;12349;125;6;1672694728676;0.0
APPROXIMATION;12350;125;6;1672694728676;0.0
APPROXIMATION;12351;125;6;1672694728676;0.0
APPROXIMATION;12352;125;6;1672694728677;0.0
APPROXIMATION;12345;125;6;1672694728677;0.0
APPROXIMATION;12346;125;7;1672694728677;0.0
APPROXIMATION;12348;125;7;1672694728677;0.0
APPROXIMATION;12349;125;7;1672694728677;0.0
APPROXIMATION;12350;125;7;1672694728677;0.0
APPROXIMATION;12351;125;7;1672694728677;0.0
APPROXIMATION;12352;125;7;1672694728677;0.0
APPROXIMATION;12345;125;7;1672694728677;0.0
APPROXIMATION;12346;125;8;1672694728677;0.0
APPROXIMATION;12348;125;8;1672694728677;0.0
APPROXIMATION;12349;125;8;1672694728678;0.0
APPROXIMATION;12351;125;8;1672694728678;0.0
APPROXIMATION;12352;125;8;1672694728678;0.0
APPROXIMATION;12350;125;8;1672694728678;0.0
APPROXIMATION;12345;125;8;1672694728678;0.0
APPROXIMATION;12346;125;9;1672694728678;0.0
APPROXIMATION;12348;125;9;1672694728678;0.0
APPROXIMATION;12349;125;9;1672694728678;0.0
APPROXIMATION;12350;125;9;1672694728678;0.0
APPROXIMATION;12351;125;9;1672694728678;0.0
APPROXIMATION;12352;125;9;1672694728678;0.0
APPROXIMATION;12345;125;9;1672694728678;0.0
APPROXIMATION;12346;125;10;1672694728678;0.0
APPROXIMATION;12348;125;10;1672694728679;0.0
APPROXIMATION;12349;125;10;1672694728679;0.0
APPROXIMATION;12350;125;10;1672694728679;0.0
APPROXIMATION;12351;125;10;1672694728679;0.0
APPROXIMATION;12352;125;10;1672694728679;0.0
APPROXIMATION;12345;125;10;1672694728679;0.0
APPROXIMATION;12346;125;11;1672694728679;0.0
APPROXIMATION;12348;125;11;1672694728679;0.0
APPROXIMATION;12349;125;11;1672694728679;0.0
APPROXIMATION;12350;125;11;1672694728679;0.0
APPROXIMATION;12351;125;11;1672694728679;0.0
APPROXIMATION;12352;125;11;1672694728679;0.0
APPROXIMATION;12345;125;11;1672694728680;0.0
APPROXIMATION;12346;125;12;1672694728680;0.0
APPROXIMATION;12348;125;12;1672694728680;0.0
APPROXIMATION;12349;125;12;1672694728680;0.0
APPROXIMATION;12350;125;12;1672694728680;0.0
APPROXIMATION;12351;125;12;1672694728680;0.0
APPROXIMATION;12352;125;12;1672694728680;0.0
APPROXIMATION;12345;125;12;1672694728680;0.0
APPROXIMATION;12346;125;13;1672694728680;0.0
APPROXIMATION;12348;125;13;1672694728680;0.0
APPROXIMATION;12349;125;13;1672694728680;0.0
APPROXIMATION;12350;125;13;1672694728680;0.0
APPROXIMATION;12351;125;13;1672694728681;0.0
APPROXIMATION;12352;125;13;1672694728681;0.0
APPROXIMATION;12345;125;13;1672694728681;0.0
HALTED;12346;125;14;1672694728681;0.0
HALTED;12348;125;14;1672694728681;0.0
HALTED;12349;125;14;1672694728681;0.0
HALTED;12350;125;14;1672694728681;0.0
HALTED;12351;125;14;1672694728681;0.0
HALTED;12352;125;14;1672694728681;0.0
HALTED;12345;125;14;1672694728681;0.0
INITIALIZATION;12345;126;0;1672694728782;0.0
INITIALIZATION;12346;126;0;1672694728783;0.0
INITIALIZATION;12348;126;0;1672694728783;0.0
INITIALIZATION;12349;126;0;1672694728783;0.0
INITIALIZATION;12350;126;0;1672694728783;0.0
INITIALIZATION;12351;126;0;1672694728783;0.0
INITIALIZATION;12352;126;0;1672694728783;0.0
APPROXIMATION;12346;126;1;1672694728783;0.0
APPROXIMATION;12345;126;1;1672694728783;0.0
APPROXIMATION;12348;126;1;1672694728783;0.0
APPROXIMATION;12349;126;1;1672694728784;0.0
APPROXIMATION;12352;126;1;1672694728784;0.0
APPROXIMATION;12351;126;1;1672694728784;0.0
APPROXIMATION;12350;126;1;1672694728784;0.0
APPROXIMATION;12346;126;2;1672694728784;0.0
APPROXIMATION;12348;126;2;1672694728784;0.0
APPROXIMATION;12349;126;2;1672694728784;0.0
APPROXIMATION;12351;126;2;1672694728784;0.0
APPROXIMATION;12352;126;2;1672694728784;0.0
APPROXIMATION;12350;126;2;1672694728784;0.0
APPROXIMATION;12346;126;3;1672694728784;0.0
APPROXIMATION;12348;126;3;1672694728784;0.0
APPROXIMATION;12351;126;3;1672694728784;0.0
APPROXIMATION;12349;126;3;1672694728784;0.0
APPROXIMATION;12350;126;3;1672694728785;0.0
APPROXIMATION;12352;126;3;1672694728785;0.0
APPROXIMATION;12345;126;2;1672694728829;0.0
APPROXIMATION;12345;126;3;1672694728830;0.0
APPROXIMATION;12346;126;4;1672694728830;0.0
APPROXIMATION;12348;126;4;1672694728830;0.0
APPROXIMATION;12349;126;4;1672694728830;0.0
APPROXIMATION;12350;126;4;1672694728830;0.0
APPROXIMATION;12345;126;4;1672694728830;0.0
APPROXIMATION;12352;126;4;1672694728830;0.0
APPROXIMATION;12351;126;4;1672694728830;0.0
APPROXIMATION;12348;126;5;1672694728831;0.0
APPROXIMATION;12345;126;5;1672694728831;0.0
APPROXIMATION;12349;126;5;1672694728831;0.0
APPROXIMATION;12352;126;5;1672694728831;0.0
APPROXIMATION;12350;126;5;1672694728831;0.0
APPROXIMATION;12346;126;5;1672694728831;0.0
APPROXIMATION;12351;126;5;1672694728831;0.0
APPROXIMATION;12346;126;6;1672694728831;0.0
APPROXIMATION;12349;126;6;1672694728831;0.0
APPROXIMATION;12351;126;6;1672694728831;0.0
APPROXIMATION;12348;126;6;1672694728831;0.0
APPROXIMATION;12350;126;6;1672694728831;0.0
APPROXIMATION;12345;126;6;1672694728831;0.0
APPROXIMATION;12352;126;6;1672694728832;0.0
APPROXIMATION;12345;126;7;1672694728832;0.0
APPROXIMATION;12349;126;7;1672694728832;0.0
APPROXIMATION;12351;126;7;1672694728832;0.0
APPROXIMATION;12346;126;7;1672694728832;0.0
APPROXIMATION;12352;126;7;1672694728832;0.0
APPROXIMATION;12350;126;7;1672694728880;0.0
APPROXIMATION;12348;126;7;1672694728880;0.0
APPROXIMATION;12346;126;8;1672694728880;0.0
APPROXIMATION;12345;126;8;1672694728880;0.0
APPROXIMATION;12349;126;8;1672694728881;0.0
APPROXIMATION;12348;126;8;1672694728881;0.0
APPROXIMATION;12350;126;8;1672694728881;0.0
APPROXIMATION;12352;126;8;1672694728882;0.0
APPROXIMATION;12351;126;8;1672694728882;0.0
APPROXIMATION;12345;126;9;1672694728882;0.0
APPROXIMATION;12346;126;9;1672694728883;0.0
APPROXIMATION;12349;126;9;1672694728883;0.0
APPROXIMATION;12352;126;9;1672694728884;0.0
APPROXIMATION;12345;126;10;1672694728884;0.0
APPROXIMATION;12348;126;9;1672694728884;0.0
APPROXIMATION;12351;126;9;1672694728884;0.0
APPROXIMATION;12350;126;9;1672694728885;0.0
APPROXIMATION;12349;126;10;1672694728885;0.0
APPROXIMATION;12346;126;10;1672694728885;0.0
APPROXIMATION;12348;126;10;1672694728886;0.0
APPROXIMATION;12352;126;10;1672694728886;0.0
APPROXIMATION;12350;126;10;1672694728886;0.0
APPROXIMATION;12345;126;11;1672694728886;0.0
APPROXIMATION;12346;126;11;1672694728887;0.0
APPROXIMATION;12351;126;10;1672694728887;0.0
APPROXIMATION;12349;126;11;1672694728888;0.0
APPROXIMATION;12352;126;11;1672694728888;0.0
APPROXIMATION;12348;126;11;1672694728888;0.0
APPROXIMATION;12345;126;12;1672694728889;0.0
APPROXIMATION;12350;126;11;1672694728889;0.0
APPROXIMATION;12346;126;12;1672694728889;0.0
APPROXIMATION;12351;126;11;1672694728889;0.0
APPROXIMATION;12349;126;12;1672694728889;0.0
APPROXIMATION;12352;126;12;1672694728890;0.0
APPROXIMATION;12348;126;12;1672694728890;0.0
APPROXIMATION;12350;126;12;1672694728890;0.0
APPROXIMATION;12345;126;13;1672694728890;0.0
APPROXIMATION;12346;126;13;1672694728890;0.0
APPROXIMATION;12351;126;12;1672694728890;0.0
APPROXIMATION;12349;126;13;1672694728890;0.0
APPROXIMATION;12348;126;13;1672694728890;0.0
APPROXIMATION;12352;126;13;1672694728890;0.0
HALTED;12346;126;14;1672694728891;0.0
APPROXIMATION;12350;126;13;1672694728891;0.0
APPROXIMATION;12351;126;13;1672694728891;0.0
HALTED;12349;126;14;1672694728891;0.0
HALTED;12345;126;14;1672694728891;0.0
HALTED;12352;126;14;1672694728891;0.0
HALTED;12348;126;14;1672694728891;0.0
HALTED;12350;126;14;1672694728891;0.0
HALTED;12351;126;14;1672694728891;0.0
INITIALIZATION;12345;127;0;1672694728992;0.0
INITIALIZATION;12346;127;0;1672694728992;0.0
INITIALIZATION;12349;127;0;1672694728993;0.0
INITIALIZATION;12351;127;0;1672694728993;0.0
INITIALIZATION;12352;127;0;1672694728993;0.0
INITIALIZATION;12348;127;0;1672694728993;0.0
INITIALIZATION;12350;127;0;1672694728993;0.0
APPROXIMATION;12345;127;1;1672694728993;0.0
APPROXIMATION;12346;127;1;1672694728993;0.0
APPROXIMATION;12349;127;1;1672694728993;0.0
APPROXIMATION;12348;127;1;1672694728994;0.0
APPROXIMATION;12350;127;1;1672694728994;0.0
APPROXIMATION;12352;127;1;1672694728994;0.0
APPROXIMATION;12351;127;1;1672694728994;0.0
APPROXIMATION;12346;127;2;1672694728994;0.0
APPROXIMATION;12348;127;2;1672694728994;0.0
APPROXIMATION;12351;127;2;1672694728994;0.0
APPROXIMATION;12345;127;2;1672694728994;0.0
APPROXIMATION;12349;127;2;1672694728994;0.0
APPROXIMATION;12350;127;2;1672694728994;0.0
APPROXIMATION;12352;127;2;1672694728994;0.0
APPROXIMATION;12346;127;3;1672694728995;0.0
APPROXIMATION;12350;127;3;1672694728995;0.0
APPROXIMATION;12352;127;3;1672694728995;0.0
APPROXIMATION;12351;127;3;1672694729040;0.0
APPROXIMATION;12345;127;3;1672694729040;0.0
APPROXIMATION;12349;127;3;1672694729040;0.0
APPROXIMATION;12348;127;3;1672694729040;0.0
APPROXIMATION;12346;127;4;1672694729040;0.0
APPROXIMATION;12350;127;4;1672694729040;0.0
APPROXIMATION;12349;127;4;1672694729040;0.0
APPROXIMATION;12348;127;4;1672694729040;0.0
APPROXIMATION;12352;127;4;1672694729040;0.0
APPROXIMATION;12351;127;4;1672694729040;0.0
APPROXIMATION;12345;127;4;1672694729040;0.0
APPROXIMATION;12346;127;5;1672694729040;0.0
APPROXIMATION;12348;127;5;1672694729040;0.0
APPROXIMATION;12345;127;5;1672694729041;0.0
APPROXIMATION;12352;127;5;1672694729041;0.0
APPROXIMATION;12350;127;5;1672694729041;0.0
APPROXIMATION;12351;127;5;1672694729041;0.0
APPROXIMATION;12349;127;5;1672694729041;0.0
APPROXIMATION;12345;127;6;1672694729041;0.0
APPROXIMATION;12346;127;6;1672694729041;0.0
APPROXIMATION;12352;127;6;1672694729041;0.0
APPROXIMATION;12348;127;6;1672694729042;0.0
APPROXIMATION;12349;127;6;1672694729042;0.0
APPROXIMATION;12346;127;7;1672694729042;0.0
APPROXIMATION;12350;127;6;1672694729042;0.0
APPROXIMATION;12351;127;6;1672694729042;0.0
APPROXIMATION;12345;127;7;1672694729042;0.0
APPROXIMATION;12348;127;7;1672694729042;0.0
APPROXIMATION;12352;127;7;1672694729042;0.0
APPROXIMATION;12349;127;7;1672694729042;0.0
APPROXIMATION;12350;127;7;1672694729042;0.0
APPROXIMATION;12346;127;8;1672694729042;0.0
APPROXIMATION;12351;127;7;1672694729042;0.0
APPROXIMATION;12345;127;8;1672694729042;0.0
APPROXIMATION;12352;127;8;1672694729042;0.0
APPROXIMATION;12348;127;8;1672694729042;0.0
APPROXIMATION;12349;127;8;1672694729043;0.0
APPROXIMATION;12350;127;8;1672694729043;0.0
APPROXIMATION;12351;127;8;1672694729043;0.0
APPROXIMATION;12346;127;9;1672694729043;0.0
APPROXIMATION;12345;127;9;1672694729043;0.0
APPROXIMATION;12352;127;9;1672694729043;0.0
APPROXIMATION;12348;127;9;1672694729043;0.0
APPROXIMATION;12349;127;9;1672694729043;0.0
APPROXIMATION;12350;127;9;1672694729043;0.0
APPROXIMATION;12346;127;10;1672694729043;0.0
APPROXIMATION;12351;127;9;1672694729043;0.0
APPROXIMATION;12345;127;10;1672694729043;0.0
APPROXIMATION;12348;127;10;1672694729043;0.0
APPROXIMATION;12352;127;10;1672694729043;0.0
APPROXIMATION;12349;127;10;1672694729043;0.0
APPROXIMATION;12350;127;10;1672694729043;0.0
APPROXIMATION;12351;127;10;1672694729043;0.0
APPROXIMATION;12346;127;11;1672694729043;0.0
APPROXIMATION;12345;127;11;1672694729043;0.0
APPROXIMATION;12348;127;11;1672694729044;0.0
APPROXIMATION;12349;127;11;1672694729044;0.0
APPROXIMATION;12350;127;11;1672694729044;0.0
APPROXIMATION;12352;127;11;1672694729044;0.0
APPROXIMATION;12351;127;11;1672694729044;0.0
APPROXIMATION;12346;127;12;1672694729044;0.0
APPROXIMATION;12345;127;12;1672694729044;0.0
APPROXIMATION;12348;127;12;1672694729044;0.0
APPROXIMATION;12352;127;12;1672694729044;0.0
APPROXIMATION;12350;127;12;1672694729044;0.0
APPROXIMATION;12351;127;12;1672694729044;0.0
APPROXIMATION;12349;127;12;1672694729044;0.0
APPROXIMATION;12346;127;13;1672694729044;0.0
APPROXIMATION;12348;127;13;1672694729044;0.0
APPROXIMATION;12350;127;13;1672694729044;0.0
APPROXIMATION;12351;127;13;1672694729045;0.0
APPROXIMATION;12349;127;13;1672694729045;0.0
APPROXIMATION;12345;127;13;1672694729045;0.0
APPROXIMATION;12352;127;13;1672694729045;0.0
HALTED;12346;127;14;1672694729045;0.0
HALTED;12348;127;14;1672694729045;0.0
HALTED;12349;127;14;1672694729045;0.0
HALTED;12350;127;14;1672694729045;0.0
HALTED;12351;127;14;1672694729045;0.0
HALTED;12345;127;14;1672694729045;0.0
HALTED;12352;127;14;1672694729045;0.0
INITIALIZATION;12345;128;0;1672694729146;0.0
INITIALIZATION;12346;128;0;1672694729147;0.0
INITIALIZATION;12351;128;0;1672694729147;0.0
INITIALIZATION;12348;128;0;1672694729147;0.0
INITIALIZATION;12349;128;0;1672694729148;0.0
INITIALIZATION;12350;128;0;1672694729148;0.0
INITIALIZATION;12352;128;0;1672694729148;0.0
APPROXIMATION;12345;128;1;1672694729148;0.0
APPROXIMATION;12346;128;1;1672694729148;0.0
APPROXIMATION;12348;128;1;1672694729148;0.0
APPROXIMATION;12349;128;1;1672694729148;0.0
APPROXIMATION;12352;128;1;1672694729148;0.0
APPROXIMATION;12351;128;1;1672694729148;0.0
APPROXIMATION;12350;128;1;1672694729148;0.0
APPROXIMATION;12346;128;2;1672694729149;0.0
APPROXIMATION;12345;128;2;1672694729149;0.0
APPROXIMATION;12348;128;2;1672694729149;0.0
APPROXIMATION;12351;128;2;1672694729149;0.0
APPROXIMATION;12350;128;2;1672694729149;0.0
APPROXIMATION;12349;128;2;1672694729149;0.0
APPROXIMATION;12352;128;2;1672694729149;0.0
APPROXIMATION;12346;128;3;1672694729149;0.0
APPROXIMATION;12348;128;3;1672694729149;0.0
APPROXIMATION;12345;128;3;1672694729149;0.0
APPROXIMATION;12349;128;3;1672694729149;0.0
APPROXIMATION;12350;128;3;1672694729150;0.0
APPROXIMATION;12351;128;3;1672694729150;0.0
APPROXIMATION;12352;128;3;1672694729150;0.0
APPROXIMATION;12345;128;4;1672694729150;0.0
APPROXIMATION;12346;128;4;1672694729150;0.0
APPROXIMATION;12348;128;4;1672694729150;0.0
APPROXIMATION;12349;128;4;1672694729150;0.0
APPROXIMATION;12350;128;4;1672694729150;0.0
APPROXIMATION;12352;128;4;1672694729150;0.0
APPROXIMATION;12351;128;4;1672694729150;0.0
APPROXIMATION;12346;128;5;1672694729151;0.0
APPROXIMATION;12348;128;5;1672694729151;0.0
APPROXIMATION;12350;128;5;1672694729151;0.0
APPROXIMATION;12349;128;5;1672694729151;0.0
APPROXIMATION;12352;128;5;1672694729151;0.0
APPROXIMATION;12345;128;5;1672694729151;0.0
APPROXIMATION;12351;128;5;1672694729151;0.0
APPROXIMATION;12346;128;6;1672694729151;0.0
APPROXIMATION;12348;128;6;1672694729151;0.0
APPROXIMATION;12349;128;6;1672694729151;0.0
APPROXIMATION;12350;128;6;1672694729151;0.0
APPROXIMATION;12351;128;6;1672694729151;0.0
APPROXIMATION;12352;128;6;1672694729151;0.0
APPROXIMATION;12345;128;6;1672694729151;0.0
APPROXIMATION;12346;128;7;1672694729152;0.0
APPROXIMATION;12348;128;7;1672694729152;0.0
APPROXIMATION;12349;128;7;1672694729152;0.0
APPROXIMATION;12350;128;7;1672694729152;0.0
APPROXIMATION;12351;128;7;1672694729152;0.0
APPROXIMATION;12352;128;7;1672694729152;0.0
APPROXIMATION;12345;128;7;1672694729152;0.0
APPROXIMATION;12346;128;8;1672694729152;0.0
APPROXIMATION;12348;128;8;1672694729152;0.0
APPROXIMATION;12349;128;8;1672694729152;0.0
APPROXIMATION;12350;128;8;1672694729152;0.0
APPROXIMATION;12351;128;8;1672694729152;0.0
APPROXIMATION;12352;128;8;1672694729152;0.0
APPROXIMATION;12345;128;8;1672694729152;0.0
APPROXIMATION;12346;128;9;1672694729153;0.0
APPROXIMATION;12348;128;9;1672694729153;0.0
APPROXIMATION;12349;128;9;1672694729153;0.0
APPROXIMATION;12350;128;9;1672694729153;0.0
APPROXIMATION;12351;128;9;1672694729153;0.0
APPROXIMATION;12352;128;9;1672694729153;0.0
APPROXIMATION;12345;128;9;1672694729153;0.0
APPROXIMATION;12346;128;10;1672694729153;0.0
APPROXIMATION;12348;128;10;1672694729153;0.0
APPROXIMATION;12349;128;10;1672694729153;0.0
APPROXIMATION;12350;128;10;1672694729153;0.0
APPROXIMATION;12351;128;10;1672694729153;0.0
APPROXIMATION;12352;128;10;1672694729153;0.0
APPROXIMATION;12345;128;10;1672694729154;0.0
APPROXIMATION;12346;128;11;1672694729154;0.0
APPROXIMATION;12348;128;11;1672694729154;0.0
APPROXIMATION;12349;128;11;1672694729154;0.0
APPROXIMATION;12350;128;11;1672694729154;0.0
APPROXIMATION;12351;128;11;1672694729154;0.0
APPROXIMATION;12352;128;11;1672694729154;0.0
APPROXIMATION;12345;128;11;1672694729154;0.0
APPROXIMATION;12346;128;12;1672694729154;0.0
APPROXIMATION;12348;128;12;1672694729154;0.0
APPROXIMATION;12349;128;12;1672694729155;0.0
APPROXIMATION;12350;128;12;1672694729155;0.0
APPROXIMATION;12351;128;12;1672694729155;0.0
APPROXIMATION;12352;128;12;1672694729155;0.0
APPROXIMATION;12345;128;12;1672694729155;0.0
APPROXIMATION;12346;128;13;1672694729155;0.0
APPROXIMATION;12348;128;13;1672694729155;0.0
APPROXIMATION;12349;128;13;1672694729155;0.0
APPROXIMATION;12350;128;13;1672694729155;0.0
APPROXIMATION;12351;128;13;1672694729155;0.0
APPROXIMATION;12352;128;13;1672694729155;0.0
APPROXIMATION;12345;128;13;1672694729155;0.0
HALTED;12346;128;14;1672694729155;0.0
HALTED;12348;128;14;1672694729156;0.0
HALTED;12349;128;14;1672694729156;0.0
HALTED;12350;128;14;1672694729156;0.0
HALTED;12351;128;14;1672694729156;0.0
HALTED;12345;128;14;1672694729156;0.0
HALTED;12352;128;14;1672694729156;0.0
INITIALIZATION;12345;129;0;1672694729257;0.0
INITIALIZATION;12346;129;0;1672694729258;0.0
INITIALIZATION;12351;129;0;1672694729258;0.0
INITIALIZATION;12348;129;0;1672694729258;0.0
INITIALIZATION;12349;129;0;1672694729258;0.0
INITIALIZATION;12352;129;0;1672694729258;0.0
INITIALIZATION;12350;129;0;1672694729258;0.0
APPROXIMATION;12345;129;1;1672694729258;0.0
APPROXIMATION;12346;129;1;1672694729258;0.0
APPROXIMATION;12351;129;1;1672694729259;0.0
APPROXIMATION;12348;129;1;1672694729259;0.0
APPROXIMATION;12350;129;1;1672694729259;0.0
APPROXIMATION;12349;129;1;1672694729259;0.0
APPROXIMATION;12352;129;1;1672694729259;0.0
APPROXIMATION;12345;129;2;1672694729259;0.0
APPROXIMATION;12346;129;2;1672694729259;0.0
APPROXIMATION;12348;129;2;1672694729259;0.0
APPROXIMATION;12350;129;2;1672694729259;0.0
APPROXIMATION;12349;129;2;1672694729259;0.0
APPROXIMATION;12351;129;2;1672694729259;0.0
APPROXIMATION;12352;129;2;1672694729260;0.0
APPROXIMATION;12345;129;3;1672694729260;0.0
APPROXIMATION;12346;129;3;1672694729260;0.0
APPROXIMATION;12349;129;3;1672694729260;0.0
APPROXIMATION;12348;129;3;1672694729260;0.0
APPROXIMATION;12350;129;3;1672694729260;0.0
APPROXIMATION;12351;129;3;1672694729260;0.0
APPROXIMATION;12352;129;3;1672694729260;0.0
APPROXIMATION;12348;129;4;1672694729260;0.0
APPROXIMATION;12349;129;4;1672694729260;0.0
APPROXIMATION;12346;129;4;1672694729260;0.0
APPROXIMATION;12350;129;4;1672694729260;0.0
APPROXIMATION;12351;129;4;1672694729260;0.0
APPROXIMATION;12345;129;4;1672694729260;0.0
APPROXIMATION;12352;129;4;1672694729260;0.0
APPROXIMATION;12346;129;5;1672694729261;0.0
APPROXIMATION;12348;129;5;1672694729261;0.0
APPROXIMATION;12349;129;5;1672694729261;0.0
APPROXIMATION;12350;129;5;1672694729261;0.0
APPROXIMATION;12351;129;5;1672694729261;0.0
APPROXIMATION;12352;129;5;1672694729261;0.0
APPROXIMATION;12345;129;5;1672694729261;0.0
APPROXIMATION;12346;129;6;1672694729261;0.0
APPROXIMATION;12348;129;6;1672694729261;0.0
APPROXIMATION;12349;129;6;1672694729261;0.0
APPROXIMATION;12350;129;6;1672694729261;0.0
APPROXIMATION;12351;129;6;1672694729261;0.0
APPROXIMATION;12345;129;6;1672694729261;0.0
APPROXIMATION;12352;129;6;1672694729261;0.0
APPROXIMATION;12346;129;7;1672694729261;0.0
APPROXIMATION;12348;129;7;1672694729262;0.0
APPROXIMATION;12349;129;7;1672694729262;0.0
APPROXIMATION;12350;129;7;1672694729262;0.0
APPROXIMATION;12351;129;7;1672694729262;0.0
APPROXIMATION;12352;129;7;1672694729262;0.0
APPROXIMATION;12345;129;7;1672694729262;0.0
APPROXIMATION;12346;129;8;1672694729262;0.0
APPROXIMATION;12348;129;8;1672694729262;0.0
APPROXIMATION;12349;129;8;1672694729262;0.0
APPROXIMATION;12350;129;8;1672694729262;0.0
APPROXIMATION;12351;129;8;1672694729262;0.0
APPROXIMATION;12345;129;8;1672694729262;0.0
APPROXIMATION;12352;129;8;1672694729262;0.0
APPROXIMATION;12346;129;9;1672694729262;0.0
APPROXIMATION;12348;129;9;1672694729263;0.0
APPROXIMATION;12349;129;9;1672694729263;0.0
APPROXIMATION;12350;129;9;1672694729263;0.0
APPROXIMATION;12351;129;9;1672694729263;0.0
APPROXIMATION;12345;129;9;1672694729263;0.0
APPROXIMATION;12352;129;9;1672694729263;0.0
APPROXIMATION;12346;129;10;1672694729263;0.0
APPROXIMATION;12348;129;10;1672694729263;0.0
APPROXIMATION;12349;129;10;1672694729263;0.0
APPROXIMATION;12350;129;10;1672694729263;0.0
APPROXIMATION;12351;129;10;1672694729263;0.0
APPROXIMATION;12345;129;10;1672694729263;0.0
APPROXIMATION;12352;129;10;1672694729263;0.0
APPROXIMATION;12346;129;11;1672694729263;0.0
APPROXIMATION;12348;129;11;1672694729264;0.0
APPROXIMATION;12349;129;11;1672694729264;0.0
APPROXIMATION;12350;129;11;1672694729264;0.0
APPROXIMATION;12351;129;11;1672694729264;0.0
APPROXIMATION;12352;129;11;1672694729264;0.0
APPROXIMATION;12345;129;11;1672694729264;0.0
APPROXIMATION;12346;129;12;1672694729264;0.0
APPROXIMATION;12348;129;12;1672694729264;0.0
APPROXIMATION;12349;129;12;1672694729264;0.0
APPROXIMATION;12350;129;12;1672694729264;0.0
APPROXIMATION;12345;129;12;1672694729264;0.0
APPROXIMATION;12351;129;12;1672694729264;0.0
APPROXIMATION;12352;129;12;1672694729264;0.0
APPROXIMATION;12346;129;13;1672694729264;0.0
APPROXIMATION;12348;129;13;1672694729264;0.0
APPROXIMATION;12349;129;13;1672694729264;0.0
APPROXIMATION;12350;129;13;1672694729265;0.0
APPROXIMATION;12351;129;13;1672694729265;0.0
APPROXIMATION;12352;129;13;1672694729265;0.0
APPROXIMATION;12345;129;13;1672694729265;0.0
HALTED;12346;129;14;1672694729265;0.0
HALTED;12348;129;14;1672694729265;0.0
HALTED;12350;129;14;1672694729265;0.0
HALTED;12349;129;14;1672694729265;0.0
HALTED;12351;129;14;1672694729265;0.0
HALTED;12345;129;14;1672694729265;0.0
HALTED;12352;129;14;1672694729265;0.0
INITIALIZATION;12345;130;0;1672694729366;0.0
INITIALIZATION;12346;130;0;1672694729367;0.0
INITIALIZATION;12349;130;0;1672694729367;0.0
INITIALIZATION;12350;130;0;1672694729367;0.0
INITIALIZATION;12348;130;0;1672694729367;0.0
INITIALIZATION;12351;130;0;1672694729367;0.0
INITIALIZATION;12352;130;0;1672694729367;0.0
APPROXIMATION;12345;130;1;1672694729367;0.0
APPROXIMATION;12346;130;1;1672694729367;0.0
APPROXIMATION;12348;130;1;1672694729368;0.0
APPROXIMATION;12345;130;2;1672694729368;0.0
APPROXIMATION;12349;130;1;1672694729368;0.0
APPROXIMATION;12351;130;1;1672694729368;0.0
APPROXIMATION;12352;130;1;1672694729368;0.0
APPROXIMATION;12350;130;1;1672694729368;0.0
APPROXIMATION;12346;130;2;1672694729368;0.0
APPROXIMATION;12348;130;2;1672694729368;0.0
APPROXIMATION;12349;130;2;1672694729368;0.0
APPROXIMATION;12345;130;3;1672694729369;0.0
APPROXIMATION;12350;130;2;1672694729369;0.0
APPROXIMATION;12351;130;2;1672694729369;0.0
APPROXIMATION;12352;130;2;1672694729369;0.0
APPROXIMATION;12346;130;3;1672694729369;0.0
APPROXIMATION;12348;130;3;1672694729369;0.0
APPROXIMATION;12349;130;3;1672694729369;0.0
APPROXIMATION;12350;130;3;1672694729369;0.0
APPROXIMATION;12345;130;4;1672694729369;0.0
APPROXIMATION;12351;130;3;1672694729369;0.0
APPROXIMATION;12352;130;3;1672694729369;0.0
APPROXIMATION;12346;130;4;1672694729369;0.0
APPROXIMATION;12348;130;4;1672694729369;0.0
APPROXIMATION;12349;130;4;1672694729369;0.0
APPROXIMATION;12350;130;4;1672694729369;0.0
APPROXIMATION;12351;130;4;1672694729369;0.0
APPROXIMATION;12352;130;4;1672694729369;0.0
APPROXIMATION;12345;130;5;1672694729370;0.0
APPROXIMATION;12348;130;5;1672694729370;0.0
APPROXIMATION;12349;130;5;1672694729370;0.0
APPROXIMATION;12350;130;5;1672694729370;0.0
APPROXIMATION;12346;130;5;1672694729370;0.0
APPROXIMATION;12351;130;5;1672694729370;0.0
APPROXIMATION;12352;130;5;1672694729370;0.0
APPROXIMATION;12345;130;6;1672694729370;0.0
APPROXIMATION;12350;130;6;1672694729370;0.0
APPROXIMATION;12346;130;6;1672694729370;0.0
APPROXIMATION;12349;130;6;1672694729370;0.0
APPROXIMATION;12351;130;6;1672694729370;0.0
APPROXIMATION;12352;130;6;1672694729370;0.0
APPROXIMATION;12348;130;6;1672694729370;0.0
APPROXIMATION;12345;130;7;1672694729370;0.0
APPROXIMATION;12346;130;7;1672694729370;0.0
APPROXIMATION;12350;130;7;1672694729371;0.0
APPROXIMATION;12349;130;7;1672694729371;0.0
APPROXIMATION;12351;130;7;1672694729371;0.0
APPROXIMATION;12352;130;7;1672694729371;0.0
APPROXIMATION;12348;130;7;1672694729371;0.0
APPROXIMATION;12346;130;8;1672694729371;0.0
APPROXIMATION;12345;130;8;1672694729371;0.0
APPROXIMATION;12349;130;8;1672694729371;0.0
APPROXIMATION;12350;130;8;1672694729371;0.0
APPROXIMATION;12351;130;8;1672694729371;0.0
APPROXIMATION;12352;130;8;1672694729371;0.0
APPROXIMATION;12348;130;8;1672694729371;0.0
APPROXIMATION;12346;130;9;1672694729371;0.0
APPROXIMATION;12345;130;9;1672694729371;0.0
APPROXIMATION;12350;130;9;1672694729371;0.0
APPROXIMATION;12349;130;9;1672694729371;0.0
APPROXIMATION;12351;130;9;1672694729371;0.0
APPROXIMATION;12352;130;9;1672694729372;0.0
APPROXIMATION;12348;130;9;1672694729372;0.0
APPROXIMATION;12346;130;10;1672694729372;0.0
APPROXIMATION;12345;130;10;1672694729372;0.0
APPROXIMATION;12349;130;10;1672694729372;0.0
APPROXIMATION;12350;130;10;1672694729372;0.0
APPROXIMATION;12351;130;10;1672694729372;0.0
APPROXIMATION;12352;130;10;1672694729372;0.0
APPROXIMATION;12348;130;10;1672694729372;0.0
APPROXIMATION;12346;130;11;1672694729372;0.0
APPROXIMATION;12349;130;11;1672694729372;0.0
APPROXIMATION;12350;130;11;1672694729372;0.0
APPROXIMATION;12345;130;11;1672694729372;0.0
APPROXIMATION;12351;130;11;1672694729372;0.0
APPROXIMATION;12352;130;11;1672694729372;0.0
APPROXIMATION;12348;130;11;1672694729372;0.0
APPROXIMATION;12346;130;12;1672694729373;0.0
APPROXIMATION;12349;130;12;1672694729373;0.0
APPROXIMATION;12350;130;12;1672694729373;0.0
APPROXIMATION;12351;130;12;1672694729373;0.0
APPROXIMATION;12352;130;12;1672694729373;0.0
APPROXIMATION;12348;130;12;1672694729373;0.0
APPROXIMATION;12345;130;12;1672694729373;0.0
APPROXIMATION;12346;130;13;1672694729373;0.0
APPROXIMATION;12349;130;13;1672694729373;0.0
APPROXIMATION;12350;130;13;1672694729373;0.0
APPROXIMATION;12351;130;13;1672694729373;0.0
APPROXIMATION;12348;130;13;1672694729373;0.0
APPROXIMATION;12345;130;13;1672694729373;0.0
APPROXIMATION;12352;130;13;1672694729373;0.0
HALTED;12346;130;14;1672694729374;0.0
HALTED;12349;130;14;1672694729374;0.0
HALTED;12350;130;14;1672694729374;0.0
HALTED;12351;130;14;1672694729374;0.0
HALTED;12348;130;14;1672694729374;0.0
HALTED;12345;130;14;1672694729374;0.0
HALTED;12352;130;14;1672694729374;0.0
INITIALIZATION;12345;131;0;1672694729475;0.0
INITIALIZATION;12346;131;0;1672694729475;0.0
INITIALIZATION;12348;131;0;1672694729475;0.0
INITIALIZATION;12349;131;0;1672694729475;0.0
INITIALIZATION;12351;131;0;1672694729476;0.0
INITIALIZATION;12352;131;0;1672694729476;0.0
INITIALIZATION;12350;131;0;1672694729476;0.0
APPROXIMATION;12345;131;1;1672694729476;0.0
APPROXIMATION;12346;131;1;1672694729476;0.0
APPROXIMATION;12348;131;1;1672694729476;0.0
APPROXIMATION;12352;131;1;1672694729476;0.0
APPROXIMATION;12350;131;1;1672694729476;0.0
APPROXIMATION;12351;131;1;1672694729476;0.0
APPROXIMATION;12349;131;1;1672694729476;0.0
APPROXIMATION;12345;131;2;1672694729476;0.0
APPROXIMATION;12346;131;2;1672694729476;0.0
APPROXIMATION;12348;131;2;1672694729477;0.0
APPROXIMATION;12350;131;2;1672694729477;0.0
APPROXIMATION;12351;131;2;1672694729477;0.0
APPROXIMATION;12352;131;2;1672694729477;0.0
APPROXIMATION;12349;131;2;1672694729477;0.0
APPROXIMATION;12346;131;3;1672694729477;0.0
APPROXIMATION;12348;131;3;1672694729477;0.0
APPROXIMATION;12350;131;3;1672694729477;0.0
APPROXIMATION;12352;131;3;1672694729477;0.0
APPROXIMATION;12349;131;3;1672694729477;0.0
APPROXIMATION;12345;131;3;1672694729519;0.0
APPROXIMATION;12351;131;3;1672694729520;0.0
APPROXIMATION;12345;131;4;1672694729520;0.0
APPROXIMATION;12348;131;4;1672694729520;0.0
APPROXIMATION;12349;131;4;1672694729520;0.0
APPROXIMATION;12346;131;4;1672694729521;0.0
APPROXIMATION;12352;131;4;1672694729521;0.0
APPROXIMATION;12351;131;4;1672694729521;0.0
APPROXIMATION;12350;131;4;1672694729521;0.0
APPROXIMATION;12345;131;5;1672694729521;0.0
APPROXIMATION;12348;131;5;1672694729521;0.0
APPROXIMATION;12349;131;5;1672694729521;0.0
APPROXIMATION;12350;131;5;1672694729521;0.0
APPROXIMATION;12351;131;5;1672694729521;0.0
APPROXIMATION;12346;131;5;1672694729521;0.0
APPROXIMATION;12352;131;5;1672694729521;0.0
APPROXIMATION;12345;131;6;1672694729522;0.0
APPROXIMATION;12348;131;6;1672694729522;0.0
APPROXIMATION;12346;131;6;1672694729522;0.0
APPROXIMATION;12349;131;6;1672694729522;0.0
APPROXIMATION;12350;131;6;1672694729522;0.0
APPROXIMATION;12352;131;6;1672694729522;0.0
APPROXIMATION;12351;131;6;1672694729522;0.0
APPROXIMATION;12348;131;7;1672694729522;0.0
APPROXIMATION;12345;131;7;1672694729522;0.0
APPROXIMATION;12346;131;7;1672694729522;0.0
APPROXIMATION;12351;131;7;1672694729522;0.0
APPROXIMATION;12352;131;7;1672694729569;0.0
APPROXIMATION;12350;131;7;1672694729569;0.0
APPROXIMATION;12349;131;7;1672694729570;0.0
APPROXIMATION;12346;131;8;1672694729570;0.0
APPROXIMATION;12345;131;8;1672694729570;0.0
APPROXIMATION;12348;131;8;1672694729570;0.0
APPROXIMATION;12351;131;8;1672694729570;0.0
APPROXIMATION;12350;131;8;1672694729570;0.0
APPROXIMATION;12349;131;8;1672694729570;0.0
APPROXIMATION;12352;131;8;1672694729570;0.0
APPROXIMATION;12346;131;9;1672694729570;0.0
APPROXIMATION;12345;131;9;1672694729570;0.0
APPROXIMATION;12352;131;9;1672694729570;0.0
APPROXIMATION;12350;131;9;1672694729570;0.0
APPROXIMATION;12351;131;9;1672694729570;0.0
APPROXIMATION;12349;131;9;1672694729570;0.0
APPROXIMATION;12348;131;9;1672694729571;0.0
APPROXIMATION;12346;131;10;1672694729571;0.0
APPROXIMATION;12345;131;10;1672694729571;0.0
APPROXIMATION;12348;131;10;1672694729571;0.0
APPROXIMATION;12349;131;10;1672694729571;0.0
APPROXIMATION;12350;131;10;1672694729571;0.0
APPROXIMATION;12351;131;10;1672694729571;0.0
APPROXIMATION;12352;131;10;1672694729571;0.0
APPROXIMATION;12346;131;11;1672694729571;0.0
APPROXIMATION;12349;131;11;1672694729571;0.0
APPROXIMATION;12348;131;11;1672694729571;0.0
APPROXIMATION;12345;131;11;1672694729571;0.0
APPROXIMATION;12350;131;11;1672694729572;0.0
APPROXIMATION;12352;131;11;1672694729572;0.0
APPROXIMATION;12351;131;11;1672694729572;0.0
APPROXIMATION;12346;131;12;1672694729572;0.0
APPROXIMATION;12348;131;12;1672694729572;0.0
APPROXIMATION;12349;131;12;1672694729572;0.0
APPROXIMATION;12350;131;12;1672694729572;0.0
APPROXIMATION;12351;131;12;1672694729572;0.0
APPROXIMATION;12352;131;12;1672694729572;0.0
APPROXIMATION;12345;131;12;1672694729572;0.0
APPROXIMATION;12346;131;13;1672694729572;0.0
APPROXIMATION;12348;131;13;1672694729572;0.0
APPROXIMATION;12349;131;13;1672694729572;0.0
APPROXIMATION;12350;131;13;1672694729572;0.0
APPROXIMATION;12351;131;13;1672694729573;0.0
APPROXIMATION;12352;131;13;1672694729573;0.0
APPROXIMATION;12345;131;13;1672694729573;0.0
HALTED;12346;131;14;1672694729573;0.0
HALTED;12348;131;14;1672694729573;0.0
HALTED;12349;131;14;1672694729573;0.0
HALTED;12350;131;14;1672694729573;0.0
HALTED;12351;131;14;1672694729573;0.0
HALTED;12352;131;14;1672694729573;0.0
HALTED;12345;131;14;1672694729573;0.0
INITIALIZATION;12345;132;0;1672694729674;0.0
INITIALIZATION;12346;132;0;1672694729675;0.0
INITIALIZATION;12348;132;0;1672694729675;0.0
INITIALIZATION;12349;132;0;1672694729675;0.0
INITIALIZATION;12351;132;0;1672694729675;0.0
INITIALIZATION;12352;132;0;1672694729675;0.0
INITIALIZATION;12350;132;0;1672694729675;0.0
APPROXIMATION;12345;132;1;1672694729675;0.0
APPROXIMATION;12346;132;1;1672694729675;0.0
APPROXIMATION;12348;132;1;1672694729675;0.0
APPROXIMATION;12351;132;1;1672694729676;0.0
APPROXIMATION;12350;132;1;1672694729676;0.0
APPROXIMATION;12352;132;1;1672694729676;0.0
APPROXIMATION;12349;132;1;1672694729676;0.0
APPROXIMATION;12345;132;2;1672694729676;0.0
APPROXIMATION;12346;132;2;1672694729676;0.0
APPROXIMATION;12348;132;2;1672694729676;0.0
APPROXIMATION;12350;132;2;1672694729676;0.0
APPROXIMATION;12351;132;2;1672694729676;0.0
APPROXIMATION;12352;132;2;1672694729676;0.0
APPROXIMATION;12349;132;2;1672694729676;0.0
APPROXIMATION;12346;132;3;1672694729676;0.0
APPROXIMATION;12350;132;3;1672694729677;0.0
APPROXIMATION;12348;132;3;1672694729677;0.0
APPROXIMATION;12349;132;3;1672694729677;0.0
APPROXIMATION;12351;132;3;1672694729720;0.0
APPROXIMATION;12352;132;3;1672694729720;0.0
APPROXIMATION;12345;132;3;1672694729720;0.0
APPROXIMATION;12346;132;4;1672694729720;0.0
APPROXIMATION;12348;132;4;1672694729720;0.0
APPROXIMATION;12345;132;4;1672694729720;0.0
APPROXIMATION;12349;132;4;1672694729720;0.0
APPROXIMATION;12350;132;4;1672694729720;0.0
APPROXIMATION;12351;132;4;1672694729720;0.0
APPROXIMATION;12352;132;4;1672694729720;0.0
APPROXIMATION;12346;132;5;1672694729720;0.0
APPROXIMATION;12350;132;5;1672694729721;0.0
APPROXIMATION;12348;132;5;1672694729721;0.0
APPROXIMATION;12351;132;5;1672694729721;0.0
APPROXIMATION;12345;132;5;1672694729721;0.0
APPROXIMATION;12349;132;5;1672694729721;0.0
APPROXIMATION;12352;132;5;1672694729721;0.0
APPROXIMATION;12346;132;6;1672694729721;0.0
APPROXIMATION;12345;132;6;1672694729721;0.0
APPROXIMATION;12348;132;6;1672694729721;0.0
APPROXIMATION;12350;132;6;1672694729721;0.0
APPROXIMATION;12351;132;6;1672694729721;0.0
APPROXIMATION;12349;132;6;1672694729721;0.0
APPROXIMATION;12352;132;6;1672694729722;0.0
APPROXIMATION;12346;132;7;1672694729722;0.0
APPROXIMATION;12345;132;7;1672694729722;0.0
APPROXIMATION;12348;132;7;1672694729722;0.0
APPROXIMATION;12349;132;7;1672694729722;0.0
APPROXIMATION;12350;132;7;1672694729722;0.0
APPROXIMATION;12351;132;7;1672694729722;0.0
APPROXIMATION;12352;132;7;1672694729722;0.0
APPROXIMATION;12346;132;8;1672694729722;0.0
APPROXIMATION;12345;132;8;1672694729722;0.0
APPROXIMATION;12348;132;8;1672694729722;0.0
APPROXIMATION;12349;132;8;1672694729723;0.0
APPROXIMATION;12350;132;8;1672694729723;0.0
APPROXIMATION;12351;132;8;1672694729723;0.0
APPROXIMATION;12352;132;8;1672694729723;0.0
APPROXIMATION;12345;132;9;1672694729723;0.0
APPROXIMATION;12346;132;9;1672694729723;0.0
APPROXIMATION;12348;132;9;1672694729723;0.0
APPROXIMATION;12349;132;9;1672694729723;0.0
APPROXIMATION;12350;132;9;1672694729723;0.0
APPROXIMATION;12351;132;9;1672694729723;0.0
APPROXIMATION;12352;132;9;1672694729723;0.0
APPROXIMATION;12345;132;10;1672694729723;0.0
APPROXIMATION;12348;132;10;1672694729723;0.0
APPROXIMATION;12346;132;10;1672694729723;0.0
APPROXIMATION;12349;132;10;1672694729723;0.0
APPROXIMATION;12350;132;10;1672694729723;0.0
APPROXIMATION;12351;132;10;1672694729724;0.0
APPROXIMATION;12352;132;10;1672694729724;0.0
APPROXIMATION;12345;132;11;1672694729724;0.0
APPROXIMATION;12348;132;11;1672694729724;0.0
APPROXIMATION;12346;132;11;1672694729724;0.0
APPROXIMATION;12349;132;11;1672694729724;0.0
APPROXIMATION;12350;132;11;1672694729724;0.0
APPROXIMATION;12351;132;11;1672694729724;0.0
APPROXIMATION;12352;132;11;1672694729724;0.0
APPROXIMATION;12345;132;12;1672694729724;0.0
APPROXIMATION;12348;132;12;1672694729724;0.0
APPROXIMATION;12349;132;12;1672694729724;0.0
APPROXIMATION;12350;132;12;1672694729724;0.0
APPROXIMATION;12346;132;12;1672694729724;0.0
APPROXIMATION;12351;132;12;1672694729724;0.0
APPROXIMATION;12352;132;12;1672694729724;0.0
APPROXIMATION;12345;132;13;1672694729725;0.0
APPROXIMATION;12348;132;13;1672694729725;0.0
APPROXIMATION;12349;132;13;1672694729725;0.0
APPROXIMATION;12351;132;13;1672694729725;0.0
APPROXIMATION;12350;132;13;1672694729725;0.0
APPROXIMATION;12346;132;13;1672694729725;0.0
APPROXIMATION;12352;132;13;1672694729725;0.0
HALTED;12348;132;14;1672694729725;0.0
HALTED;12345;132;14;1672694729725;0.0
HALTED;12349;132;14;1672694729725;0.0
HALTED;12350;132;14;1672694729725;0.0
HALTED;12346;132;14;1672694729725;0.0
HALTED;12352;132;14;1672694729725;0.0
HALTED;12351;132;14;1672694729725;0.0
INITIALIZATION;12345;133;0;1672694729826;0.0
INITIALIZATION;12346;133;0;1672694729827;0.0
INITIALIZATION;12348;133;0;1672694729827;0.0
INITIALIZATION;12349;133;0;1672694729827;0.0
INITIALIZATION;12352;133;0;1672694729827;0.0
INITIALIZATION;12351;133;0;1672694729827;0.0
INITIALIZATION;12350;133;0;1672694729827;0.0
APPROXIMATION;12345;133;1;1672694729827;0.0
APPROXIMATION;12346;133;1;1672694729827;0.0
APPROXIMATION;12348;133;1;1672694729827;0.0
APPROXIMATION;12352;133;1;1672694729827;0.0
APPROXIMATION;12351;133;1;1672694729828;0.0
APPROXIMATION;12349;133;1;1672694729828;0.0
APPROXIMATION;12350;133;1;1672694729828;0.0
APPROXIMATION;12345;133;2;1672694729828;0.0
APPROXIMATION;12346;133;2;1672694729828;0.0
APPROXIMATION;12348;133;2;1672694729828;0.0
APPROXIMATION;12351;133;2;1672694729828;0.0
APPROXIMATION;12350;133;2;1672694729828;0.0
APPROXIMATION;12352;133;2;1672694729828;0.0
APPROXIMATION;12349;133;2;1672694729828;0.0
APPROXIMATION;12346;133;3;1672694729828;0.0
APPROXIMATION;12345;133;3;1672694729828;0.0
APPROXIMATION;12348;133;3;1672694729828;0.0
APPROXIMATION;12350;133;3;1672694729829;0.0
APPROXIMATION;12349;133;3;1672694729829;0.0
APPROXIMATION;12351;133;3;1672694729829;0.0
APPROXIMATION;12352;133;3;1672694729829;0.0
APPROXIMATION;12346;133;4;1672694729829;0.0
APPROXIMATION;12348;133;4;1672694729829;0.0
APPROXIMATION;12345;133;4;1672694729829;0.0
APPROXIMATION;12350;133;4;1672694729829;0.0
APPROXIMATION;12351;133;4;1672694729829;0.0
APPROXIMATION;12349;133;4;1672694729829;0.0
APPROXIMATION;12352;133;4;1672694729829;0.0
APPROXIMATION;12346;133;5;1672694729829;0.0
APPROXIMATION;12348;133;5;1672694729829;0.0
APPROXIMATION;12350;133;5;1672694729830;0.0
APPROXIMATION;12351;133;5;1672694729830;0.0
APPROXIMATION;12345;133;5;1672694729830;0.0
APPROXIMATION;12352;133;5;1672694729830;0.0
APPROXIMATION;12349;133;5;1672694729830;0.0
APPROXIMATION;12346;133;6;1672694729830;0.0
APPROXIMATION;12348;133;6;1672694729830;0.0
APPROXIMATION;12350;133;6;1672694729830;0.0
APPROXIMATION;12351;133;6;1672694729830;0.0
APPROXIMATION;12349;133;6;1672694729830;0.0
APPROXIMATION;12352;133;6;1672694729830;0.0
APPROXIMATION;12345;133;6;1672694729830;0.0
APPROXIMATION;12346;133;7;1672694729830;0.0
APPROXIMATION;12348;133;7;1672694729830;0.0
APPROXIMATION;12350;133;7;1672694729831;0.0
APPROXIMATION;12349;133;7;1672694729831;0.0
APPROXIMATION;12351;133;7;1672694729831;0.0
APPROXIMATION;12352;133;7;1672694729831;0.0
APPROXIMATION;12345;133;7;1672694729831;0.0
APPROXIMATION;12346;133;8;1672694729831;0.0
APPROXIMATION;12348;133;8;1672694729831;0.0
APPROXIMATION;12349;133;8;1672694729831;0.0
APPROXIMATION;12350;133;8;1672694729831;0.0
APPROXIMATION;12351;133;8;1672694729831;0.0
APPROXIMATION;12352;133;8;1672694729831;0.0
APPROXIMATION;12345;133;8;1672694729831;0.0
APPROXIMATION;12346;133;9;1672694729831;0.0
APPROXIMATION;12348;133;9;1672694729831;0.0
APPROXIMATION;12349;133;9;1672694729832;0.0
APPROXIMATION;12350;133;9;1672694729832;0.0
APPROXIMATION;12351;133;9;1672694729832;0.0
APPROXIMATION;12352;133;9;1672694729832;0.0
APPROXIMATION;12345;133;9;1672694729832;0.0
APPROXIMATION;12346;133;10;1672694729832;0.0
APPROXIMATION;12348;133;10;1672694729832;0.0
APPROXIMATION;12349;133;10;1672694729832;0.0
APPROXIMATION;12350;133;10;1672694729832;0.0
APPROXIMATION;12351;133;10;1672694729832;0.0
APPROXIMATION;12345;133;10;1672694729832;0.0
APPROXIMATION;12352;133;10;1672694729832;0.0
APPROXIMATION;12346;133;11;1672694729832;0.0
APPROXIMATION;12348;133;11;1672694729833;0.0
APPROXIMATION;12349;133;11;1672694729833;0.0
APPROXIMATION;12350;133;11;1672694729833;0.0
APPROXIMATION;12351;133;11;1672694729833;0.0
APPROXIMATION;12352;133;11;1672694729833;0.0
APPROXIMATION;12345;133;11;1672694729833;0.0
APPROXIMATION;12346;133;12;1672694729833;0.0
APPROXIMATION;12348;133;12;1672694729833;0.0
APPROXIMATION;12349;133;12;1672694729833;0.0
APPROXIMATION;12350;133;12;1672694729833;0.0
APPROXIMATION;12351;133;12;1672694729833;0.0
APPROXIMATION;12352;133;12;1672694729833;0.0
APPROXIMATION;12345;133;12;1672694729833;0.0
APPROXIMATION;12346;133;13;1672694729833;0.0
APPROXIMATION;12348;133;13;1672694729834;0.0
APPROXIMATION;12349;133;13;1672694729834;0.0
APPROXIMATION;12350;133;13;1672694729834;0.0
APPROXIMATION;12351;133;13;1672694729834;0.0
APPROXIMATION;12352;133;13;1672694729834;0.0
APPROXIMATION;12345;133;13;1672694729834;0.0
HALTED;12346;133;14;1672694729834;0.0
HALTED;12348;133;14;1672694729834;0.0
HALTED;12349;133;14;1672694729834;0.0
HALTED;12350;133;14;1672694729834;0.0
HALTED;12351;133;14;1672694729834;0.0
HALTED;12352;133;14;1672694729834;0.0
HALTED;12345;133;14;1672694729834;0.0
INITIALIZATION;12345;134;0;1672694729935;0.0
INITIALIZATION;12346;134;0;1672694729936;0.0
INITIALIZATION;12348;134;0;1672694729936;0.0
INITIALIZATION;12351;134;0;1672694729936;0.0
INITIALIZATION;12352;134;0;1672694729936;0.0
INITIALIZATION;12349;134;0;1672694729936;0.0
INITIALIZATION;12350;134;0;1672694729936;0.0
APPROXIMATION;12345;134;1;1672694729937;0.0
APPROXIMATION;12346;134;1;1672694729937;0.0
APPROXIMATION;12348;134;1;1672694729937;0.0
APPROXIMATION;12351;134;1;1672694729937;0.0
APPROXIMATION;12350;134;1;1672694729937;0.0
APPROXIMATION;12352;134;1;1672694729937;0.0
APPROXIMATION;12349;134;1;1672694729937;0.0
APPROXIMATION;12346;134;2;1672694729937;0.0
APPROXIMATION;12345;134;2;1672694729937;0.0
APPROXIMATION;12348;134;2;1672694729937;0.0
APPROXIMATION;12351;134;2;1672694729937;0.0
APPROXIMATION;12349;134;2;1672694729937;0.0
APPROXIMATION;12350;134;2;1672694729938;0.0
APPROXIMATION;12352;134;2;1672694729938;0.0
APPROXIMATION;12346;134;3;1672694729938;0.0
APPROXIMATION;12345;134;3;1672694729938;0.0
APPROXIMATION;12348;134;3;1672694729938;0.0
APPROXIMATION;12349;134;3;1672694729938;0.0
APPROXIMATION;12350;134;3;1672694729938;0.0
APPROXIMATION;12351;134;3;1672694729938;0.0
APPROXIMATION;12352;134;3;1672694729938;0.0
APPROXIMATION;12345;134;4;1672694729938;0.0
APPROXIMATION;12346;134;4;1672694729938;0.0
APPROXIMATION;12348;134;4;1672694729938;0.0
APPROXIMATION;12350;134;4;1672694729938;0.0
APPROXIMATION;12349;134;4;1672694729938;0.0
APPROXIMATION;12351;134;4;1672694729938;0.0
APPROXIMATION;12352;134;4;1672694729939;0.0
APPROXIMATION;12346;134;5;1672694729939;0.0
APPROXIMATION;12345;134;5;1672694729939;0.0
APPROXIMATION;12348;134;5;1672694729939;0.0
APPROXIMATION;12350;134;5;1672694729939;0.0
APPROXIMATION;12351;134;5;1672694729939;0.0
APPROXIMATION;12352;134;5;1672694729939;0.0
APPROXIMATION;12349;134;5;1672694729939;0.0
APPROXIMATION;12346;134;6;1672694729939;0.0
APPROXIMATION;12345;134;6;1672694729939;0.0
APPROXIMATION;12348;134;6;1672694729939;0.0
APPROXIMATION;12350;134;6;1672694729939;0.0
APPROXIMATION;12351;134;6;1672694729939;0.0
APPROXIMATION;12352;134;6;1672694729939;0.0
APPROXIMATION;12349;134;6;1672694729939;0.0
APPROXIMATION;12346;134;7;1672694729939;0.0
APPROXIMATION;12345;134;7;1672694729940;0.0
APPROXIMATION;12350;134;7;1672694729940;0.0
APPROXIMATION;12351;134;7;1672694729940;0.0
APPROXIMATION;12352;134;7;1672694729940;0.0
APPROXIMATION;12349;134;7;1672694729940;0.0
APPROXIMATION;12345;134;8;1672694729940;0.0
APPROXIMATION;12348;134;7;1672694729943;0.0
APPROXIMATION;12346;134;8;1672694729943;0.0
APPROXIMATION;12349;134;8;1672694729943;0.0
APPROXIMATION;12350;134;8;1672694729943;0.0
APPROXIMATION;12351;134;8;1672694729943;0.0
APPROXIMATION;12348;134;8;1672694729943;0.0
APPROXIMATION;12352;134;8;1672694729943;0.0
APPROXIMATION;12345;134;9;1672694729944;0.0
APPROXIMATION;12346;134;9;1672694729944;0.0
APPROXIMATION;12350;134;9;1672694729944;0.0
APPROXIMATION;12349;134;9;1672694729944;0.0
APPROXIMATION;12348;134;9;1672694729944;0.0
APPROXIMATION;12352;134;9;1672694729944;0.0
APPROXIMATION;12351;134;9;1672694729944;0.0
APPROXIMATION;12345;134;10;1672694729944;0.0
APPROXIMATION;12346;134;10;1672694729944;0.0
APPROXIMATION;12348;134;10;1672694729944;0.0
APPROXIMATION;12349;134;10;1672694729944;0.0
APPROXIMATION;12350;134;10;1672694729944;0.0
APPROXIMATION;12352;134;10;1672694729944;0.0
APPROXIMATION;12351;134;10;1672694729945;0.0
APPROXIMATION;12345;134;11;1672694729945;0.0
APPROXIMATION;12346;134;11;1672694729945;0.0
APPROXIMATION;12348;134;11;1672694729945;0.0
APPROXIMATION;12350;134;11;1672694729945;0.0
APPROXIMATION;12349;134;11;1672694729945;0.0
APPROXIMATION;12352;134;11;1672694729945;0.0
APPROXIMATION;12351;134;11;1672694729945;0.0
APPROXIMATION;12345;134;12;1672694729945;0.0
APPROXIMATION;12346;134;12;1672694729945;0.0
APPROXIMATION;12348;134;12;1672694729945;0.0
APPROXIMATION;12349;134;12;1672694729945;0.0
APPROXIMATION;12352;134;12;1672694729945;0.0
APPROXIMATION;12350;134;12;1672694729945;0.0
APPROXIMATION;12351;134;12;1672694729945;0.0
APPROXIMATION;12346;134;13;1672694729946;0.0
APPROXIMATION;12345;134;13;1672694729946;0.0
APPROXIMATION;12348;134;13;1672694729946;0.0
APPROXIMATION;12350;134;13;1672694729946;0.0
APPROXIMATION;12349;134;13;1672694729946;0.0
APPROXIMATION;12352;134;13;1672694729946;0.0
APPROXIMATION;12351;134;13;1672694729946;0.0
HALTED;12345;134;14;1672694729946;0.0
HALTED;12346;134;14;1672694729946;0.0
HALTED;12348;134;14;1672694729946;0.0
HALTED;12350;134;14;1672694729946;0.0
HALTED;12352;134;14;1672694729946;0.0
HALTED;12351;134;14;1672694729946;0.0
HALTED;12349;134;14;1672694729946;0.0
INITIALIZATION;12345;135;0;1672694730047;0.0
INITIALIZATION;12346;135;0;1672694730047;0.0
INITIALIZATION;12348;135;0;1672694730048;0.0
INITIALIZATION;12349;135;0;1672694730048;0.0
INITIALIZATION;12350;135;0;1672694730048;0.0
INITIALIZATION;12352;135;0;1672694730048;0.0
APPROXIMATION;12345;135;1;1672694730048;0.0
INITIALIZATION;12351;135;0;1672694730048;0.0
APPROXIMATION;12346;135;1;1672694730049;0.0
APPROXIMATION;12348;135;1;1672694730049;0.0
APPROXIMATION;12349;135;1;1672694730049;0.0
APPROXIMATION;12350;135;1;1672694730049;0.0
APPROXIMATION;12352;135;1;1672694730049;0.0
APPROXIMATION;12351;135;1;1672694730049;0.0
APPROXIMATION;12345;135;2;1672694730050;0.0
APPROXIMATION;12346;135;2;1672694730050;0.0
APPROXIMATION;12348;135;2;1672694730050;0.0
APPROXIMATION;12350;135;2;1672694730050;0.0
APPROXIMATION;12352;135;2;1672694730050;0.0
APPROXIMATION;12349;135;2;1672694730050;0.0
APPROXIMATION;12351;135;2;1672694730050;0.0
APPROXIMATION;12345;135;3;1672694730050;0.0
APPROXIMATION;12346;135;3;1672694730050;0.0
APPROXIMATION;12348;135;3;1672694730050;0.0
APPROXIMATION;12349;135;3;1672694730051;0.0
APPROXIMATION;12351;135;3;1672694730051;0.0
APPROXIMATION;12350;135;3;1672694730100;0.0
APPROXIMATION;12352;135;3;1672694730100;0.0
APPROXIMATION;12345;135;4;1672694730100;0.0
APPROXIMATION;12346;135;4;1672694730100;0.0
APPROXIMATION;12348;135;4;1672694730101;0.0
APPROXIMATION;12349;135;4;1672694730101;0.0
APPROXIMATION;12352;135;4;1672694730101;0.0
APPROXIMATION;12351;135;4;1672694730101;0.0
APPROXIMATION;12350;135;4;1672694730101;0.0
APPROXIMATION;12345;135;5;1672694730101;0.0
APPROXIMATION;12346;135;5;1672694730101;0.0
APPROXIMATION;12348;135;5;1672694730101;0.0
APPROXIMATION;12349;135;5;1672694730101;0.0
APPROXIMATION;12351;135;5;1672694730101;0.0
APPROXIMATION;12352;135;5;1672694730101;0.0
APPROXIMATION;12350;135;5;1672694730101;0.0
APPROXIMATION;12345;135;6;1672694730102;0.0
APPROXIMATION;12346;135;6;1672694730102;0.0
APPROXIMATION;12351;135;6;1672694730102;0.0
APPROXIMATION;12348;135;6;1672694730102;0.0
APPROXIMATION;12349;135;6;1672694730102;0.0
APPROXIMATION;12352;135;6;1672694730102;0.0
APPROXIMATION;12350;135;6;1672694730102;0.0
APPROXIMATION;12345;135;7;1672694730102;0.0
APPROXIMATION;12348;135;7;1672694730102;0.0
APPROXIMATION;12351;135;7;1672694730102;0.0
APPROXIMATION;12352;135;7;1672694730103;0.0
APPROXIMATION;12350;135;7;1672694730103;0.0
APPROXIMATION;12346;135;7;1672694730149;0.0
APPROXIMATION;12349;135;7;1672694730150;0.0
APPROXIMATION;12345;135;8;1672694730150;0.0
APPROXIMATION;12346;135;8;1672694730150;0.0
APPROXIMATION;12348;135;8;1672694730150;0.0
APPROXIMATION;12350;135;8;1672694730150;0.0
APPROXIMATION;12349;135;8;1672694730150;0.0
APPROXIMATION;12351;135;8;1672694730150;0.0
APPROXIMATION;12352;135;8;1672694730150;0.0
APPROXIMATION;12345;135;9;1672694730151;0.0
APPROXIMATION;12346;135;9;1672694730151;0.0
APPROXIMATION;12352;135;9;1672694730151;0.0
APPROXIMATION;12348;135;9;1672694730151;0.0
APPROXIMATION;12349;135;9;1672694730151;0.0
APPROXIMATION;12351;135;9;1672694730151;0.0
APPROXIMATION;12350;135;9;1672694730151;0.0
APPROXIMATION;12345;135;10;1672694730151;0.0
APPROXIMATION;12350;135;10;1672694730152;0.0
APPROXIMATION;12352;135;10;1672694730152;0.0
APPROXIMATION;12351;135;10;1672694730152;0.0
APPROXIMATION;12346;135;10;1672694730152;0.0
APPROXIMATION;12345;135;11;1672694730152;0.0
APPROXIMATION;12348;135;10;1672694730152;0.0
APPROXIMATION;12349;135;10;1672694730152;0.0
APPROXIMATION;12346;135;11;1672694730152;0.0
APPROXIMATION;12351;135;11;1672694730152;0.0
APPROXIMATION;12352;135;11;1672694730153;0.0
APPROXIMATION;12350;135;11;1672694730153;0.0
APPROXIMATION;12348;135;11;1672694730153;0.0
APPROXIMATION;12345;135;12;1672694730153;0.0
APPROXIMATION;12349;135;11;1672694730153;0.0
APPROXIMATION;12346;135;12;1672694730153;0.0
APPROXIMATION;12351;135;12;1672694730153;0.0
APPROXIMATION;12348;135;12;1672694730153;0.0
APPROXIMATION;12352;135;12;1672694730153;0.0
APPROXIMATION;12350;135;12;1672694730153;0.0
APPROXIMATION;12349;135;12;1672694730153;0.0
APPROXIMATION;12345;135;13;1672694730153;0.0
APPROXIMATION;12346;135;13;1672694730153;0.0
APPROXIMATION;12351;135;13;1672694730153;0.0
APPROXIMATION;12350;135;13;1672694730153;0.0
APPROXIMATION;12348;135;13;1672694730153;0.0
APPROXIMATION;12352;135;13;1672694730153;0.0
APPROXIMATION;12349;135;13;1672694730154;0.0
HALTED;12345;135;14;1672694730154;0.0
HALTED;12346;135;14;1672694730154;0.0
HALTED;12348;135;14;1672694730154;0.0
HALTED;12351;135;14;1672694730154;0.0
HALTED;12352;135;14;1672694730154;0.0
HALTED;12350;135;14;1672694730154;0.0
HALTED;12349;135;14;1672694730154;0.0
INITIALIZATION;12345;136;0;1672694730254;0.0
INITIALIZATION;12346;136;0;1672694730255;0.0
INITIALIZATION;12348;136;0;1672694730255;0.0
INITIALIZATION;12349;136;0;1672694730255;0.0
INITIALIZATION;12350;136;0;1672694730255;0.0
INITIALIZATION;12351;136;0;1672694730256;0.0
INITIALIZATION;12352;136;0;1672694730256;0.0
APPROXIMATION;12345;136;1;1672694730256;0.0
APPROXIMATION;12346;136;1;1672694730256;0.0
APPROXIMATION;12348;136;1;1672694730256;0.0
APPROXIMATION;12352;136;1;1672694730256;0.0
APPROXIMATION;12350;136;1;1672694730256;0.0
APPROXIMATION;12349;136;1;1672694730256;0.0
APPROXIMATION;12351;136;1;1672694730256;0.0
APPROXIMATION;12345;136;2;1672694730257;0.0
APPROXIMATION;12346;136;2;1672694730257;0.0
APPROXIMATION;12348;136;2;1672694730257;0.0
APPROXIMATION;12350;136;2;1672694730257;0.0
APPROXIMATION;12352;136;2;1672694730257;0.0
APPROXIMATION;12351;136;2;1672694730257;0.0
APPROXIMATION;12349;136;2;1672694730257;0.0
APPROXIMATION;12345;136;3;1672694730257;0.0
APPROXIMATION;12346;136;3;1672694730257;0.0
APPROXIMATION;12348;136;3;1672694730257;0.0
APPROXIMATION;12350;136;3;1672694730257;0.0
APPROXIMATION;12351;136;3;1672694730257;0.0
APPROXIMATION;12352;136;3;1672694730257;0.0
APPROXIMATION;12349;136;3;1672694730258;0.0
APPROXIMATION;12346;136;4;1672694730258;0.0
APPROXIMATION;12345;136;4;1672694730258;0.0
APPROXIMATION;12348;136;4;1672694730258;0.0
APPROXIMATION;12350;136;4;1672694730258;0.0
APPROXIMATION;12351;136;4;1672694730258;0.0
APPROXIMATION;12352;136;4;1672694730258;0.0
APPROXIMATION;12349;136;4;1672694730258;0.0
APPROXIMATION;12345;136;5;1672694730258;0.0
APPROXIMATION;12346;136;5;1672694730258;0.0
APPROXIMATION;12348;136;5;1672694730258;0.0
APPROXIMATION;12350;136;5;1672694730258;0.0
APPROXIMATION;12352;136;5;1672694730259;0.0
APPROXIMATION;12351;136;5;1672694730259;0.0
APPROXIMATION;12349;136;5;1672694730259;0.0
APPROXIMATION;12345;136;6;1672694730259;0.0
APPROXIMATION;12346;136;6;1672694730259;0.0
APPROXIMATION;12348;136;6;1672694730259;0.0
APPROXIMATION;12350;136;6;1672694730259;0.0
APPROXIMATION;12351;136;6;1672694730259;0.0
APPROXIMATION;12352;136;6;1672694730259;0.0
APPROXIMATION;12349;136;6;1672694730259;0.0
APPROXIMATION;12345;136;7;1672694730259;0.0
APPROXIMATION;12346;136;7;1672694730259;0.0
APPROXIMATION;12348;136;7;1672694730259;0.0
APPROXIMATION;12350;136;7;1672694730260;0.0
APPROXIMATION;12351;136;7;1672694730260;0.0
APPROXIMATION;12352;136;7;1672694730260;0.0
APPROXIMATION;12349;136;7;1672694730260;0.0
APPROXIMATION;12346;136;8;1672694730260;0.0
APPROXIMATION;12345;136;8;1672694730260;0.0
APPROXIMATION;12348;136;8;1672694730260;0.0
APPROXIMATION;12350;136;8;1672694730260;0.0
APPROXIMATION;12351;136;8;1672694730260;0.0
APPROXIMATION;12352;136;8;1672694730260;0.0
APPROXIMATION;12349;136;8;1672694730260;0.0
APPROXIMATION;12346;136;9;1672694730260;0.0
APPROXIMATION;12345;136;9;1672694730260;0.0
APPROXIMATION;12348;136;9;1672694730260;0.0
APPROXIMATION;12350;136;9;1672694730260;0.0
APPROXIMATION;12351;136;9;1672694730260;0.0
APPROXIMATION;12352;136;9;1672694730261;0.0
APPROXIMATION;12349;136;9;1672694730261;0.0
APPROXIMATION;12346;136;10;1672694730261;0.0
APPROXIMATION;12345;136;10;1672694730261;0.0
APPROXIMATION;12348;136;10;1672694730261;0.0
APPROXIMATION;12350;136;10;1672694730261;0.0
APPROXIMATION;12351;136;10;1672694730261;0.0
APPROXIMATION;12352;136;10;1672694730261;0.0
APPROXIMATION;12349;136;10;1672694730261;0.0
APPROXIMATION;12346;136;11;1672694730261;0.0
APPROXIMATION;12345;136;11;1672694730261;0.0
APPROXIMATION;12348;136;11;1672694730261;0.0
APPROXIMATION;12351;136;11;1672694730261;0.0
APPROXIMATION;12350;136;11;1672694730261;0.0
APPROXIMATION;12352;136;11;1672694730261;0.0
APPROXIMATION;12349;136;11;1672694730262;0.0
APPROXIMATION;12346;136;12;1672694730262;0.0
APPROXIMATION;12345;136;12;1672694730262;0.0
APPROXIMATION;12348;136;12;1672694730262;0.0
APPROXIMATION;12350;136;12;1672694730262;0.0
APPROXIMATION;12351;136;12;1672694730262;0.0
APPROXIMATION;12352;136;12;1672694730262;0.0
APPROXIMATION;12349;136;12;1672694730262;0.0
APPROXIMATION;12345;136;13;1672694730262;0.0
APPROXIMATION;12346;136;13;1672694730262;0.0
APPROXIMATION;12348;136;13;1672694730262;0.0
APPROXIMATION;12350;136;13;1672694730262;0.0
APPROXIMATION;12351;136;13;1672694730262;0.0
APPROXIMATION;12352;136;13;1672694730262;0.0
APPROXIMATION;12349;136;13;1672694730263;0.0
HALTED;12348;136;14;1672694730263;0.0
HALTED;12346;136;14;1672694730263;0.0
HALTED;12345;136;14;1672694730263;0.0
HALTED;12350;136;14;1672694730263;0.0
HALTED;12351;136;14;1672694730263;0.0
HALTED;12352;136;14;1672694730263;0.0
HALTED;12349;136;14;1672694730263;0.0
INITIALIZATION;12345;137;0;1672694730364;0.0
INITIALIZATION;12346;137;0;1672694730364;0.0
INITIALIZATION;12348;137;0;1672694730364;0.0
INITIALIZATION;12349;137;0;1672694730364;0.0
INITIALIZATION;12352;137;0;1672694730364;0.0
INITIALIZATION;12351;137;0;1672694730364;0.0
APPROXIMATION;12345;137;1;1672694730365;0.0
INITIALIZATION;12350;137;0;1672694730365;0.0
APPROXIMATION;12346;137;1;1672694730365;0.0
APPROXIMATION;12348;137;1;1672694730365;0.0
APPROXIMATION;12351;137;1;1672694730365;0.0
APPROXIMATION;12349;137;1;1672694730365;0.0
APPROXIMATION;12352;137;1;1672694730365;0.0
APPROXIMATION;12350;137;1;1672694730366;0.0
APPROXIMATION;12345;137;2;1672694730366;0.0
APPROXIMATION;12346;137;2;1672694730366;0.0
APPROXIMATION;12348;137;2;1672694730366;0.0
APPROXIMATION;12351;137;2;1672694730366;0.0
APPROXIMATION;12352;137;2;1672694730366;0.0
APPROXIMATION;12350;137;2;1672694730366;0.0
APPROXIMATION;12349;137;2;1672694730366;0.0
APPROXIMATION;12345;137;3;1672694730366;0.0
APPROXIMATION;12346;137;3;1672694730366;0.0
APPROXIMATION;12348;137;3;1672694730366;0.0
APPROXIMATION;12349;137;3;1672694730366;0.0
APPROXIMATION;12351;137;3;1672694730366;0.0
APPROXIMATION;12350;137;3;1672694730366;0.0
APPROXIMATION;12352;137;3;1672694730367;0.0
APPROXIMATION;12346;137;4;1672694730367;0.0
APPROXIMATION;12345;137;4;1672694730367;0.0
APPROXIMATION;12348;137;4;1672694730367;0.0
APPROXIMATION;12349;137;4;1672694730367;0.0
APPROXIMATION;12351;137;4;1672694730367;0.0
APPROXIMATION;12352;137;4;1672694730367;0.0
APPROXIMATION;12350;137;4;1672694730367;0.0
APPROXIMATION;12346;137;5;1672694730367;0.0
APPROXIMATION;12348;137;5;1672694730367;0.0
APPROXIMATION;12351;137;5;1672694730367;0.0
APPROXIMATION;12352;137;5;1672694730367;0.0
APPROXIMATION;12345;137;5;1672694730367;0.0
APPROXIMATION;12349;137;5;1672694730367;0.0
APPROXIMATION;12350;137;5;1672694730367;0.0
APPROXIMATION;12346;137;6;1672694730367;0.0
APPROXIMATION;12348;137;6;1672694730368;0.0
APPROXIMATION;12350;137;6;1672694730368;0.0
APPROXIMATION;12351;137;6;1672694730368;0.0
APPROXIMATION;12349;137;6;1672694730368;0.0
APPROXIMATION;12352;137;6;1672694730368;0.0
APPROXIMATION;12345;137;6;1672694730368;0.0
APPROXIMATION;12346;137;7;1672694730368;0.0
APPROXIMATION;12348;137;7;1672694730368;0.0
APPROXIMATION;12349;137;7;1672694730368;0.0
APPROXIMATION;12350;137;7;1672694730368;0.0
APPROXIMATION;12351;137;7;1672694730368;0.0
APPROXIMATION;12352;137;7;1672694730368;0.0
APPROXIMATION;12345;137;7;1672694730368;0.0
APPROXIMATION;12346;137;8;1672694730369;0.0
APPROXIMATION;12348;137;8;1672694730369;0.0
APPROXIMATION;12349;137;8;1672694730369;0.0
APPROXIMATION;12351;137;8;1672694730369;0.0
APPROXIMATION;12350;137;8;1672694730369;0.0
APPROXIMATION;12352;137;8;1672694730369;0.0
APPROXIMATION;12345;137;8;1672694730369;0.0
APPROXIMATION;12346;137;9;1672694730369;0.0
APPROXIMATION;12348;137;9;1672694730369;0.0
APPROXIMATION;12349;137;9;1672694730369;0.0
APPROXIMATION;12350;137;9;1672694730369;0.0
APPROXIMATION;12351;137;9;1672694730369;0.0
APPROXIMATION;12352;137;9;1672694730370;0.0
APPROXIMATION;12345;137;9;1672694730370;0.0
APPROXIMATION;12346;137;10;1672694730370;0.0
APPROXIMATION;12348;137;10;1672694730370;0.0
APPROXIMATION;12349;137;10;1672694730370;0.0
APPROXIMATION;12351;137;10;1672694730370;0.0
APPROXIMATION;12350;137;10;1672694730370;0.0
APPROXIMATION;12352;137;10;1672694730370;0.0
APPROXIMATION;12345;137;10;1672694730370;0.0
APPROXIMATION;12346;137;11;1672694730370;0.0
APPROXIMATION;12348;137;11;1672694730370;0.0
APPROXIMATION;12349;137;11;1672694730370;0.0
APPROXIMATION;12350;137;11;1672694730370;0.0
APPROXIMATION;12351;137;11;1672694730370;0.0
APPROXIMATION;12352;137;11;1672694730371;0.0
APPROXIMATION;12345;137;11;1672694730371;0.0
APPROXIMATION;12346;137;12;1672694730371;0.0
APPROXIMATION;12348;137;12;1672694730371;0.0
APPROXIMATION;12349;137;12;1672694730371;0.0
APPROXIMATION;12350;137;12;1672694730371;0.0
APPROXIMATION;12351;137;12;1672694730371;0.0
APPROXIMATION;12352;137;12;1672694730371;0.0
APPROXIMATION;12345;137;12;1672694730371;0.0
APPROXIMATION;12346;137;13;1672694730371;0.0
APPROXIMATION;12348;137;13;1672694730371;0.0
APPROXIMATION;12349;137;13;1672694730371;0.0
APPROXIMATION;12350;137;13;1672694730371;0.0
APPROXIMATION;12351;137;13;1672694730371;0.0
APPROXIMATION;12352;137;13;1672694730372;0.0
APPROXIMATION;12345;137;13;1672694730372;0.0
HALTED;12346;137;14;1672694730372;0.0
HALTED;12348;137;14;1672694730372;0.0
HALTED;12349;137;14;1672694730372;0.0
HALTED;12351;137;14;1672694730372;0.0
HALTED;12350;137;14;1672694730372;0.0
HALTED;12352;137;14;1672694730372;0.0
HALTED;12345;137;14;1672694730372;0.0
INITIALIZATION;12345;138;0;1672694730473;0.0
INITIALIZATION;12346;138;0;1672694730474;0.0
INITIALIZATION;12348;138;0;1672694730474;0.0
INITIALIZATION;12350;138;0;1672694730474;0.0
INITIALIZATION;12351;138;0;1672694730474;0.0
INITIALIZATION;12349;138;0;1672694730474;0.0
INITIALIZATION;12352;138;0;1672694730474;0.0
APPROXIMATION;12345;138;1;1672694730474;0.0
APPROXIMATION;12346;138;1;1672694730474;0.0
APPROXIMATION;12348;138;1;1672694730474;0.0
APPROXIMATION;12351;138;1;1672694730474;0.0
APPROXIMATION;12350;138;1;1672694730474;0.0
APPROXIMATION;12349;138;1;1672694730474;0.0
APPROXIMATION;12352;138;1;1672694730474;0.0
APPROXIMATION;12345;138;2;1672694730475;0.0
APPROXIMATION;12346;138;2;1672694730475;0.0
APPROXIMATION;12348;138;2;1672694730475;0.0
APPROXIMATION;12351;138;2;1672694730475;0.0
APPROXIMATION;12350;138;2;1672694730475;0.0
APPROXIMATION;12352;138;2;1672694730475;0.0
APPROXIMATION;12349;138;2;1672694730475;0.0
APPROXIMATION;12346;138;3;1672694730475;0.0
APPROXIMATION;12348;138;3;1672694730475;0.0
APPROXIMATION;12351;138;3;1672694730475;0.0
APPROXIMATION;12352;138;3;1672694730475;0.0
APPROXIMATION;12349;138;3;1672694730475;0.0
APPROXIMATION;12345;138;3;1672694730520;0.0
APPROXIMATION;12350;138;3;1672694730520;0.0
APPROXIMATION;12348;138;4;1672694730520;0.0
APPROXIMATION;12349;138;4;1672694730520;0.0
APPROXIMATION;12346;138;4;1672694730520;0.0
APPROXIMATION;12351;138;4;1672694730520;0.0
APPROXIMATION;12345;138;4;1672694730520;0.0
APPROXIMATION;12350;138;4;1672694730520;0.0
APPROXIMATION;12352;138;4;1672694730520;0.0
APPROXIMATION;12348;138;5;1672694730521;0.0
APPROXIMATION;12345;138;5;1672694730521;0.0
APPROXIMATION;12349;138;5;1672694730521;0.0
APPROXIMATION;12346;138;5;1672694730521;0.0
APPROXIMATION;12352;138;5;1672694730521;0.0
APPROXIMATION;12350;138;5;1672694730521;0.0
APPROXIMATION;12351;138;5;1672694730521;0.0
APPROXIMATION;12348;138;6;1672694730521;0.0
APPROXIMATION;12346;138;6;1672694730521;0.0
APPROXIMATION;12345;138;6;1672694730521;0.0
APPROXIMATION;12352;138;6;1672694730522;0.0
APPROXIMATION;12349;138;6;1672694730522;0.0
APPROXIMATION;12350;138;6;1672694730522;0.0
APPROXIMATION;12351;138;6;1672694730522;0.0
APPROXIMATION;12348;138;7;1672694730522;0.0
APPROXIMATION;12346;138;7;1672694730522;0.0
APPROXIMATION;12349;138;7;1672694730522;0.0
APPROXIMATION;12352;138;7;1672694730522;0.0
APPROXIMATION;12345;138;7;1672694730522;0.0
APPROXIMATION;12350;138;7;1672694730522;0.0
APPROXIMATION;12351;138;7;1672694730522;0.0
APPROXIMATION;12348;138;8;1672694730522;0.0
APPROXIMATION;12345;138;8;1672694730522;0.0
APPROXIMATION;12346;138;8;1672694730522;0.0
APPROXIMATION;12349;138;8;1672694730523;0.0
APPROXIMATION;12350;138;8;1672694730523;0.0
APPROXIMATION;12352;138;8;1672694730523;0.0
APPROXIMATION;12351;138;8;1672694730523;0.0
APPROXIMATION;12346;138;9;1672694730523;0.0
APPROXIMATION;12345;138;9;1672694730523;0.0
APPROXIMATION;12348;138;9;1672694730523;0.0
APPROXIMATION;12350;138;9;1672694730523;0.0
APPROXIMATION;12352;138;9;1672694730523;0.0
APPROXIMATION;12351;138;9;1672694730523;0.0
APPROXIMATION;12349;138;9;1672694730523;0.0
APPROXIMATION;12346;138;10;1672694730523;0.0
APPROXIMATION;12345;138;10;1672694730523;0.0
APPROXIMATION;12348;138;10;1672694730523;0.0
APPROXIMATION;12351;138;10;1672694730523;0.0
APPROXIMATION;12350;138;10;1672694730523;0.0
APPROXIMATION;12352;138;10;1672694730524;0.0
APPROXIMATION;12349;138;10;1672694730524;0.0
APPROXIMATION;12345;138;11;1672694730524;0.0
APPROXIMATION;12346;138;11;1672694730524;0.0
APPROXIMATION;12348;138;11;1672694730524;0.0
APPROXIMATION;12350;138;11;1672694730524;0.0
APPROXIMATION;12351;138;11;1672694730524;0.0
APPROXIMATION;12352;138;11;1672694730524;0.0
APPROXIMATION;12349;138;11;1672694730524;0.0
APPROXIMATION;12345;138;12;1672694730524;0.0
APPROXIMATION;12346;138;12;1672694730524;0.0
APPROXIMATION;12348;138;12;1672694730525;0.0
APPROXIMATION;12350;138;12;1672694730525;0.0
APPROXIMATION;12351;138;12;1672694730525;0.0
APPROXIMATION;12352;138;12;1672694730525;0.0
APPROXIMATION;12349;138;12;1672694730525;0.0
APPROXIMATION;12345;138;13;1672694730525;0.0
APPROXIMATION;12346;138;13;1672694730525;0.0
APPROXIMATION;12348;138;13;1672694730525;0.0
APPROXIMATION;12351;138;13;1672694730525;0.0
APPROXIMATION;12350;138;13;1672694730525;0.0
APPROXIMATION;12352;138;13;1672694730525;0.0
APPROXIMATION;12349;138;13;1672694730525;0.0
HALTED;12345;138;14;1672694730525;0.0
HALTED;12346;138;14;1672694730525;0.0
HALTED;12348;138;14;1672694730525;0.0
HALTED;12350;138;14;1672694730526;0.0
HALTED;12351;138;14;1672694730526;0.0
HALTED;12352;138;14;1672694730526;0.0
HALTED;12349;138;14;1672694730526;0.0
INITIALIZATION;12345;139;0;1672694730626;0.0
INITIALIZATION;12348;139;0;1672694730627;0.0
INITIALIZATION;12346;139;0;1672694730627;0.0
INITIALIZATION;12349;139;0;1672694730627;0.0
INITIALIZATION;12350;139;0;1672694730627;0.0
INITIALIZATION;12351;139;0;1672694730627;0.0
INITIALIZATION;12352;139;0;1672694730627;0.0
APPROXIMATION;12345;139;1;1672694730627;0.0
APPROXIMATION;12346;139;1;1672694730627;0.0
APPROXIMATION;12348;139;1;1672694730627;0.0
APPROXIMATION;12349;139;1;1672694730627;0.0
APPROXIMATION;12351;139;1;1672694730628;0.0
APPROXIMATION;12352;139;1;1672694730628;0.0
APPROXIMATION;12350;139;1;1672694730628;0.0
APPROXIMATION;12345;139;2;1672694730628;0.0
APPROXIMATION;12346;139;2;1672694730628;0.0
APPROXIMATION;12351;139;2;1672694730628;0.0
APPROXIMATION;12348;139;2;1672694730628;0.0
APPROXIMATION;12349;139;2;1672694730628;0.0
APPROXIMATION;12352;139;2;1672694730628;0.0
APPROXIMATION;12345;139;3;1672694730628;0.0
APPROXIMATION;12346;139;3;1672694730629;0.0
APPROXIMATION;12351;139;3;1672694730629;0.0
APPROXIMATION;12349;139;3;1672694730669;0.0
APPROXIMATION;12348;139;3;1672694730669;0.0
APPROXIMATION;12352;139;3;1672694730669;0.0
APPROXIMATION;12350;139;2;1672694730669;0.0
APPROXIMATION;12350;139;3;1672694730670;0.0
APPROXIMATION;12345;139;4;1672694730670;0.0
APPROXIMATION;12346;139;4;1672694730670;0.0
APPROXIMATION;12348;139;4;1672694730670;0.0
APPROXIMATION;12352;139;4;1672694730670;0.0
APPROXIMATION;12349;139;4;1672694730670;0.0
APPROXIMATION;12350;139;4;1672694730670;0.0
APPROXIMATION;12351;139;4;1672694730670;0.0
APPROXIMATION;12346;139;5;1672694730670;0.0
APPROXIMATION;12345;139;5;1672694730670;0.0
APPROXIMATION;12348;139;5;1672694730670;0.0
APPROXIMATION;12351;139;5;1672694730670;0.0
APPROXIMATION;12350;139;5;1672694730670;0.0
APPROXIMATION;12352;139;5;1672694730670;0.0
APPROXIMATION;12349;139;5;1672694730670;0.0
APPROXIMATION;12345;139;6;1672694730670;0.0
APPROXIMATION;12346;139;6;1672694730671;0.0
APPROXIMATION;12348;139;6;1672694730671;0.0
APPROXIMATION;12350;139;6;1672694730671;0.0
APPROXIMATION;12351;139;6;1672694730671;0.0
APPROXIMATION;12352;139;6;1672694730671;0.0
APPROXIMATION;12349;139;6;1672694730671;0.0
APPROXIMATION;12345;139;7;1672694730671;0.0
APPROXIMATION;12346;139;7;1672694730671;0.0
APPROXIMATION;12348;139;7;1672694730671;0.0
APPROXIMATION;12351;139;7;1672694730671;0.0
APPROXIMATION;12350;139;7;1672694730671;0.0
APPROXIMATION;12352;139;7;1672694730671;0.0
APPROXIMATION;12349;139;7;1672694730671;0.0
APPROXIMATION;12345;139;8;1672694730671;0.0
APPROXIMATION;12346;139;8;1672694730671;0.0
APPROXIMATION;12350;139;8;1672694730672;0.0
APPROXIMATION;12348;139;8;1672694730672;0.0
APPROXIMATION;12351;139;8;1672694730672;0.0
APPROXIMATION;12352;139;8;1672694730672;0.0
APPROXIMATION;12349;139;8;1672694730672;0.0
APPROXIMATION;12345;139;9;1672694730672;0.0
APPROXIMATION;12346;139;9;1672694730672;0.0
APPROXIMATION;12348;139;9;1672694730672;0.0
APPROXIMATION;12351;139;9;1672694730672;0.0
APPROXIMATION;12350;139;9;1672694730672;0.0
APPROXIMATION;12352;139;9;1672694730672;0.0
APPROXIMATION;12349;139;9;1672694730672;0.0
APPROXIMATION;12345;139;10;1672694730672;0.0
APPROXIMATION;12346;139;10;1672694730672;0.0
APPROXIMATION;12348;139;10;1672694730673;0.0
APPROXIMATION;12350;139;10;1672694730673;0.0
APPROXIMATION;12351;139;10;1672694730673;0.0
APPROXIMATION;12349;139;10;1672694730673;0.0
APPROXIMATION;12352;139;10;1672694730673;0.0
APPROXIMATION;12345;139;11;1672694730673;0.0
APPROXIMATION;12346;139;11;1672694730673;0.0
APPROXIMATION;12348;139;11;1672694730673;0.0
APPROXIMATION;12352;139;11;1672694730673;0.0
APPROXIMATION;12350;139;11;1672694730673;0.0
APPROXIMATION;12351;139;11;1672694730673;0.0
APPROXIMATION;12349;139;11;1672694730673;0.0
APPROXIMATION;12345;139;12;1672694730673;0.0
APPROXIMATION;12346;139;12;1672694730673;0.0
APPROXIMATION;12348;139;12;1672694730673;0.0
APPROXIMATION;12350;139;12;1672694730673;0.0
APPROXIMATION;12351;139;12;1672694730674;0.0
APPROXIMATION;12352;139;12;1672694730674;0.0
APPROXIMATION;12349;139;12;1672694730674;0.0
APPROXIMATION;12346;139;13;1672694730674;0.0
APPROXIMATION;12345;139;13;1672694730674;0.0
APPROXIMATION;12348;139;13;1672694730674;0.0
APPROXIMATION;12350;139;13;1672694730674;0.0
APPROXIMATION;12351;139;13;1672694730674;0.0
APPROXIMATION;12352;139;13;1672694730674;0.0
APPROXIMATION;12349;139;13;1672694730674;0.0
HALTED;12346;139;14;1672694730674;0.0
HALTED;12345;139;14;1672694730674;0.0
HALTED;12348;139;14;1672694730674;0.0
HALTED;12350;139;14;1672694730674;0.0
HALTED;12351;139;14;1672694730674;0.0
HALTED;12352;139;14;1672694730674;0.0
HALTED;12349;139;14;1672694730674;0.0
INITIALIZATION;12345;140;0;1672694730775;0.0
INITIALIZATION;12346;140;0;1672694730775;0.0
INITIALIZATION;12349;140;0;1672694730776;0.0
INITIALIZATION;12350;140;0;1672694730776;0.0
INITIALIZATION;12351;140;0;1672694730776;0.0
INITIALIZATION;12352;140;0;1672694730776;0.0
APPROXIMATION;12345;140;1;1672694730776;0.0
INITIALIZATION;12348;140;0;1672694730776;0.0
APPROXIMATION;12346;140;1;1672694730776;0.0
APPROXIMATION;12349;140;1;1672694730777;0.0
APPROXIMATION;12350;140;1;1672694730777;0.0
APPROXIMATION;12351;140;1;1672694730777;0.0
APPROXIMATION;12352;140;1;1672694730777;0.0
APPROXIMATION;12348;140;1;1672694730777;0.0
APPROXIMATION;12346;140;2;1672694730777;0.0
APPROXIMATION;12345;140;2;1672694730777;0.0
APPROXIMATION;12349;140;2;1672694730777;0.0
APPROXIMATION;12348;140;2;1672694730777;0.0
APPROXIMATION;12350;140;2;1672694730777;0.0
APPROXIMATION;12351;140;2;1672694730777;0.0
APPROXIMATION;12346;140;3;1672694730777;0.0
APPROXIMATION;12352;140;2;1672694730777;0.0
APPROXIMATION;12345;140;3;1672694730778;0.0
APPROXIMATION;12348;140;3;1672694730778;0.0
APPROXIMATION;12349;140;3;1672694730778;0.0
APPROXIMATION;12350;140;3;1672694730778;0.0
APPROXIMATION;12351;140;3;1672694730778;0.0
APPROXIMATION;12352;140;3;1672694730778;0.0
APPROXIMATION;12346;140;4;1672694730778;0.0
APPROXIMATION;12348;140;4;1672694730778;0.0
APPROXIMATION;12345;140;4;1672694730778;0.0
APPROXIMATION;12350;140;4;1672694730778;0.0
APPROXIMATION;12349;140;4;1672694730778;0.0
APPROXIMATION;12351;140;4;1672694730778;0.0
APPROXIMATION;12352;140;4;1672694730778;0.0
APPROXIMATION;12346;140;5;1672694730778;0.0
APPROXIMATION;12348;140;5;1672694730779;0.0
APPROXIMATION;12350;140;5;1672694730779;0.0
APPROXIMATION;12351;140;5;1672694730779;0.0
APPROXIMATION;12352;140;5;1672694730779;0.0
APPROXIMATION;12345;140;5;1672694730779;0.0
APPROXIMATION;12349;140;5;1672694730779;0.0
APPROXIMATION;12346;140;6;1672694730779;0.0
APPROXIMATION;12348;140;6;1672694730779;0.0
APPROXIMATION;12350;140;6;1672694730779;0.0
APPROXIMATION;12349;140;6;1672694730779;0.0
APPROXIMATION;12351;140;6;1672694730779;0.0
APPROXIMATION;12352;140;6;1672694730779;0.0
APPROXIMATION;12345;140;6;1672694730779;0.0
APPROXIMATION;12346;140;7;1672694730779;0.0
APPROXIMATION;12348;140;7;1672694730780;0.0
APPROXIMATION;12349;140;7;1672694730780;0.0
APPROXIMATION;12350;140;7;1672694730780;0.0
APPROXIMATION;12351;140;7;1672694730780;0.0
APPROXIMATION;12352;140;7;1672694730780;0.0
APPROXIMATION;12345;140;7;1672694730780;0.0
APPROXIMATION;12346;140;8;1672694730780;0.0
APPROXIMATION;12348;140;8;1672694730780;0.0
APPROXIMATION;12349;140;8;1672694730780;0.0
APPROXIMATION;12350;140;8;1672694730780;0.0
APPROXIMATION;12351;140;8;1672694730780;0.0
APPROXIMATION;12352;140;8;1672694730780;0.0
APPROXIMATION;12345;140;8;1672694730780;0.0
APPROXIMATION;12346;140;9;1672694730780;0.0
APPROXIMATION;12348;140;9;1672694730781;0.0
APPROXIMATION;12349;140;9;1672694730781;0.0
APPROXIMATION;12350;140;9;1672694730781;0.0
APPROXIMATION;12351;140;9;1672694730781;0.0
APPROXIMATION;12352;140;9;1672694730781;0.0
APPROXIMATION;12345;140;9;1672694730781;0.0
APPROXIMATION;12346;140;10;1672694730781;0.0
APPROXIMATION;12348;140;10;1672694730781;0.0
APPROXIMATION;12349;140;10;1672694730781;0.0
APPROXIMATION;12350;140;10;1672694730781;0.0
APPROXIMATION;12351;140;10;1672694730781;0.0
APPROXIMATION;12352;140;10;1672694730781;0.0
APPROXIMATION;12345;140;10;1672694730781;0.0
APPROXIMATION;12346;140;11;1672694730782;0.0
APPROXIMATION;12348;140;11;1672694730782;0.0
APPROXIMATION;12349;140;11;1672694730782;0.0
APPROXIMATION;12350;140;11;1672694730782;0.0
APPROXIMATION;12351;140;11;1672694730782;0.0
APPROXIMATION;12352;140;11;1672694730782;0.0
APPROXIMATION;12345;140;11;1672694730782;0.0
APPROXIMATION;12346;140;12;1672694730782;0.0
APPROXIMATION;12348;140;12;1672694730782;0.0
APPROXIMATION;12349;140;12;1672694730782;0.0
APPROXIMATION;12350;140;12;1672694730782;0.0
APPROXIMATION;12351;140;12;1672694730782;0.0
APPROXIMATION;12352;140;12;1672694730783;0.0
APPROXIMATION;12345;140;12;1672694730783;0.0
APPROXIMATION;12346;140;13;1672694730783;0.0
APPROXIMATION;12348;140;13;1672694730783;0.0
APPROXIMATION;12349;140;13;1672694730783;0.0
APPROXIMATION;12350;140;13;1672694730783;0.0
APPROXIMATION;12351;140;13;1672694730783;0.0
APPROXIMATION;12352;140;13;1672694730783;0.0
APPROXIMATION;12345;140;13;1672694730783;0.0
HALTED;12346;140;14;1672694730783;0.0
HALTED;12348;140;14;1672694730783;0.0
HALTED;12349;140;14;1672694730783;0.0
HALTED;12351;140;14;1672694730784;0.0
HALTED;12350;140;14;1672694730784;0.0
HALTED;12352;140;14;1672694730784;0.0
HALTED;12345;140;14;1672694730784;0.0
INITIALIZATION;12345;141;0;1672694730884;0.0
INITIALIZATION;12348;141;0;1672694730885;0.0
INITIALIZATION;12350;141;0;1672694730885;0.0
INITIALIZATION;12349;141;0;1672694730885;0.0
INITIALIZATION;12351;141;0;1672694730885;0.0
INITIALIZATION;12352;141;0;1672694730885;0.0
INITIALIZATION;12346;141;0;1672694730886;0.0
APPROXIMATION;12345;141;1;1672694730886;0.0
APPROXIMATION;12348;141;1;1672694730886;0.0
APPROXIMATION;12349;141;1;1672694730886;0.0
APPROXIMATION;12350;141;1;1672694730886;0.0
APPROXIMATION;12351;141;1;1672694730887;0.0
APPROXIMATION;12352;141;1;1672694730887;0.0
APPROXIMATION;12346;141;1;1672694730887;0.0
APPROXIMATION;12345;141;2;1672694730887;0.0
APPROXIMATION;12348;141;2;1672694730887;0.0
APPROXIMATION;12349;141;2;1672694730887;0.0
APPROXIMATION;12350;141;2;1672694730887;0.0
APPROXIMATION;12351;141;2;1672694730887;0.0
APPROXIMATION;12346;141;2;1672694730887;0.0
APPROXIMATION;12352;141;2;1672694730887;0.0
APPROXIMATION;12348;141;3;1672694730887;0.0
APPROXIMATION;12345;141;3;1672694730887;0.0
APPROXIMATION;12349;141;3;1672694730888;0.0
APPROXIMATION;12350;141;3;1672694730888;0.0
APPROXIMATION;12346;141;3;1672694730888;0.0
APPROXIMATION;12351;141;3;1672694730888;0.0
APPROXIMATION;12352;141;3;1672694730888;0.0
APPROXIMATION;12348;141;4;1672694730888;0.0
APPROXIMATION;12350;141;4;1672694730888;0.0
APPROXIMATION;12346;141;4;1672694730888;0.0
APPROXIMATION;12345;141;4;1672694730888;0.0
APPROXIMATION;12351;141;4;1672694730888;0.0
APPROXIMATION;12349;141;4;1672694730888;0.0
APPROXIMATION;12352;141;4;1672694730888;0.0
APPROXIMATION;12348;141;5;1672694730888;0.0
APPROXIMATION;12346;141;5;1672694730888;0.0
APPROXIMATION;12350;141;5;1672694730888;0.0
APPROXIMATION;12351;141;5;1672694730889;0.0
APPROXIMATION;12352;141;5;1672694730889;0.0
APPROXIMATION;12345;141;5;1672694730889;0.0
APPROXIMATION;12349;141;5;1672694730889;0.0
APPROXIMATION;12348;141;6;1672694730889;0.0
APPROXIMATION;12346;141;6;1672694730889;0.0
APPROXIMATION;12350;141;6;1672694730889;0.0
APPROXIMATION;12351;141;6;1672694730889;0.0
APPROXIMATION;12349;141;6;1672694730889;0.0
APPROXIMATION;12352;141;6;1672694730889;0.0
APPROXIMATION;12345;141;6;1672694730889;0.0
APPROXIMATION;12346;141;7;1672694730889;0.0
APPROXIMATION;12348;141;7;1672694730889;0.0
APPROXIMATION;12350;141;7;1672694730890;0.0
APPROXIMATION;12349;141;7;1672694730890;0.0
APPROXIMATION;12351;141;7;1672694730890;0.0
APPROXIMATION;12352;141;7;1672694730890;0.0
APPROXIMATION;12345;141;7;1672694730890;0.0
APPROXIMATION;12346;141;8;1672694730890;0.0
APPROXIMATION;12348;141;8;1672694730890;0.0
APPROXIMATION;12349;141;8;1672694730890;0.0
APPROXIMATION;12350;141;8;1672694730890;0.0
APPROXIMATION;12351;141;8;1672694730890;0.0
APPROXIMATION;12352;141;8;1672694730890;0.0
APPROXIMATION;12345;141;8;1672694730890;0.0
APPROXIMATION;12346;141;9;1672694730890;0.0
APPROXIMATION;12348;141;9;1672694730890;0.0
APPROXIMATION;12349;141;9;1672694730891;0.0
APPROXIMATION;12350;141;9;1672694730891;0.0
APPROXIMATION;12351;141;9;1672694730891;0.0
APPROXIMATION;12352;141;9;1672694730891;0.0
APPROXIMATION;12345;141;9;1672694730891;0.0
APPROXIMATION;12346;141;10;1672694730891;0.0
APPROXIMATION;12348;141;10;1672694730891;0.0
APPROXIMATION;12349;141;10;1672694730891;0.0
APPROXIMATION;12350;141;10;1672694730891;0.0
APPROXIMATION;12351;141;10;1672694730891;0.0
APPROXIMATION;12352;141;10;1672694730891;0.0
APPROXIMATION;12345;141;10;1672694730891;0.0
APPROXIMATION;12346;141;11;1672694730891;0.0
APPROXIMATION;12348;141;11;1672694730892;0.0
APPROXIMATION;12349;141;11;1672694730892;0.0
APPROXIMATION;12350;141;11;1672694730892;0.0
APPROXIMATION;12351;141;11;1672694730892;0.0
APPROXIMATION;12352;141;11;1672694730892;0.0
APPROXIMATION;12345;141;11;1672694730892;0.0
APPROXIMATION;12346;141;12;1672694730892;0.0
APPROXIMATION;12348;141;12;1672694730892;0.0
APPROXIMATION;12349;141;12;1672694730892;0.0
APPROXIMATION;12350;141;12;1672694730892;0.0
APPROXIMATION;12351;141;12;1672694730892;0.0
APPROXIMATION;12352;141;12;1672694730892;0.0
APPROXIMATION;12345;141;12;1672694730892;0.0
APPROXIMATION;12346;141;13;1672694730892;0.0
APPROXIMATION;12348;141;13;1672694730893;0.0
APPROXIMATION;12349;141;13;1672694730893;0.0
APPROXIMATION;12350;141;13;1672694730893;0.0
APPROXIMATION;12351;141;13;1672694730893;0.0
APPROXIMATION;12352;141;13;1672694730893;0.0
APPROXIMATION;12345;141;13;1672694730893;0.0
HALTED;12346;141;14;1672694730893;0.0
HALTED;12348;141;14;1672694730893;0.0
HALTED;12351;141;14;1672694730893;0.0
HALTED;12349;141;14;1672694730893;0.0
HALTED;12350;141;14;1672694730893;0.0
HALTED;12352;141;14;1672694730893;0.0
HALTED;12345;141;14;1672694730893;0.0
INITIALIZATION;12345;142;0;1672694730995;0.0
INITIALIZATION;12346;142;0;1672694730995;0.0
INITIALIZATION;12351;142;0;1672694730995;0.0
INITIALIZATION;12349;142;0;1672694730996;0.0
INITIALIZATION;12348;142;0;1672694730996;0.0
INITIALIZATION;12350;142;0;1672694730996;0.0
INITIALIZATION;12352;142;0;1672694730996;0.0
APPROXIMATION;12345;142;1;1672694730996;0.0
APPROXIMATION;12346;142;1;1672694730996;0.0
APPROXIMATION;12350;142;1;1672694730996;0.0
APPROXIMATION;12352;142;1;1672694730996;0.0
APPROXIMATION;12348;142;1;1672694730996;0.0
APPROXIMATION;12351;142;1;1672694730996;0.0
APPROXIMATION;12349;142;1;1672694730996;0.0
APPROXIMATION;12346;142;2;1672694730996;0.0
APPROXIMATION;12348;142;2;1672694730997;0.0
APPROXIMATION;12350;142;2;1672694730997;0.0
APPROXIMATION;12351;142;2;1672694730997;0.0
APPROXIMATION;12352;142;2;1672694730997;0.0
APPROXIMATION;12349;142;2;1672694730997;0.0
APPROXIMATION;12351;142;3;1672694730997;0.0
APPROXIMATION;12348;142;3;1672694731039;0.0
APPROXIMATION;12350;142;3;1672694731039;0.0
APPROXIMATION;12352;142;3;1672694731039;0.0
APPROXIMATION;12345;142;2;1672694731039;0.0
APPROXIMATION;12346;142;3;1672694731039;0.0
APPROXIMATION;12349;142;3;1672694731039;0.0
APPROXIMATION;12345;142;3;1672694731040;0.0
APPROXIMATION;12346;142;4;1672694731040;0.0
APPROXIMATION;12348;142;4;1672694731040;0.0
APPROXIMATION;12351;142;4;1672694731040;0.0
APPROXIMATION;12349;142;4;1672694731040;0.0
APPROXIMATION;12345;142;4;1672694731040;0.0
APPROXIMATION;12350;142;4;1672694731040;0.0
APPROXIMATION;12352;142;4;1672694731040;0.0
APPROXIMATION;12346;142;5;1672694731040;0.0
APPROXIMATION;12345;142;5;1672694731041;0.0
APPROXIMATION;12348;142;5;1672694731041;0.0
APPROXIMATION;12352;142;5;1672694731041;0.0
APPROXIMATION;12351;142;5;1672694731041;0.0
APPROXIMATION;12350;142;5;1672694731041;0.0
APPROXIMATION;12349;142;5;1672694731041;0.0
APPROXIMATION;12346;142;6;1672694731041;0.0
APPROXIMATION;12345;142;6;1672694731041;0.0
APPROXIMATION;12351;142;6;1672694731041;0.0
APPROXIMATION;12348;142;6;1672694731041;0.0
APPROXIMATION;12352;142;6;1672694731041;0.0
APPROXIMATION;12350;142;6;1672694731041;0.0
APPROXIMATION;12349;142;6;1672694731041;0.0
APPROXIMATION;12345;142;7;1672694731042;0.0
APPROXIMATION;12350;142;7;1672694731042;0.0
APPROXIMATION;12352;142;7;1672694731042;0.0
APPROXIMATION;12349;142;7;1672694731042;0.0
APPROXIMATION;12346;142;7;1672694731089;0.0
APPROXIMATION;12351;142;7;1672694731090;0.0
APPROXIMATION;12348;142;7;1672694731090;0.0
APPROXIMATION;12346;142;8;1672694731090;0.0
APPROXIMATION;12350;142;8;1672694731090;0.0
APPROXIMATION;12349;142;8;1672694731090;0.0
APPROXIMATION;12345;142;8;1672694731090;0.0
APPROXIMATION;12352;142;8;1672694731090;0.0
APPROXIMATION;12351;142;8;1672694731090;0.0
APPROXIMATION;12348;142;8;1672694731090;0.0
APPROXIMATION;12345;142;9;1672694731091;0.0
APPROXIMATION;12348;142;9;1672694731091;0.0
APPROXIMATION;12350;142;9;1672694731091;0.0
APPROXIMATION;12346;142;9;1672694731091;0.0
APPROXIMATION;12351;142;9;1672694731091;0.0
APPROXIMATION;12352;142;9;1672694731091;0.0
APPROXIMATION;12349;142;9;1672694731091;0.0
APPROXIMATION;12346;142;10;1672694731091;0.0
APPROXIMATION;12348;142;10;1672694731092;0.0
APPROXIMATION;12351;142;10;1672694731092;0.0
APPROXIMATION;12350;142;10;1672694731092;0.0
APPROXIMATION;12352;142;10;1672694731092;0.0
APPROXIMATION;12349;142;10;1672694731092;0.0
APPROXIMATION;12345;142;10;1672694731139;0.0
APPROXIMATION;12352;142;11;1672694731139;0.0
APPROXIMATION;12349;142;11;1672694731139;0.0
APPROXIMATION;12346;142;11;1672694731139;0.0
APPROXIMATION;12351;142;11;1672694731139;0.0
APPROXIMATION;12350;142;11;1672694731139;0.0
APPROXIMATION;12348;142;11;1672694731139;0.0
APPROXIMATION;12345;142;11;1672694731140;0.0
APPROXIMATION;12346;142;12;1672694731140;0.0
APPROXIMATION;12349;142;12;1672694731140;0.0
APPROXIMATION;12350;142;12;1672694731140;0.0
APPROXIMATION;12351;142;12;1672694731140;0.0
APPROXIMATION;12348;142;12;1672694731140;0.0
APPROXIMATION;12345;142;12;1672694731140;0.0
APPROXIMATION;12352;142;12;1672694731140;0.0
APPROXIMATION;12346;142;13;1672694731140;0.0
APPROXIMATION;12348;142;13;1672694731141;0.0
APPROXIMATION;12349;142;13;1672694731141;0.0
APPROXIMATION;12351;142;13;1672694731141;0.0
APPROXIMATION;12350;142;13;1672694731141;0.0
APPROXIMATION;12352;142;13;1672694731141;0.0
APPROXIMATION;12345;142;13;1672694731141;0.0
HALTED;12348;142;14;1672694731141;0.0
HALTED;12346;142;14;1672694731141;0.0
HALTED;12350;142;14;1672694731141;0.0
HALTED;12351;142;14;1672694731141;0.0
HALTED;12345;142;14;1672694731141;0.0
HALTED;12352;142;14;1672694731141;0.0
HALTED;12349;142;14;1672694731141;0.0
INITIALIZATION;12345;143;0;1672694731242;0.0
INITIALIZATION;12346;143;0;1672694731243;0.0
INITIALIZATION;12351;143;0;1672694731243;0.0
INITIALIZATION;12348;143;0;1672694731243;0.0
INITIALIZATION;12349;143;0;1672694731243;0.0
INITIALIZATION;12352;143;0;1672694731243;0.0
INITIALIZATION;12350;143;0;1672694731243;0.0
APPROXIMATION;12345;143;1;1672694731243;0.0
APPROXIMATION;12346;143;1;1672694731244;0.0
APPROXIMATION;12348;143;1;1672694731244;0.0
APPROXIMATION;12349;143;1;1672694731244;0.0
APPROXIMATION;12352;143;1;1672694731244;0.0
APPROXIMATION;12351;143;1;1672694731244;0.0
APPROXIMATION;12350;143;1;1672694731244;0.0
APPROXIMATION;12346;143;2;1672694731244;0.0
APPROXIMATION;12345;143;2;1672694731244;0.0
APPROXIMATION;12348;143;2;1672694731244;0.0
APPROXIMATION;12350;143;2;1672694731245;0.0
APPROXIMATION;12351;143;2;1672694731245;0.0
APPROXIMATION;12349;143;2;1672694731245;0.0
APPROXIMATION;12352;143;2;1672694731245;0.0
APPROXIMATION;12345;143;3;1672694731245;0.0
APPROXIMATION;12346;143;3;1672694731245;0.0
APPROXIMATION;12350;143;3;1672694731245;0.0
APPROXIMATION;12352;143;3;1672694731289;0.0
APPROXIMATION;12351;143;3;1672694731289;0.0
APPROXIMATION;12348;143;3;1672694731289;0.0
APPROXIMATION;12349;143;3;1672694731290;0.0
APPROXIMATION;12345;143;4;1672694731290;0.0
APPROXIMATION;12346;143;4;1672694731290;0.0
APPROXIMATION;12350;143;4;1672694731290;0.0
APPROXIMATION;12351;143;4;1672694731290;0.0
APPROXIMATION;12348;143;4;1672694731290;0.0
APPROXIMATION;12352;143;4;1672694731290;0.0
APPROXIMATION;12349;143;4;1672694731290;0.0
APPROXIMATION;12348;143;5;1672694731290;0.0
APPROXIMATION;12351;143;5;1672694731290;0.0
APPROXIMATION;12350;143;5;1672694731290;0.0
APPROXIMATION;12345;143;5;1672694731290;0.0
APPROXIMATION;12346;143;5;1672694731290;0.0
APPROXIMATION;12352;143;5;1672694731290;0.0
APPROXIMATION;12349;143;5;1672694731290;0.0
APPROXIMATION;12348;143;6;1672694731291;0.0
APPROXIMATION;12349;143;6;1672694731291;0.0
APPROXIMATION;12346;143;6;1672694731291;0.0
APPROXIMATION;12350;143;6;1672694731291;0.0
APPROXIMATION;12351;143;6;1672694731291;0.0
APPROXIMATION;12352;143;6;1672694731291;0.0
APPROXIMATION;12345;143;6;1672694731291;0.0
APPROXIMATION;12348;143;7;1672694731291;0.0
APPROXIMATION;12346;143;7;1672694731291;0.0
APPROXIMATION;12349;143;7;1672694731291;0.0
APPROXIMATION;12350;143;7;1672694731291;0.0
APPROXIMATION;12351;143;7;1672694731292;0.0
APPROXIMATION;12352;143;7;1672694731292;0.0
APPROXIMATION;12345;143;7;1672694731292;0.0
APPROXIMATION;12346;143;8;1672694731292;0.0
APPROXIMATION;12348;143;8;1672694731292;0.0
APPROXIMATION;12350;143;8;1672694731292;0.0
APPROXIMATION;12349;143;8;1672694731292;0.0
APPROXIMATION;12351;143;8;1672694731292;0.0
APPROXIMATION;12352;143;8;1672694731292;0.0
APPROXIMATION;12345;143;8;1672694731292;0.0
APPROXIMATION;12346;143;9;1672694731292;0.0
APPROXIMATION;12348;143;9;1672694731292;0.0
APPROXIMATION;12349;143;9;1672694731293;0.0
APPROXIMATION;12350;143;9;1672694731293;0.0
APPROXIMATION;12351;143;9;1672694731293;0.0
APPROXIMATION;12352;143;9;1672694731293;0.0
APPROXIMATION;12345;143;9;1672694731293;0.0
APPROXIMATION;12346;143;10;1672694731293;0.0
APPROXIMATION;12348;143;10;1672694731293;0.0
APPROXIMATION;12349;143;10;1672694731293;0.0
APPROXIMATION;12350;143;10;1672694731293;0.0
APPROXIMATION;12351;143;10;1672694731293;0.0
APPROXIMATION;12352;143;10;1672694731293;0.0
APPROXIMATION;12345;143;10;1672694731293;0.0
APPROXIMATION;12346;143;11;1672694731293;0.0
APPROXIMATION;12348;143;11;1672694731294;0.0
APPROXIMATION;12349;143;11;1672694731294;0.0
APPROXIMATION;12350;143;11;1672694731294;0.0
APPROXIMATION;12351;143;11;1672694731294;0.0
APPROXIMATION;12352;143;11;1672694731294;0.0
APPROXIMATION;12345;143;11;1672694731294;0.0
APPROXIMATION;12346;143;12;1672694731294;0.0
APPROXIMATION;12348;143;12;1672694731294;0.0
APPROXIMATION;12349;143;12;1672694731294;0.0
APPROXIMATION;12350;143;12;1672694731294;0.0
APPROXIMATION;12351;143;12;1672694731294;0.0
APPROXIMATION;12352;143;12;1672694731294;0.0
APPROXIMATION;12345;143;12;1672694731294;0.0
APPROXIMATION;12346;143;13;1672694731294;0.0
APPROXIMATION;12348;143;13;1672694731295;0.0
APPROXIMATION;12349;143;13;1672694731295;0.0
APPROXIMATION;12350;143;13;1672694731295;0.0
APPROXIMATION;12351;143;13;1672694731295;0.0
APPROXIMATION;12352;143;13;1672694731295;0.0
APPROXIMATION;12345;143;13;1672694731295;0.0
HALTED;12346;143;14;1672694731295;0.0
HALTED;12348;143;14;1672694731295;0.0
HALTED;12349;143;14;1672694731295;0.0
HALTED;12350;143;14;1672694731295;0.0
HALTED;12351;143;14;1672694731295;0.0
HALTED;12352;143;14;1672694731295;0.0
HALTED;12345;143;14;1672694731295;0.0
INITIALIZATION;12345;144;0;1672694731396;0.0
INITIALIZATION;12346;144;0;1672694731397;0.0
INITIALIZATION;12348;144;0;1672694731397;0.0
INITIALIZATION;12349;144;0;1672694731397;0.0
INITIALIZATION;12350;144;0;1672694731397;0.0
INITIALIZATION;12351;144;0;1672694731397;0.0
INITIALIZATION;12352;144;0;1672694731397;0.0
APPROXIMATION;12345;144;1;1672694731398;0.0
APPROXIMATION;12348;144;1;1672694731398;0.0
APPROXIMATION;12346;144;1;1672694731398;0.0
APPROXIMATION;12352;144;1;1672694731398;0.0
APPROXIMATION;12350;144;1;1672694731398;0.0
APPROXIMATION;12351;144;1;1672694731398;0.0
APPROXIMATION;12349;144;1;1672694731398;0.0
APPROXIMATION;12345;144;2;1672694731398;0.0
APPROXIMATION;12346;144;2;1672694731398;0.0
APPROXIMATION;12348;144;2;1672694731398;0.0
APPROXIMATION;12350;144;2;1672694731398;0.0
APPROXIMATION;12351;144;2;1672694731398;0.0
APPROXIMATION;12352;144;2;1672694731398;0.0
APPROXIMATION;12349;144;2;1672694731398;0.0
APPROXIMATION;12346;144;3;1672694731398;0.0
APPROXIMATION;12348;144;3;1672694731399;0.0
APPROXIMATION;12345;144;3;1672694731399;0.0
APPROXIMATION;12352;144;3;1672694731399;0.0
APPROXIMATION;12349;144;3;1672694731399;0.0
APPROXIMATION;12350;144;3;1672694731440;0.0
APPROXIMATION;12351;144;3;1672694731440;0.0
APPROXIMATION;12345;144;4;1672694731440;0.0
APPROXIMATION;12346;144;4;1672694731440;0.0
APPROXIMATION;12348;144;4;1672694731440;0.0
APPROXIMATION;12351;144;4;1672694731440;0.0
APPROXIMATION;12350;144;4;1672694731440;0.0
APPROXIMATION;12352;144;4;1672694731440;0.0
APPROXIMATION;12349;144;4;1672694731440;0.0
APPROXIMATION;12346;144;5;1672694731441;0.0
APPROXIMATION;12345;144;5;1672694731441;0.0
APPROXIMATION;12349;144;5;1672694731441;0.0
APPROXIMATION;12348;144;5;1672694731441;0.0
APPROXIMATION;12350;144;5;1672694731441;0.0
APPROXIMATION;12346;144;6;1672694731442;0.0
APPROXIMATION;12351;144;5;1672694731442;0.0
APPROXIMATION;12352;144;5;1672694731442;0.0
APPROXIMATION;12349;144;6;1672694731442;0.0
APPROXIMATION;12345;144;6;1672694731442;0.0
APPROXIMATION;12348;144;6;1672694731442;0.0
APPROXIMATION;12350;144;6;1672694731442;0.0
APPROXIMATION;12352;144;6;1672694731442;0.0
APPROXIMATION;12351;144;6;1672694731442;0.0
APPROXIMATION;12349;144;7;1672694731442;0.0
APPROXIMATION;12346;144;7;1672694731442;0.0
APPROXIMATION;12345;144;7;1672694731442;0.0
APPROXIMATION;12348;144;7;1672694731442;0.0
APPROXIMATION;12350;144;7;1672694731443;0.0
APPROXIMATION;12351;144;7;1672694731443;0.0
APPROXIMATION;12352;144;7;1672694731443;0.0
APPROXIMATION;12346;144;8;1672694731443;0.0
APPROXIMATION;12348;144;8;1672694731443;0.0
APPROXIMATION;12349;144;8;1672694731443;0.0
APPROXIMATION;12350;144;8;1672694731443;0.0
APPROXIMATION;12345;144;8;1672694731443;0.0
APPROXIMATION;12351;144;8;1672694731443;0.0
APPROXIMATION;12352;144;8;1672694731443;0.0
APPROXIMATION;12346;144;9;1672694731443;0.0
APPROXIMATION;12348;144;9;1672694731443;0.0
APPROXIMATION;12349;144;9;1672694731443;0.0
APPROXIMATION;12350;144;9;1672694731443;0.0
APPROXIMATION;12351;144;9;1672694731443;0.0
APPROXIMATION;12352;144;9;1672694731443;0.0
APPROXIMATION;12345;144;9;1672694731444;0.0
APPROXIMATION;12346;144;10;1672694731444;0.0
APPROXIMATION;12348;144;10;1672694731444;0.0
APPROXIMATION;12349;144;10;1672694731444;0.0
APPROXIMATION;12350;144;10;1672694731444;0.0
APPROXIMATION;12351;144;10;1672694731444;0.0
APPROXIMATION;12352;144;10;1672694731444;0.0
APPROXIMATION;12345;144;10;1672694731444;0.0
APPROXIMATION;12346;144;11;1672694731444;0.0
APPROXIMATION;12348;144;11;1672694731444;0.0
APPROXIMATION;12350;144;11;1672694731444;0.0
APPROXIMATION;12349;144;11;1672694731444;0.0
APPROXIMATION;12351;144;11;1672694731444;0.0
APPROXIMATION;12352;144;11;1672694731444;0.0
APPROXIMATION;12345;144;11;1672694731445;0.0
APPROXIMATION;12346;144;12;1672694731445;0.0
APPROXIMATION;12348;144;12;1672694731445;0.0
APPROXIMATION;12349;144;12;1672694731445;0.0
APPROXIMATION;12350;144;12;1672694731445;0.0
APPROXIMATION;12351;144;12;1672694731445;0.0
APPROXIMATION;12345;144;12;1672694731445;0.0
APPROXIMATION;12352;144;12;1672694731445;0.0
APPROXIMATION;12346;144;13;1672694731445;0.0
APPROXIMATION;12348;144;13;1672694731445;0.0
APPROXIMATION;12349;144;13;1672694731445;0.0
APPROXIMATION;12350;144;13;1672694731445;0.0
APPROXIMATION;12351;144;13;1672694731445;0.0
APPROXIMATION;12345;144;13;1672694731445;0.0
APPROXIMATION;12352;144;13;1672694731445;0.0
HALTED;12346;144;14;1672694731446;0.0
HALTED;12348;144;14;1672694731446;0.0
HALTED;12349;144;14;1672694731446;0.0
HALTED;12350;144;14;1672694731446;0.0
HALTED;12351;144;14;1672694731446;0.0
HALTED;12345;144;14;1672694731446;0.0
HALTED;12352;144;14;1672694731446;0.0
INITIALIZATION;12345;145;0;1672694731547;0.0
INITIALIZATION;12346;145;0;1672694731547;0.0
INITIALIZATION;12349;145;0;1672694731547;0.0
INITIALIZATION;12348;145;0;1672694731547;0.0
INITIALIZATION;12351;145;0;1672694731547;0.0
INITIALIZATION;12352;145;0;1672694731548;0.0
INITIALIZATION;12350;145;0;1672694731548;0.0
APPROXIMATION;12345;145;1;1672694731548;0.0
APPROXIMATION;12346;145;1;1672694731548;0.0
APPROXIMATION;12348;145;1;1672694731548;0.0
APPROXIMATION;12351;145;1;1672694731549;0.0
APPROXIMATION;12352;145;1;1672694731549;0.0
APPROXIMATION;12350;145;1;1672694731549;0.0
APPROXIMATION;12349;145;1;1672694731549;0.0
APPROXIMATION;12346;145;2;1672694731549;0.0
APPROXIMATION;12348;145;2;1672694731549;0.0
APPROXIMATION;12349;145;2;1672694731549;0.0
APPROXIMATION;12345;145;2;1672694731549;0.0
APPROXIMATION;12352;145;2;1672694731549;0.0
APPROXIMATION;12350;145;2;1672694731549;0.0
APPROXIMATION;12351;145;2;1672694731549;0.0
APPROXIMATION;12345;145;3;1672694731663;0.0
APPROXIMATION;12348;145;3;1672694731663;0.0
APPROXIMATION;12346;145;3;1672694731663;0.0
APPROXIMATION;12350;145;3;1672694731663;0.0
APPROXIMATION;12352;145;3;1672694731663;0.0
APPROXIMATION;12351;145;3;1672694731663;0.0
APPROXIMATION;12349;145;3;1672694731663;0.0
APPROXIMATION;12345;145;4;1672694731664;0.0
APPROXIMATION;12346;145;4;1672694731664;0.0
APPROXIMATION;12348;145;4;1672694731664;0.0
APPROXIMATION;12349;145;4;1672694731664;0.0
APPROXIMATION;12350;145;4;1672694731664;0.0
APPROXIMATION;12351;145;4;1672694731664;0.0
APPROXIMATION;12352;145;4;1672694731664;0.0
APPROXIMATION;12346;145;5;1672694731664;0.0
APPROXIMATION;12345;145;5;1672694731664;0.0
APPROXIMATION;12348;145;5;1672694731664;0.0
APPROXIMATION;12349;145;5;1672694731664;0.0
APPROXIMATION;12351;145;5;1672694731665;0.0
APPROXIMATION;12350;145;5;1672694731665;0.0
APPROXIMATION;12352;145;5;1672694731665;0.0
APPROXIMATION;12345;145;6;1672694731665;0.0
APPROXIMATION;12346;145;6;1672694731665;0.0
APPROXIMATION;12348;145;6;1672694731665;0.0
APPROXIMATION;12351;145;6;1672694731665;0.0
APPROXIMATION;12349;145;6;1672694731665;0.0
APPROXIMATION;12352;145;6;1672694731665;0.0
APPROXIMATION;12350;145;6;1672694731665;0.0
APPROXIMATION;12345;145;7;1672694731665;0.0
APPROXIMATION;12346;145;7;1672694731665;0.0
APPROXIMATION;12348;145;7;1672694731666;0.0
APPROXIMATION;12351;145;7;1672694731666;0.0
APPROXIMATION;12349;145;7;1672694731666;0.0
APPROXIMATION;12352;145;7;1672694731666;0.0
APPROXIMATION;12350;145;7;1672694731666;0.0
APPROXIMATION;12346;145;8;1672694731666;0.0
APPROXIMATION;12345;145;8;1672694731666;0.0
APPROXIMATION;12348;145;8;1672694731666;0.0
APPROXIMATION;12351;145;8;1672694731666;0.0
APPROXIMATION;12350;145;8;1672694731666;0.0
APPROXIMATION;12349;145;8;1672694731666;0.0
APPROXIMATION;12352;145;8;1672694731666;0.0
APPROXIMATION;12346;145;9;1672694731666;0.0
APPROXIMATION;12345;145;9;1672694731666;0.0
APPROXIMATION;12348;145;9;1672694731667;0.0
APPROXIMATION;12351;145;9;1672694731667;0.0
APPROXIMATION;12352;145;9;1672694731667;0.0
APPROXIMATION;12350;145;9;1672694731667;0.0
APPROXIMATION;12349;145;9;1672694731667;0.0
APPROXIMATION;12346;145;10;1672694731667;0.0
APPROXIMATION;12345;145;10;1672694731667;0.0
APPROXIMATION;12348;145;10;1672694731667;0.0
APPROXIMATION;12350;145;10;1672694731667;0.0
APPROXIMATION;12351;145;10;1672694731667;0.0
APPROXIMATION;12352;145;10;1672694731667;0.0
APPROXIMATION;12349;145;10;1672694731667;0.0
APPROXIMATION;12346;145;11;1672694731667;0.0
APPROXIMATION;12348;145;11;1672694731667;0.0
APPROXIMATION;12345;145;11;1672694731667;0.0
APPROXIMATION;12350;145;11;1672694731668;0.0
APPROXIMATION;12351;145;11;1672694731668;0.0
APPROXIMATION;12352;145;11;1672694731668;0.0
APPROXIMATION;12349;145;11;1672694731668;0.0
APPROXIMATION;12346;145;12;1672694731668;0.0
APPROXIMATION;12345;145;12;1672694731668;0.0
APPROXIMATION;12348;145;12;1672694731668;0.0
APPROXIMATION;12351;145;12;1672694731668;0.0
APPROXIMATION;12350;145;12;1672694731668;0.0
APPROXIMATION;12352;145;12;1672694731668;0.0
APPROXIMATION;12349;145;12;1672694731668;0.0
APPROXIMATION;12346;145;13;1672694731668;0.0
APPROXIMATION;12348;145;13;1672694731668;0.0
APPROXIMATION;12351;145;13;1672694731669;0.0
APPROXIMATION;12345;145;13;1672694731669;0.0
APPROXIMATION;12350;145;13;1672694731669;0.0
APPROXIMATION;12349;145;13;1672694731669;0.0
APPROXIMATION;12352;145;13;1672694731669;0.0
HALTED;12346;145;14;1672694731669;0.0
HALTED;12348;145;14;1672694731669;0.0
HALTED;12350;145;14;1672694731669;0.0
HALTED;12351;145;14;1672694731669;0.0
HALTED;12345;145;14;1672694731669;0.0
HALTED;12349;145;14;1672694731669;0.0
HALTED;12352;145;14;1672694731669;0.0
INITIALIZATION;12345;146;0;1672694731770;0.0
INITIALIZATION;12346;146;0;1672694731771;0.0
INITIALIZATION;12348;146;0;1672694731771;0.0
INITIALIZATION;12349;146;0;1672694731771;0.0
INITIALIZATION;12351;146;0;1672694731772;0.0
INITIALIZATION;12352;146;0;1672694731772;0.0
APPROXIMATION;12345;146;1;1672694731772;0.0
INITIALIZATION;12350;146;0;1672694731772;0.0
APPROXIMATION;12346;146;1;1672694731773;0.0
APPROXIMATION;12348;146;1;1672694731774;0.0
APPROXIMATION;12349;146;1;1672694731774;0.0
APPROXIMATION;12350;146;1;1672694731774;0.0
APPROXIMATION;12351;146;1;1672694731774;0.0
APPROXIMATION;12346;146;2;1672694731775;0.0
APPROXIMATION;12352;146;1;1672694731775;0.0
APPROXIMATION;12345;146;2;1672694731775;0.0
APPROXIMATION;12348;146;2;1672694731776;0.0
APPROXIMATION;12349;146;2;1672694731776;0.0
APPROXIMATION;12351;146;2;1672694731776;0.0
APPROXIMATION;12350;146;2;1672694731777;0.0
APPROXIMATION;12352;146;2;1672694731777;0.0
APPROXIMATION;12345;146;3;1672694731777;0.0
APPROXIMATION;12348;146;3;1672694731778;0.0
APPROXIMATION;12346;146;3;1672694731778;0.0
APPROXIMATION;12349;146;3;1672694731778;0.0
APPROXIMATION;12351;146;3;1672694731778;0.0
APPROXIMATION;12350;146;3;1672694731778;0.0
APPROXIMATION;12352;146;3;1672694731778;0.0
APPROXIMATION;12346;146;4;1672694731779;0.0
APPROXIMATION;12348;146;4;1672694731779;0.0
APPROXIMATION;12349;146;4;1672694731779;0.0
APPROXIMATION;12345;146;4;1672694731779;0.0
APPROXIMATION;12351;146;4;1672694731779;0.0
APPROXIMATION;12346;146;5;1672694731780;0.0
APPROXIMATION;12350;146;4;1672694731780;0.0
APPROXIMATION;12345;146;5;1672694731780;0.0
APPROXIMATION;12348;146;5;1672694731780;0.0
APPROXIMATION;12352;146;4;1672694731780;0.0
APPROXIMATION;12349;146;5;1672694731780;0.0
APPROXIMATION;12351;146;5;1672694731780;0.0
APPROXIMATION;12350;146;5;1672694731780;0.0
APPROXIMATION;12352;146;5;1672694731781;0.0
APPROXIMATION;12346;146;6;1672694731781;0.0
APPROXIMATION;12351;146;6;1672694731781;0.0
APPROXIMATION;12349;146;6;1672694731781;0.0
APPROXIMATION;12345;146;6;1672694731781;0.0
APPROXIMATION;12348;146;6;1672694731781;0.0
APPROXIMATION;12350;146;6;1672694731781;0.0
APPROXIMATION;12352;146;6;1672694731781;0.0
APPROXIMATION;12346;146;7;1672694731781;0.0
APPROXIMATION;12349;146;7;1672694731781;0.0
APPROXIMATION;12348;146;7;1672694731781;0.0
APPROXIMATION;12350;146;7;1672694731781;0.0
APPROXIMATION;12351;146;7;1672694731781;0.0
APPROXIMATION;12352;146;7;1672694731781;0.0
APPROXIMATION;12345;146;7;1672694731781;0.0
APPROXIMATION;12346;146;8;1672694731782;0.0
APPROXIMATION;12349;146;8;1672694731782;0.0
APPROXIMATION;12348;146;8;1672694731782;0.0
APPROXIMATION;12350;146;8;1672694731782;0.0
APPROXIMATION;12351;146;8;1672694731782;0.0
APPROXIMATION;12352;146;8;1672694731782;0.0
APPROXIMATION;12345;146;8;1672694731782;0.0
APPROXIMATION;12346;146;9;1672694731782;0.0
APPROXIMATION;12348;146;9;1672694731782;0.0
APPROXIMATION;12349;146;9;1672694731782;0.0
APPROXIMATION;12350;146;9;1672694731782;0.0
APPROXIMATION;12351;146;9;1672694731782;0.0
APPROXIMATION;12352;146;9;1672694731782;0.0
APPROXIMATION;12345;146;9;1672694731783;0.0
APPROXIMATION;12346;146;10;1672694731783;0.0
APPROXIMATION;12348;146;10;1672694731783;0.0
APPROXIMATION;12349;146;10;1672694731783;0.0
APPROXIMATION;12350;146;10;1672694731783;0.0
APPROXIMATION;12351;146;10;1672694731783;0.0
APPROXIMATION;12352;146;10;1672694731783;0.0
APPROXIMATION;12345;146;10;1672694731783;0.0
APPROXIMATION;12346;146;11;1672694731783;0.0
APPROXIMATION;12348;146;11;1672694731783;0.0
APPROXIMATION;12349;146;11;1672694731783;0.0
APPROXIMATION;12350;146;11;1672694731783;0.0
APPROXIMATION;12351;146;11;1672694731784;0.0
APPROXIMATION;12352;146;11;1672694731784;0.0
APPROXIMATION;12345;146;11;1672694731784;0.0
APPROXIMATION;12346;146;12;1672694731784;0.0
APPROXIMATION;12348;146;12;1672694731784;0.0
APPROXIMATION;12349;146;12;1672694731784;0.0
APPROXIMATION;12350;146;12;1672694731784;0.0
APPROXIMATION;12351;146;12;1672694731784;0.0
APPROXIMATION;12352;146;12;1672694731784;0.0
APPROXIMATION;12345;146;12;1672694731784;0.0
APPROXIMATION;12346;146;13;1672694731784;0.0
APPROXIMATION;12348;146;13;1672694731784;0.0
APPROXIMATION;12349;146;13;1672694731785;0.0
APPROXIMATION;12351;146;13;1672694731785;0.0
APPROXIMATION;12350;146;13;1672694731785;0.0
APPROXIMATION;12352;146;13;1672694731785;0.0
APPROXIMATION;12345;146;13;1672694731785;0.0
HALTED;12346;146;14;1672694731785;0.0
HALTED;12348;146;14;1672694731785;0.0
HALTED;12349;146;14;1672694731785;0.0
HALTED;12350;146;14;1672694731785;0.0
HALTED;12351;146;14;1672694731785;0.0
HALTED;12352;146;14;1672694731785;0.0
HALTED;12345;146;14;1672694731785;0.0
INITIALIZATION;12345;147;0;1672694731886;0.0
INITIALIZATION;12346;147;0;1672694731887;0.0
INITIALIZATION;12349;147;0;1672694731887;0.0
INITIALIZATION;12348;147;0;1672694731887;0.0
INITIALIZATION;12351;147;0;1672694731887;0.0
INITIALIZATION;12352;147;0;1672694731887;0.0
INITIALIZATION;12350;147;0;1672694731887;0.0
APPROXIMATION;12345;147;1;1672694731888;0.0
APPROXIMATION;12346;147;1;1672694731888;0.0
APPROXIMATION;12348;147;1;1672694731888;0.0
APPROXIMATION;12349;147;1;1672694731888;0.0
APPROXIMATION;12350;147;1;1672694731888;0.0
APPROXIMATION;12352;147;1;1672694731888;0.0
APPROXIMATION;12351;147;1;1672694731888;0.0
APPROXIMATION;12345;147;2;1672694731888;0.0
APPROXIMATION;12346;147;2;1672694731888;0.0
APPROXIMATION;12348;147;2;1672694731888;0.0
APPROXIMATION;12351;147;2;1672694731888;0.0
APPROXIMATION;12349;147;2;1672694731888;0.0
APPROXIMATION;12352;147;2;1672694731888;0.0
APPROXIMATION;12350;147;2;1672694731888;0.0
APPROXIMATION;12346;147;3;1672694731889;0.0
APPROXIMATION;12348;147;3;1672694731889;0.0
APPROXIMATION;12345;147;3;1672694731889;0.0
APPROXIMATION;12351;147;3;1672694731889;0.0
APPROXIMATION;12350;147;3;1672694731889;0.0
APPROXIMATION;12349;147;3;1672694731889;0.0
APPROXIMATION;12352;147;3;1672694731889;0.0
APPROXIMATION;12348;147;4;1672694731889;0.0
APPROXIMATION;12346;147;4;1672694731889;0.0
APPROXIMATION;12345;147;4;1672694731889;0.0
APPROXIMATION;12349;147;4;1672694731889;0.0
APPROXIMATION;12350;147;4;1672694731889;0.0
APPROXIMATION;12351;147;4;1672694731889;0.0
APPROXIMATION;12352;147;4;1672694731889;0.0
APPROXIMATION;12348;147;5;1672694731890;0.0
APPROXIMATION;12346;147;5;1672694731890;0.0
APPROXIMATION;12349;147;5;1672694731890;0.0
APPROXIMATION;12350;147;5;1672694731890;0.0
APPROXIMATION;12351;147;5;1672694731890;0.0
APPROXIMATION;12352;147;5;1672694731891;0.0
APPROXIMATION;12346;147;6;1672694731891;0.0
APPROXIMATION;12345;147;5;1672694731891;0.0
APPROXIMATION;12348;147;6;1672694731891;0.0
APPROXIMATION;12349;147;6;1672694731891;0.0
APPROXIMATION;12351;147;6;1672694731891;0.0
APPROXIMATION;12352;147;6;1672694731892;0.0
APPROXIMATION;12345;147;6;1672694731892;0.0
APPROXIMATION;12350;147;6;1672694731892;0.0
APPROXIMATION;12346;147;7;1672694731892;0.0
APPROXIMATION;12348;147;7;1672694731892;0.0
APPROXIMATION;12349;147;7;1672694731892;0.0
APPROXIMATION;12351;147;7;1672694731892;0.0
APPROXIMATION;12350;147;7;1672694731892;0.0
APPROXIMATION;12345;147;7;1672694731892;0.0
APPROXIMATION;12352;147;7;1672694731892;0.0
APPROXIMATION;12346;147;8;1672694731892;0.0
APPROXIMATION;12348;147;8;1672694731892;0.0
APPROXIMATION;12349;147;8;1672694731892;0.0
APPROXIMATION;12350;147;8;1672694731892;0.0
APPROXIMATION;12351;147;8;1672694731893;0.0
APPROXIMATION;12345;147;8;1672694731893;0.0
APPROXIMATION;12352;147;8;1672694731893;0.0
APPROXIMATION;12346;147;9;1672694731893;0.0
APPROXIMATION;12348;147;9;1672694731893;0.0
APPROXIMATION;12349;147;9;1672694731893;0.0
APPROXIMATION;12350;147;9;1672694731893;0.0
APPROXIMATION;12351;147;9;1672694731893;0.0
APPROXIMATION;12345;147;9;1672694731893;0.0
APPROXIMATION;12352;147;9;1672694731893;0.0
APPROXIMATION;12346;147;10;1672694731893;0.0
APPROXIMATION;12348;147;10;1672694731893;0.0
APPROXIMATION;12349;147;10;1672694731893;0.0
APPROXIMATION;12350;147;10;1672694731893;0.0
APPROXIMATION;12351;147;10;1672694731893;0.0
APPROXIMATION;12345;147;10;1672694731893;0.0
APPROXIMATION;12352;147;10;1672694731894;0.0
APPROXIMATION;12346;147;11;1672694731894;0.0
APPROXIMATION;12348;147;11;1672694731894;0.0
APPROXIMATION;12349;147;11;1672694731894;0.0
APPROXIMATION;12350;147;11;1672694731894;0.0
APPROXIMATION;12351;147;11;1672694731894;0.0
APPROXIMATION;12345;147;11;1672694731894;0.0
APPROXIMATION;12352;147;11;1672694731894;0.0
APPROXIMATION;12346;147;12;1672694731894;0.0
APPROXIMATION;12348;147;12;1672694731894;0.0
APPROXIMATION;12349;147;12;1672694731894;0.0
APPROXIMATION;12350;147;12;1672694731894;0.0
APPROXIMATION;12345;147;12;1672694731894;0.0
APPROXIMATION;12352;147;12;1672694731894;0.0
APPROXIMATION;12351;147;12;1672694731894;0.0
APPROXIMATION;12346;147;13;1672694731895;0.0
APPROXIMATION;12348;147;13;1672694731895;0.0
APPROXIMATION;12349;147;13;1672694731895;0.0
APPROXIMATION;12351;147;13;1672694731895;0.0
APPROXIMATION;12350;147;13;1672694731895;0.0
APPROXIMATION;12352;147;13;1672694731895;0.0
APPROXIMATION;12345;147;13;1672694731895;0.0
HALTED;12346;147;14;1672694731895;0.0
HALTED;12348;147;14;1672694731895;0.0
HALTED;12349;147;14;1672694731895;0.0
HALTED;12351;147;14;1672694731895;0.0
HALTED;12350;147;14;1672694731895;0.0
HALTED;12352;147;14;1672694731895;0.0
HALTED;12345;147;14;1672694731895;0.0
INITIALIZATION;12345;148;0;1672694731996;0.0
INITIALIZATION;12346;148;0;1672694731997;0.0
INITIALIZATION;12348;148;0;1672694731997;0.0
INITIALIZATION;12350;148;0;1672694731997;0.0
INITIALIZATION;12349;148;0;1672694731997;0.0
INITIALIZATION;12351;148;0;1672694731997;0.0
INITIALIZATION;12352;148;0;1672694731997;0.0
APPROXIMATION;12345;148;1;1672694731997;0.0
APPROXIMATION;12346;148;1;1672694731998;0.0
APPROXIMATION;12348;148;1;1672694731998;0.0
APPROXIMATION;12351;148;1;1672694731998;0.0
APPROXIMATION;12349;148;1;1672694731998;0.0
APPROXIMATION;12352;148;1;1672694731998;0.0
APPROXIMATION;12350;148;1;1672694731998;0.0
APPROXIMATION;12345;148;2;1672694731998;0.0
APPROXIMATION;12346;148;2;1672694731998;0.0
APPROXIMATION;12348;148;2;1672694731998;0.0
APPROXIMATION;12349;148;2;1672694731998;0.0
APPROXIMATION;12350;148;2;1672694731998;0.0
APPROXIMATION;12352;148;2;1672694731998;0.0
APPROXIMATION;12345;148;3;1672694731998;0.0
APPROXIMATION;12346;148;3;1672694732039;0.0
APPROXIMATION;12348;148;3;1672694732039;0.0
APPROXIMATION;12349;148;3;1672694732039;0.0
APPROXIMATION;12350;148;3;1672694732039;0.0
APPROXIMATION;12352;148;3;1672694732039;0.0
APPROXIMATION;12351;148;2;1672694732039;0.0
APPROXIMATION;12351;148;3;1672694732040;0.0
APPROXIMATION;12345;148;4;1672694732040;0.0
APPROXIMATION;12346;148;4;1672694732040;0.0
APPROXIMATION;12351;148;4;1672694732040;0.0
APPROXIMATION;12349;148;4;1672694732040;0.0
APPROXIMATION;12348;148;4;1672694732040;0.0
APPROXIMATION;12352;148;4;1672694732040;0.0
APPROXIMATION;12350;148;4;1672694732040;0.0
APPROXIMATION;12346;148;5;1672694732040;0.0
APPROXIMATION;12345;148;5;1672694732040;0.0
APPROXIMATION;12348;148;5;1672694732040;0.0
APPROXIMATION;12351;148;5;1672694732041;0.0
APPROXIMATION;12345;148;6;1672694732041;0.0
APPROXIMATION;12350;148;5;1672694732041;0.0
APPROXIMATION;12349;148;5;1672694732041;0.0
APPROXIMATION;12352;148;5;1672694732041;0.0
APPROXIMATION;12346;148;6;1672694732041;0.0
APPROXIMATION;12348;148;6;1672694732041;0.0
APPROXIMATION;12350;148;6;1672694732041;0.0
APPROXIMATION;12351;148;6;1672694732041;0.0
APPROXIMATION;12352;148;6;1672694732041;0.0
APPROXIMATION;12349;148;6;1672694732041;0.0
APPROXIMATION;12348;148;7;1672694732042;0.0
APPROXIMATION;12351;148;7;1672694732042;0.0
APPROXIMATION;12349;148;7;1672694732042;0.0
APPROXIMATION;12346;148;7;1672694732090;0.0
APPROXIMATION;12352;148;7;1672694732090;0.0
APPROXIMATION;12350;148;7;1672694732090;0.0
APPROXIMATION;12345;148;7;1672694732090;0.0
APPROXIMATION;12348;148;8;1672694732090;0.0
APPROXIMATION;12349;148;8;1672694732090;0.0
APPROXIMATION;12345;148;8;1672694732091;0.0
APPROXIMATION;12351;148;8;1672694732091;0.0
APPROXIMATION;12346;148;8;1672694732091;0.0
APPROXIMATION;12350;148;8;1672694732091;0.0
APPROXIMATION;12348;148;9;1672694732091;0.0
APPROXIMATION;12352;148;8;1672694732092;0.0
APPROXIMATION;12351;148;9;1672694732092;0.0
APPROXIMATION;12349;148;9;1672694732092;0.0
APPROXIMATION;12345;148;9;1672694732092;0.0
APPROXIMATION;12346;148;9;1672694732092;0.0
APPROXIMATION;12350;148;9;1672694732092;0.0
APPROXIMATION;12348;148;10;1672694732092;0.0
APPROXIMATION;12352;148;9;1672694732092;0.0
APPROXIMATION;12345;148;10;1672694732092;0.0
APPROXIMATION;12351;148;10;1672694732092;0.0
APPROXIMATION;12346;148;10;1672694732092;0.0
APPROXIMATION;12349;148;10;1672694732092;0.0
APPROXIMATION;12350;148;10;1672694732092;0.0
APPROXIMATION;12352;148;10;1672694732093;0.0
APPROXIMATION;12345;148;11;1672694732093;0.0
APPROXIMATION;12348;148;11;1672694732093;0.0
APPROXIMATION;12346;148;11;1672694732093;0.0
APPROXIMATION;12350;148;11;1672694732093;0.0
APPROXIMATION;12351;148;11;1672694732093;0.0
APPROXIMATION;12349;148;11;1672694732093;0.0
APPROXIMATION;12352;148;11;1672694732093;0.0
APPROXIMATION;12345;148;12;1672694732093;0.0
APPROXIMATION;12346;148;12;1672694732093;0.0
APPROXIMATION;12348;148;12;1672694732093;0.0
APPROXIMATION;12350;148;12;1672694732093;0.0
APPROXIMATION;12351;148;12;1672694732093;0.0
APPROXIMATION;12352;148;12;1672694732094;0.0
APPROXIMATION;12349;148;12;1672694732094;0.0
APPROXIMATION;12345;148;13;1672694732094;0.0
APPROXIMATION;12346;148;13;1672694732094;0.0
APPROXIMATION;12348;148;13;1672694732094;0.0
APPROXIMATION;12350;148;13;1672694732094;0.0
APPROXIMATION;12351;148;13;1672694732094;0.0
APPROXIMATION;12352;148;13;1672694732094;0.0
APPROXIMATION;12349;148;13;1672694732094;0.0
HALTED;12345;148;14;1672694732094;0.0
HALTED;12346;148;14;1672694732094;0.0
HALTED;12348;148;14;1672694732094;0.0
HALTED;12350;148;14;1672694732094;0.0
HALTED;12351;148;14;1672694732094;0.0
HALTED;12352;148;14;1672694732095;0.0
HALTED;12349;148;14;1672694732095;0.0
INITIALIZATION;12345;149;0;1672694732195;0.0
INITIALIZATION;12346;149;0;1672694732195;0.0
INITIALIZATION;12348;149;0;1672694732195;0.0
INITIALIZATION;12350;149;0;1672694732195;0.0
INITIALIZATION;12351;149;0;1672694732196;0.0
INITIALIZATION;12352;149;0;1672694732196;0.0
APPROXIMATION;12345;149;1;1672694732196;0.0
INITIALIZATION;12349;149;0;1672694732196;0.0
APPROXIMATION;12346;149;1;1672694732196;0.0
APPROXIMATION;12348;149;1;1672694732197;0.0
APPROXIMATION;12350;149;1;1672694732197;0.0
APPROXIMATION;12351;149;1;1672694732197;0.0
APPROXIMATION;12352;149;1;1672694732197;0.0
APPROXIMATION;12349;149;1;1672694732197;0.0
APPROXIMATION;12346;149;2;1672694732197;0.0
APPROXIMATION;12345;149;2;1672694732197;0.0
APPROXIMATION;12348;149;2;1672694732197;0.0
APPROXIMATION;12351;149;2;1672694732197;0.0
APPROXIMATION;12350;149;2;1672694732197;0.0
APPROXIMATION;12352;149;2;1672694732198;0.0
APPROXIMATION;12349;149;2;1672694732198;0.0
APPROXIMATION;12345;149;3;1672694732198;0.0
APPROXIMATION;12346;149;3;1672694732198;0.0
APPROXIMATION;12348;149;3;1672694732198;0.0
APPROXIMATION;12349;149;3;1672694732198;0.0
APPROXIMATION;12351;149;3;1672694732198;0.0
APPROXIMATION;12352;149;3;1672694732198;0.0
APPROXIMATION;12350;149;3;1672694732198;0.0
APPROXIMATION;12345;149;4;1672694732198;0.0
APPROXIMATION;12346;149;4;1672694732198;0.0
APPROXIMATION;12348;149;4;1672694732198;0.0
APPROXIMATION;12351;149;4;1672694732198;0.0
APPROXIMATION;12349;149;4;1672694732199;0.0
APPROXIMATION;12352;149;4;1672694732199;0.0
APPROXIMATION;12350;149;4;1672694732199;0.0
APPROXIMATION;12345;149;5;1672694732199;0.0
APPROXIMATION;12346;149;5;1672694732199;0.0
APPROXIMATION;12348;149;5;1672694732199;0.0
APPROXIMATION;12349;149;5;1672694732199;0.0
APPROXIMATION;12351;149;5;1672694732199;0.0
APPROXIMATION;12352;149;5;1672694732199;0.0
APPROXIMATION;12350;149;5;1672694732199;0.0
APPROXIMATION;12345;149;6;1672694732199;0.0
APPROXIMATION;12346;149;6;1672694732199;0.0
APPROXIMATION;12348;149;6;1672694732199;0.0
APPROXIMATION;12349;149;6;1672694732200;0.0
APPROXIMATION;12351;149;6;1672694732200;0.0
APPROXIMATION;12350;149;6;1672694732200;0.0
APPROXIMATION;12352;149;6;1672694732200;0.0
APPROXIMATION;12345;149;7;1672694732200;0.0
APPROXIMATION;12346;149;7;1672694732200;0.0
APPROXIMATION;12348;149;7;1672694732200;0.0
APPROXIMATION;12349;149;7;1672694732200;0.0
APPROXIMATION;12351;149;7;1672694732200;0.0
APPROXIMATION;12352;149;7;1672694732200;0.0
APPROXIMATION;12350;149;7;1672694732200;0.0
APPROXIMATION;12345;149;8;1672694732200;0.0
APPROXIMATION;12346;149;8;1672694732200;0.0
APPROXIMATION;12348;149;8;1672694732200;0.0
APPROXIMATION;12349;149;8;1672694732200;0.0
APPROXIMATION;12351;149;8;1672694732200;0.0
APPROXIMATION;12352;149;8;1672694732201;0.0
APPROXIMATION;12350;149;8;1672694732201;0.0
APPROXIMATION;12345;149;9;1672694732201;0.0
APPROXIMATION;12348;149;9;1672694732201;0.0
APPROXIMATION;12346;149;9;1672694732201;0.0
APPROXIMATION;12349;149;9;1672694732201;0.0
APPROXIMATION;12351;149;9;1672694732201;0.0
APPROXIMATION;12352;149;9;1672694732201;0.0
APPROXIMATION;12350;149;9;1672694732201;0.0
APPROXIMATION;12348;149;10;1672694732201;0.0
APPROXIMATION;12346;149;10;1672694732201;0.0
APPROXIMATION;12349;149;10;1672694732201;0.0
APPROXIMATION;12345;149;10;1672694732201;0.0
APPROXIMATION;12351;149;10;1672694732201;0.0
APPROXIMATION;12352;149;10;1672694732201;0.0
APPROXIMATION;12350;149;10;1672694732201;0.0
APPROXIMATION;12348;149;11;1672694732202;0.0
APPROXIMATION;12346;149;11;1672694732202;0.0
APPROXIMATION;12349;149;11;1672694732202;0.0
APPROXIMATION;12351;149;11;1672694732202;0.0
APPROXIMATION;12352;149;11;1672694732202;0.0
APPROXIMATION;12345;149;11;1672694732202;0.0
APPROXIMATION;12350;149;11;1672694732202;0.0
APPROXIMATION;12348;149;12;1672694732202;0.0
APPROXIMATION;12349;149;12;1672694732202;0.0
APPROXIMATION;12346;149;12;1672694732202;0.0
APPROXIMATION;12351;149;12;1672694732202;0.0
APPROXIMATION;12350;149;12;1672694732202;0.0
APPROXIMATION;12352;149;12;1672694732202;0.0
APPROXIMATION;12345;149;12;1672694732202;0.0
APPROXIMATION;12348;149;13;1672694732202;0.0
APPROXIMATION;12346;149;13;1672694732203;0.0
APPROXIMATION;12349;149;13;1672694732203;0.0
APPROXIMATION;12350;149;13;1672694732203;0.0
APPROXIMATION;12351;149;13;1672694732203;0.0
APPROXIMATION;12352;149;13;1672694732203;0.0
APPROXIMATION;12345;149;13;1672694732203;0.0
HALTED;12348;149;14;1672694732203;0.0
HALTED;12346;149;14;1672694732203;0.0
HALTED;12349;149;14;1672694732203;0.0
HALTED;12351;149;14;1672694732203;0.0
HALTED;12350;149;14;1672694732203;0.0
HALTED;12352;149;14;1672694732203;0.0
HALTED;12345;149;14;1672694732203;0.0
INITIALIZATION;12345;150;0;1672694732304;0.0
INITIALIZATION;12346;150;0;1672694732305;0.0
INITIALIZATION;12348;150;0;1672694732305;0.0
INITIALIZATION;12349;150;0;1672694732305;0.0
INITIALIZATION;12350;150;0;1672694732305;0.0
INITIALIZATION;12352;150;0;1672694732305;0.0
INITIALIZATION;12351;150;0;1672694732305;0.0
APPROXIMATION;12345;150;1;1672694732305;0.0
APPROXIMATION;12346;150;1;1672694732305;0.0
APPROXIMATION;12348;150;1;1672694732305;0.0
APPROXIMATION;12349;150;1;1672694732306;0.0
APPROXIMATION;12352;150;1;1672694732306;0.0
APPROXIMATION;12351;150;1;1672694732306;0.0
APPROXIMATION;12350;150;1;1672694732306;0.0
APPROXIMATION;12345;150;2;1672694732306;0.0
APPROXIMATION;12346;150;2;1672694732306;0.0
APPROXIMATION;12348;150;2;1672694732306;0.0
APPROXIMATION;12345;150;3;1672694732306;0.0
APPROXIMATION;12351;150;2;1672694732306;0.0
APPROXIMATION;12350;150;2;1672694732306;0.0
APPROXIMATION;12349;150;2;1672694732306;0.0
APPROXIMATION;12352;150;2;1672694732306;0.0
APPROXIMATION;12346;150;3;1672694732306;0.0
APPROXIMATION;12349;150;3;1672694732307;0.0
APPROXIMATION;12350;150;3;1672694732307;0.0
APPROXIMATION;12352;150;3;1672694732307;0.0
APPROXIMATION;12351;150;3;1672694732350;0.0
APPROXIMATION;12348;150;3;1672694732350;0.0
APPROXIMATION;12345;150;4;1672694732350;0.0
APPROXIMATION;12346;150;4;1672694732350;0.0
APPROXIMATION;12350;150;4;1672694732350;0.0
APPROXIMATION;12349;150;4;1672694732350;0.0
APPROXIMATION;12351;150;4;1672694732350;0.0
APPROXIMATION;12348;150;4;1672694732350;0.0
APPROXIMATION;12352;150;4;1672694732350;0.0
APPROXIMATION;12345;150;5;1672694732350;0.0
APPROXIMATION;12346;150;5;1672694732350;0.0
APPROXIMATION;12350;150;5;1672694732351;0.0
APPROXIMATION;12348;150;5;1672694732351;0.0
APPROXIMATION;12349;150;5;1672694732351;0.0
APPROXIMATION;12352;150;5;1672694732351;0.0
APPROXIMATION;12351;150;5;1672694732351;0.0
APPROXIMATION;12346;150;6;1672694732351;0.0
APPROXIMATION;12345;150;6;1672694732351;0.0
APPROXIMATION;12350;150;6;1672694732351;0.0
APPROXIMATION;12349;150;6;1672694732352;0.0
APPROXIMATION;12348;150;6;1672694732352;0.0
APPROXIMATION;12352;150;6;1672694732352;0.0
APPROXIMATION;12346;150;7;1672694732352;0.0
APPROXIMATION;12351;150;6;1672694732352;0.0
APPROXIMATION;12350;150;7;1672694732352;0.0
APPROXIMATION;12352;150;7;1672694732352;0.0
APPROXIMATION;12345;150;7;1672694732352;0.0
APPROXIMATION;12346;150;8;1672694732352;0.0
APPROXIMATION;12349;150;7;1672694732353;0.0
APPROXIMATION;12348;150;7;1672694732353;0.0
APPROXIMATION;12351;150;7;1672694732353;0.0
APPROXIMATION;12345;150;8;1672694732353;0.0
APPROXIMATION;12348;150;8;1672694732353;0.0
APPROXIMATION;12350;150;8;1672694732353;0.0
APPROXIMATION;12352;150;8;1672694732353;0.0
APPROXIMATION;12349;150;8;1672694732353;0.0
APPROXIMATION;12351;150;8;1672694732353;0.0
APPROXIMATION;12346;150;9;1672694732353;0.0
APPROXIMATION;12345;150;9;1672694732353;0.0
APPROXIMATION;12348;150;9;1672694732353;0.0
APPROXIMATION;12351;150;9;1672694732353;0.0
APPROXIMATION;12350;150;9;1672694732353;0.0
APPROXIMATION;12352;150;9;1672694732353;0.0
APPROXIMATION;12349;150;9;1672694732353;0.0
APPROXIMATION;12346;150;10;1672694732353;0.0
APPROXIMATION;12345;150;10;1672694732353;0.0
APPROXIMATION;12348;150;10;1672694732354;0.0
APPROXIMATION;12351;150;10;1672694732354;0.0
APPROXIMATION;12352;150;10;1672694732354;0.0
APPROXIMATION;12350;150;10;1672694732354;0.0
APPROXIMATION;12349;150;10;1672694732354;0.0
APPROXIMATION;12346;150;11;1672694732354;0.0
APPROXIMATION;12345;150;11;1672694732354;0.0
APPROXIMATION;12348;150;11;1672694732354;0.0
APPROXIMATION;12351;150;11;1672694732354;0.0
APPROXIMATION;12352;150;11;1672694732354;0.0
APPROXIMATION;12350;150;11;1672694732354;0.0
APPROXIMATION;12349;150;11;1672694732354;0.0
APPROXIMATION;12345;150;12;1672694732354;0.0
APPROXIMATION;12346;150;12;1672694732354;0.0
APPROXIMATION;12348;150;12;1672694732354;0.0
APPROXIMATION;12351;150;12;1672694732355;0.0
APPROXIMATION;12349;150;12;1672694732355;0.0
APPROXIMATION;12352;150;12;1672694732355;0.0
APPROXIMATION;12350;150;12;1672694732355;0.0
APPROXIMATION;12345;150;13;1672694732355;0.0
APPROXIMATION;12346;150;13;1672694732355;0.0
APPROXIMATION;12348;150;13;1672694732355;0.0
APPROXIMATION;12351;150;13;1672694732355;0.0
APPROXIMATION;12349;150;13;1672694732355;0.0
APPROXIMATION;12352;150;13;1672694732355;0.0
APPROXIMATION;12350;150;13;1672694732355;0.0
HALTED;12346;150;14;1672694732355;0.0
HALTED;12345;150;14;1672694732355;0.0
HALTED;12348;150;14;1672694732355;0.0
HALTED;12349;150;14;1672694732356;0.0
HALTED;12352;150;14;1672694732356;0.0
HALTED;12351;150;14;1672694732356;0.0
HALTED;12350;150;14;1672694732356;0.0
INITIALIZATION;12345;151;0;1672694732456;0.0
INITIALIZATION;12346;151;0;1672694732457;0.0
INITIALIZATION;12348;151;0;1672694732457;0.0
INITIALIZATION;12349;151;0;1672694732457;0.0
INITIALIZATION;12351;151;0;1672694732457;0.0
INITIALIZATION;12350;151;0;1672694732457;0.0
INITIALIZATION;12352;151;0;1672694732457;0.0
APPROXIMATION;12345;151;1;1672694732457;0.0
APPROXIMATION;12346;151;1;1672694732457;0.0
APPROXIMATION;12348;151;1;1672694732457;0.0
APPROXIMATION;12351;151;1;1672694732457;0.0
APPROXIMATION;12349;151;1;1672694732458;0.0
APPROXIMATION;12350;151;1;1672694732458;0.0
APPROXIMATION;12352;151;1;1672694732458;0.0
APPROXIMATION;12345;151;2;1672694732458;0.0
APPROXIMATION;12346;151;2;1672694732458;0.0
APPROXIMATION;12348;151;2;1672694732458;0.0
APPROXIMATION;12349;151;2;1672694732458;0.0
APPROXIMATION;12351;151;2;1672694732458;0.0
APPROXIMATION;12352;151;2;1672694732458;0.0
APPROXIMATION;12350;151;2;1672694732458;0.0
APPROXIMATION;12345;151;3;1672694732458;0.0
APPROXIMATION;12346;151;3;1672694732459;0.0
APPROXIMATION;12348;151;3;1672694732459;0.0
APPROXIMATION;12349;151;3;1672694732459;0.0
APPROXIMATION;12350;151;3;1672694732459;0.0
APPROXIMATION;12345;151;4;1672694732459;0.0
APPROXIMATION;12351;151;3;1672694732459;0.0
APPROXIMATION;12352;151;3;1672694732459;0.0
APPROXIMATION;12346;151;4;1672694732459;0.0
APPROXIMATION;12348;151;4;1672694732459;0.0
APPROXIMATION;12349;151;4;1672694732459;0.0
APPROXIMATION;12350;151;4;1672694732459;0.0
APPROXIMATION;12351;151;4;1672694732459;0.0
APPROXIMATION;12352;151;4;1672694732459;0.0
APPROXIMATION;12345;151;5;1672694732459;0.0
APPROXIMATION;12348;151;5;1672694732459;0.0
APPROXIMATION;12346;151;5;1672694732459;0.0
APPROXIMATION;12349;151;5;1672694732459;0.0
APPROXIMATION;12350;151;5;1672694732460;0.0
APPROXIMATION;12351;151;5;1672694732460;0.0
APPROXIMATION;12352;151;5;1672694732460;0.0
APPROXIMATION;12345;151;6;1672694732460;0.0
APPROXIMATION;12348;151;6;1672694732460;0.0
APPROXIMATION;12349;151;6;1672694732460;0.0
APPROXIMATION;12350;151;6;1672694732460;0.0
APPROXIMATION;12346;151;6;1672694732460;0.0
APPROXIMATION;12351;151;6;1672694732460;0.0
APPROXIMATION;12352;151;6;1672694732460;0.0
APPROXIMATION;12349;151;7;1672694732460;0.0
APPROXIMATION;12348;151;7;1672694732460;0.0
APPROXIMATION;12350;151;7;1672694732460;0.0
APPROXIMATION;12345;151;7;1672694732460;0.0
APPROXIMATION;12351;151;7;1672694732460;0.0
APPROXIMATION;12352;151;7;1672694732460;0.0
APPROXIMATION;12346;151;7;1672694732460;0.0
APPROXIMATION;12350;151;8;1672694732461;0.0
APPROXIMATION;12346;151;8;1672694732461;0.0
APPROXIMATION;12349;151;8;1672694732461;0.0
APPROXIMATION;12351;151;8;1672694732461;0.0
APPROXIMATION;12348;151;8;1672694732461;0.0
APPROXIMATION;12352;151;8;1672694732461;0.0
APPROXIMATION;12345;151;8;1672694732461;0.0
APPROXIMATION;12346;151;9;1672694732461;0.0
APPROXIMATION;12350;151;9;1672694732461;0.0
APPROXIMATION;12349;151;9;1672694732461;0.0
APPROXIMATION;12348;151;9;1672694732461;0.0
APPROXIMATION;12351;151;9;1672694732461;0.0
APPROXIMATION;12352;151;9;1672694732461;0.0
APPROXIMATION;12345;151;9;1672694732461;0.0
APPROXIMATION;12346;151;10;1672694732461;0.0
APPROXIMATION;12348;151;10;1672694732461;0.0
APPROXIMATION;12349;151;10;1672694732462;0.0
APPROXIMATION;12350;151;10;1672694732462;0.0
APPROXIMATION;12351;151;10;1672694732462;0.0
APPROXIMATION;12352;151;10;1672694732462;0.0
APPROXIMATION;12345;151;10;1672694732462;0.0
APPROXIMATION;12346;151;11;1672694732462;0.0
APPROXIMATION;12348;151;11;1672694732462;0.0
APPROXIMATION;12349;151;11;1672694732462;0.0
APPROXIMATION;12350;151;11;1672694732462;0.0
APPROXIMATION;12351;151;11;1672694732462;0.0
APPROXIMATION;12352;151;11;1672694732462;0.0
APPROXIMATION;12345;151;11;1672694732462;0.0
APPROXIMATION;12346;151;12;1672694732462;0.0
APPROXIMATION;12348;151;12;1672694732462;0.0
APPROXIMATION;12349;151;12;1672694732462;0.0
APPROXIMATION;12350;151;12;1672694732462;0.0
APPROXIMATION;12351;151;12;1672694732463;0.0
APPROXIMATION;12345;151;12;1672694732463;0.0
APPROXIMATION;12352;151;12;1672694732463;0.0
APPROXIMATION;12346;151;13;1672694732463;0.0
APPROXIMATION;12348;151;13;1672694732463;0.0
APPROXIMATION;12349;151;13;1672694732463;0.0
APPROXIMATION;12350;151;13;1672694732463;0.0
APPROXIMATION;12351;151;13;1672694732463;0.0
APPROXIMATION;12345;151;13;1672694732463;0.0
APPROXIMATION;12352;151;13;1672694732463;0.0
HALTED;12346;151;14;1672694732463;0.0
HALTED;12348;151;14;1672694732463;0.0
HALTED;12349;151;14;1672694732463;0.0
HALTED;12350;151;14;1672694732463;0.0
HALTED;12351;151;14;1672694732463;0.0
HALTED;12345;151;14;1672694732464;0.0
HALTED;12352;151;14;1672694732464;0.0
INITIALIZATION;12345;152;0;1672694732564;0.0
INITIALIZATION;12346;152;0;1672694732565;0.0
INITIALIZATION;12348;152;0;1672694732565;0.0
INITIALIZATION;12350;152;0;1672694732565;0.0
INITIALIZATION;12349;152;0;1672694732565;0.0
INITIALIZATION;12351;152;0;1672694732565;0.0
INITIALIZATION;12352;152;0;1672694732565;0.0
APPROXIMATION;12345;152;1;1672694732566;0.0
APPROXIMATION;12346;152;1;1672694732566;0.0
APPROXIMATION;12348;152;1;1672694732566;0.0
APPROXIMATION;12349;152;1;1672694732566;0.0
APPROXIMATION;12352;152;1;1672694732566;0.0
APPROXIMATION;12351;152;1;1672694732566;0.0
APPROXIMATION;12350;152;1;1672694732566;0.0
APPROXIMATION;12345;152;2;1672694732566;0.0
APPROXIMATION;12348;152;2;1672694732567;0.0
APPROXIMATION;12349;152;2;1672694732567;0.0
APPROXIMATION;12346;152;2;1672694732567;0.0
APPROXIMATION;12350;152;2;1672694732567;0.0
APPROXIMATION;12351;152;2;1672694732567;0.0
APPROXIMATION;12345;152;3;1672694732567;0.0
APPROXIMATION;12346;152;3;1672694732567;0.0
APPROXIMATION;12350;152;3;1672694732609;0.0
APPROXIMATION;12349;152;3;1672694732609;0.0
APPROXIMATION;12348;152;3;1672694732609;0.0
APPROXIMATION;12351;152;3;1672694732609;0.0
APPROXIMATION;12352;152;2;1672694732609;0.0
APPROXIMATION;12352;152;3;1672694732610;0.0
APPROXIMATION;12345;152;4;1672694732610;0.0
APPROXIMATION;12346;152;4;1672694732610;0.0
APPROXIMATION;12348;152;4;1672694732610;0.0
APPROXIMATION;12349;152;4;1672694732610;0.0
APPROXIMATION;12351;152;4;1672694732610;0.0
APPROXIMATION;12350;152;4;1672694732610;0.0
APPROXIMATION;12352;152;4;1672694732610;0.0
APPROXIMATION;12345;152;5;1672694732611;0.0
APPROXIMATION;12346;152;5;1672694732611;0.0
APPROXIMATION;12348;152;5;1672694732611;0.0
APPROXIMATION;12349;152;5;1672694732611;0.0
APPROXIMATION;12352;152;5;1672694732611;0.0
APPROXIMATION;12351;152;5;1672694732611;0.0
APPROXIMATION;12350;152;5;1672694732611;0.0
APPROXIMATION;12346;152;6;1672694732611;0.0
APPROXIMATION;12348;152;6;1672694732611;0.0
APPROXIMATION;12345;152;6;1672694732611;0.0
APPROXIMATION;12349;152;6;1672694732611;0.0
APPROXIMATION;12352;152;6;1672694732611;0.0
APPROXIMATION;12351;152;6;1672694732611;0.0
APPROXIMATION;12350;152;6;1672694732611;0.0
APPROXIMATION;12348;152;7;1672694732612;0.0
APPROXIMATION;12349;152;7;1672694732612;0.0
APPROXIMATION;12351;152;7;1672694732612;0.0
APPROXIMATION;12352;152;7;1672694732612;0.0
APPROXIMATION;12350;152;7;1672694732612;0.0
APPROXIMATION;12345;152;7;1672694732659;0.0
APPROXIMATION;12346;152;7;1672694732660;0.0
APPROXIMATION;12348;152;8;1672694732660;0.0
APPROXIMATION;12345;152;8;1672694732660;0.0
APPROXIMATION;12349;152;8;1672694732660;0.0
APPROXIMATION;12346;152;8;1672694732660;0.0
APPROXIMATION;12350;152;8;1672694732660;0.0
APPROXIMATION;12351;152;8;1672694732660;0.0
APPROXIMATION;12352;152;8;1672694732660;0.0
APPROXIMATION;12345;152;9;1672694732660;0.0
APPROXIMATION;12346;152;9;1672694732660;0.0
APPROXIMATION;12348;152;9;1672694732661;0.0
APPROXIMATION;12349;152;9;1672694732661;0.0
APPROXIMATION;12352;152;9;1672694732661;0.0
APPROXIMATION;12351;152;9;1672694732661;0.0
APPROXIMATION;12350;152;9;1672694732661;0.0
APPROXIMATION;12345;152;10;1672694732661;0.0
APPROXIMATION;12346;152;10;1672694732661;0.0
APPROXIMATION;12348;152;10;1672694732661;0.0
APPROXIMATION;12351;152;10;1672694732661;0.0
APPROXIMATION;12349;152;10;1672694732661;0.0
APPROXIMATION;12350;152;10;1672694732661;0.0
APPROXIMATION;12352;152;10;1672694732661;0.0
APPROXIMATION;12345;152;11;1672694732662;0.0
APPROXIMATION;12346;152;11;1672694732662;0.0
APPROXIMATION;12348;152;11;1672694732662;0.0
APPROXIMATION;12350;152;11;1672694732662;0.0
APPROXIMATION;12352;152;11;1672694732662;0.0
APPROXIMATION;12351;152;11;1672694732710;0.0
APPROXIMATION;12349;152;11;1672694732710;0.0
APPROXIMATION;12345;152;12;1672694732710;0.0
APPROXIMATION;12346;152;12;1672694732710;0.0
APPROXIMATION;12348;152;12;1672694732710;0.0
APPROXIMATION;12351;152;12;1672694732710;0.0
APPROXIMATION;12349;152;12;1672694732710;0.0
APPROXIMATION;12352;152;12;1672694732710;0.0
APPROXIMATION;12350;152;12;1672694732710;0.0
APPROXIMATION;12348;152;13;1672694732710;0.0
APPROXIMATION;12345;152;13;1672694732711;0.0
APPROXIMATION;12346;152;13;1672694732711;0.0
APPROXIMATION;12349;152;13;1672694732711;0.0
APPROXIMATION;12350;152;13;1672694732711;0.0
APPROXIMATION;12351;152;13;1672694732711;0.0
APPROXIMATION;12352;152;13;1672694732711;0.0
HALTED;12345;152;14;1672694732711;0.0
HALTED;12346;152;14;1672694732711;0.0
HALTED;12349;152;14;1672694732712;0.0
HALTED;12348;152;14;1672694732712;0.0
HALTED;12351;152;14;1672694732712;0.0
HALTED;12352;152;14;1672694732712;0.0
HALTED;12350;152;14;1672694732712;0.0
INITIALIZATION;12345;153;0;1672694732812;0.0
INITIALIZATION;12348;153;0;1672694732813;0.0
INITIALIZATION;12346;153;0;1672694732813;0.0
INITIALIZATION;12349;153;0;1672694732814;0.0
INITIALIZATION;12351;153;0;1672694732814;0.0
INITIALIZATION;12350;153;0;1672694732814;0.0
INITIALIZATION;12352;153;0;1672694732814;0.0
APPROXIMATION;12345;153;1;1672694732815;0.0
APPROXIMATION;12346;153;1;1672694732815;0.0
APPROXIMATION;12348;153;1;1672694732816;0.0
APPROXIMATION;12350;153;1;1672694732816;0.0
APPROXIMATION;12349;153;1;1672694732817;0.0
APPROXIMATION;12351;153;1;1672694732817;0.0
APPROXIMATION;12345;153;2;1672694732817;0.0
APPROXIMATION;12352;153;1;1672694732817;0.0
APPROXIMATION;12346;153;2;1672694732818;0.0
APPROXIMATION;12348;153;2;1672694732819;0.0
APPROXIMATION;12349;153;2;1672694732820;0.0
APPROXIMATION;12352;153;2;1672694732820;0.0
APPROXIMATION;12351;153;2;1672694732820;0.0
APPROXIMATION;12350;153;2;1672694732820;0.0
APPROXIMATION;12345;153;3;1672694732820;0.0
APPROXIMATION;12348;153;3;1672694732821;0.0
APPROXIMATION;12346;153;3;1672694732822;0.0
APPROXIMATION;12349;153;3;1672694732822;0.0
APPROXIMATION;12352;153;3;1672694732822;0.0
APPROXIMATION;12351;153;3;1672694732822;0.0
APPROXIMATION;12350;153;3;1672694732822;0.0
APPROXIMATION;12345;153;4;1672694732822;0.0
APPROXIMATION;12346;153;4;1672694732823;0.0
APPROXIMATION;12348;153;4;1672694732824;0.0
APPROXIMATION;12345;153;5;1672694732824;0.0
APPROXIMATION;12349;153;4;1672694732824;0.0
APPROXIMATION;12352;153;4;1672694732824;0.0
APPROXIMATION;12351;153;4;1672694732824;0.0
APPROXIMATION;12350;153;4;1672694732824;0.0
APPROXIMATION;12346;153;5;1672694732825;0.0
APPROXIMATION;12348;153;5;1672694732825;0.0
APPROXIMATION;12349;153;5;1672694732825;0.0
APPROXIMATION;12350;153;5;1672694732825;0.0
APPROXIMATION;12351;153;5;1672694732825;0.0
APPROXIMATION;12352;153;5;1672694732826;0.0
APPROXIMATION;12345;153;6;1672694732826;0.0
APPROXIMATION;12346;153;6;1672694732826;0.0
APPROXIMATION;12348;153;6;1672694732826;0.0
APPROXIMATION;12345;153;7;1672694732827;0.0
APPROXIMATION;12349;153;6;1672694732827;0.0
APPROXIMATION;12352;153;6;1672694732827;0.0
APPROXIMATION;12351;153;6;1672694732827;0.0
APPROXIMATION;12350;153;6;1672694732827;0.0
APPROXIMATION;12346;153;7;1672694732827;0.0
APPROXIMATION;12348;153;7;1672694732828;0.0
APPROXIMATION;12345;153;8;1672694732828;0.0
APPROXIMATION;12352;153;7;1672694732828;0.0
APPROXIMATION;12349;153;7;1672694732828;0.0
APPROXIMATION;12351;153;7;1672694732828;0.0
APPROXIMATION;12350;153;7;1672694732828;0.0
APPROXIMATION;12346;153;8;1672694732828;0.0
APPROXIMATION;12348;153;8;1672694732828;0.0
APPROXIMATION;12349;153;8;1672694732829;0.0
APPROXIMATION;12352;153;8;1672694732829;0.0
APPROXIMATION;12351;153;8;1672694732829;0.0
APPROXIMATION;12350;153;8;1672694732829;0.0
APPROXIMATION;12345;153;9;1672694732829;0.0
APPROXIMATION;12346;153;9;1672694732829;0.0
APPROXIMATION;12348;153;9;1672694732829;0.0
APPROXIMATION;12349;153;9;1672694732829;0.0
APPROXIMATION;12351;153;9;1672694732829;0.0
APPROXIMATION;12350;153;9;1672694732829;0.0
APPROXIMATION;12352;153;9;1672694732830;0.0
APPROXIMATION;12345;153;10;1672694732830;0.0
APPROXIMATION;12346;153;10;1672694732830;0.0
APPROXIMATION;12348;153;10;1672694732830;0.0
APPROXIMATION;12349;153;10;1672694732830;0.0
APPROXIMATION;12352;153;10;1672694732830;0.0
APPROXIMATION;12351;153;10;1672694732830;0.0
APPROXIMATION;12350;153;10;1672694732830;0.0
APPROXIMATION;12345;153;11;1672694732830;0.0
APPROXIMATION;12346;153;11;1672694732830;0.0
APPROXIMATION;12348;153;11;1672694732830;0.0
APPROXIMATION;12351;153;11;1672694732830;0.0
APPROXIMATION;12349;153;11;1672694732830;0.0
APPROXIMATION;12352;153;11;1672694732830;0.0
APPROXIMATION;12350;153;11;1672694732830;0.0
APPROXIMATION;12346;153;12;1672694732831;0.0
APPROXIMATION;12345;153;12;1672694732831;0.0
APPROXIMATION;12348;153;12;1672694732831;0.0
APPROXIMATION;12351;153;12;1672694732831;0.0
APPROXIMATION;12349;153;12;1672694732831;0.0
APPROXIMATION;12352;153;12;1672694732831;0.0
APPROXIMATION;12350;153;12;1672694732831;0.0
APPROXIMATION;12346;153;13;1672694732831;0.0
APPROXIMATION;12345;153;13;1672694732831;0.0
APPROXIMATION;12348;153;13;1672694732831;0.0
APPROXIMATION;12349;153;13;1672694732831;0.0
APPROXIMATION;12351;153;13;1672694732831;0.0
APPROXIMATION;12352;153;13;1672694732831;0.0
APPROXIMATION;12350;153;13;1672694732831;0.0
HALTED;12345;153;14;1672694732831;0.0
HALTED;12346;153;14;1672694732831;0.0
HALTED;12349;153;14;1672694732832;0.0
HALTED;12348;153;14;1672694732832;0.0
HALTED;12351;153;14;1672694732832;0.0
HALTED;12352;153;14;1672694732832;0.0
HALTED;12350;153;14;1672694732832;0.0
INITIALIZATION;12345;154;0;1672694732933;0.0
INITIALIZATION;12351;154;0;1672694732934;0.0
INITIALIZATION;12348;154;0;1672694732934;0.0
INITIALIZATION;12349;154;0;1672694732934;0.0
INITIALIZATION;12350;154;0;1672694732934;0.0
INITIALIZATION;12352;154;0;1672694732934;0.0
INITIALIZATION;12346;154;0;1672694732937;0.0
APPROXIMATION;12345;154;1;1672694732937;0.0
APPROXIMATION;12348;154;1;1672694732937;0.0
APPROXIMATION;12349;154;1;1672694732937;0.0
APPROXIMATION;12350;154;1;1672694732937;0.0
APPROXIMATION;12346;154;1;1672694732937;0.0
APPROXIMATION;12351;154;1;1672694732937;0.0
APPROXIMATION;12352;154;1;1672694732937;0.0
APPROXIMATION;12345;154;2;1672694732938;0.0
APPROXIMATION;12346;154;2;1672694732938;0.0
APPROXIMATION;12348;154;2;1672694732938;0.0
APPROXIMATION;12349;154;2;1672694732938;0.0
APPROXIMATION;12352;154;2;1672694732938;0.0
APPROXIMATION;12350;154;2;1672694732938;0.0
APPROXIMATION;12351;154;2;1672694732938;0.0
APPROXIMATION;12345;154;3;1672694732938;0.0
APPROXIMATION;12346;154;3;1672694732938;0.0
APPROXIMATION;12352;154;3;1672694732938;0.0
APPROXIMATION;12349;154;3;1672694732938;0.0
APPROXIMATION;12351;154;3;1672694732938;0.0
APPROXIMATION;12348;154;3;1672694732939;0.0
APPROXIMATION;12350;154;3;1672694732939;0.0
APPROXIMATION;12345;154;4;1672694732939;0.0
APPROXIMATION;12346;154;4;1672694732939;0.0
APPROXIMATION;12348;154;4;1672694732939;0.0
APPROXIMATION;12351;154;4;1672694732939;0.0
APPROXIMATION;12349;154;4;1672694732939;0.0
APPROXIMATION;12350;154;4;1672694732939;0.0
APPROXIMATION;12352;154;4;1672694732939;0.0
APPROXIMATION;12345;154;5;1672694732939;0.0
APPROXIMATION;12346;154;5;1672694732939;0.0
APPROXIMATION;12348;154;5;1672694732940;0.0
APPROXIMATION;12349;154;5;1672694732940;0.0
APPROXIMATION;12351;154;5;1672694732940;0.0
APPROXIMATION;12352;154;5;1672694732940;0.0
APPROXIMATION;12350;154;5;1672694732940;0.0
APPROXIMATION;12345;154;6;1672694732940;0.0
APPROXIMATION;12346;154;6;1672694732940;0.0
APPROXIMATION;12348;154;6;1672694732940;0.0
APPROXIMATION;12351;154;6;1672694732940;0.0
APPROXIMATION;12349;154;6;1672694732940;0.0
APPROXIMATION;12352;154;6;1672694732940;0.0
APPROXIMATION;12350;154;6;1672694732940;0.0
APPROXIMATION;12345;154;7;1672694732940;0.0
APPROXIMATION;12346;154;7;1672694732940;0.0
APPROXIMATION;12348;154;7;1672694732940;0.0
APPROXIMATION;12349;154;7;1672694732941;0.0
APPROXIMATION;12351;154;7;1672694732941;0.0
APPROXIMATION;12350;154;7;1672694732941;0.0
APPROXIMATION;12352;154;7;1672694732941;0.0
APPROXIMATION;12346;154;8;1672694732941;0.0
APPROXIMATION;12345;154;8;1672694732941;0.0
APPROXIMATION;12348;154;8;1672694732941;0.0
APPROXIMATION;12349;154;8;1672694732941;0.0
APPROXIMATION;12352;154;8;1672694732941;0.0
APPROXIMATION;12350;154;8;1672694732941;0.0
APPROXIMATION;12351;154;8;1672694732941;0.0
APPROXIMATION;12346;154;9;1672694732941;0.0
APPROXIMATION;12348;154;9;1672694732941;0.0
APPROXIMATION;12349;154;9;1672694732941;0.0
APPROXIMATION;12345;154;9;1672694732941;0.0
APPROXIMATION;12350;154;9;1672694732941;0.0
APPROXIMATION;12352;154;9;1672694732941;0.0
APPROXIMATION;12351;154;9;1672694732941;0.0
APPROXIMATION;12346;154;10;1672694732942;0.0
APPROXIMATION;12348;154;10;1672694732942;0.0
APPROXIMATION;12349;154;10;1672694732942;0.0
APPROXIMATION;12351;154;10;1672694732942;0.0
APPROXIMATION;12350;154;10;1672694732942;0.0
APPROXIMATION;12352;154;10;1672694732942;0.0
APPROXIMATION;12345;154;10;1672694732942;0.0
APPROXIMATION;12346;154;11;1672694732942;0.0
APPROXIMATION;12348;154;11;1672694732945;0.0
APPROXIMATION;12349;154;11;1672694732946;0.0
APPROXIMATION;12350;154;11;1672694732946;0.0
APPROXIMATION;12351;154;11;1672694732946;0.0
APPROXIMATION;12345;154;11;1672694732946;0.0
APPROXIMATION;12352;154;11;1672694732946;0.0
APPROXIMATION;12346;154;12;1672694732946;0.0
APPROXIMATION;12348;154;12;1672694732946;0.0
APPROXIMATION;12349;154;12;1672694732946;0.0
APPROXIMATION;12350;154;12;1672694732946;0.0
APPROXIMATION;12351;154;12;1672694732946;0.0
APPROXIMATION;12345;154;12;1672694732946;0.0
APPROXIMATION;12352;154;12;1672694732946;0.0
APPROXIMATION;12346;154;13;1672694732946;0.0
APPROXIMATION;12348;154;13;1672694732946;0.0
APPROXIMATION;12349;154;13;1672694732946;0.0
APPROXIMATION;12350;154;13;1672694732947;0.0
APPROXIMATION;12351;154;13;1672694732947;0.0
APPROXIMATION;12345;154;13;1672694732947;0.0
APPROXIMATION;12352;154;13;1672694732947;0.0
HALTED;12346;154;14;1672694732947;0.0
HALTED;12348;154;14;1672694732947;0.0
HALTED;12349;154;14;1672694732947;0.0
HALTED;12350;154;14;1672694732947;0.0
HALTED;12351;154;14;1672694732947;0.0
HALTED;12345;154;14;1672694732947;0.0
HALTED;12352;154;14;1672694732947;0.0
INITIALIZATION;12345;155;0;1672694733048;0.0
INITIALIZATION;12346;155;0;1672694733049;0.0
INITIALIZATION;12349;155;0;1672694733049;0.0
INITIALIZATION;12348;155;0;1672694733049;0.0
INITIALIZATION;12350;155;0;1672694733049;0.0
INITIALIZATION;12351;155;0;1672694733049;0.0
INITIALIZATION;12352;155;0;1672694733049;0.0
APPROXIMATION;12345;155;1;1672694733049;0.0
APPROXIMATION;12348;155;1;1672694733050;0.0
APPROXIMATION;12346;155;1;1672694733050;0.0
APPROXIMATION;12349;155;1;1672694733050;0.0
APPROXIMATION;12351;155;1;1672694733050;0.0
APPROXIMATION;12352;155;1;1672694733050;0.0
APPROXIMATION;12350;155;1;1672694733050;0.0
APPROXIMATION;12345;155;2;1672694733050;0.0
APPROXIMATION;12346;155;2;1672694733050;0.0
APPROXIMATION;12348;155;2;1672694733050;0.0
APPROXIMATION;12351;155;2;1672694733050;0.0
APPROXIMATION;12349;155;2;1672694733050;0.0
APPROXIMATION;12352;155;2;1672694733050;0.0
APPROXIMATION;12350;155;2;1672694733050;0.0
APPROXIMATION;12345;155;3;1672694733050;0.0
APPROXIMATION;12346;155;3;1672694733050;0.0
APPROXIMATION;12348;155;3;1672694733051;0.0
APPROXIMATION;12349;155;3;1672694733051;0.0
APPROXIMATION;12351;155;3;1672694733051;0.0
APPROXIMATION;12352;155;3;1672694733051;0.0
APPROXIMATION;12350;155;3;1672694733051;0.0
APPROXIMATION;12345;155;4;1672694733051;0.0
APPROXIMATION;12346;155;4;1672694733051;0.0
APPROXIMATION;12348;155;4;1672694733051;0.0
APPROXIMATION;12349;155;4;1672694733051;0.0
APPROXIMATION;12351;155;4;1672694733051;0.0
APPROXIMATION;12352;155;4;1672694733051;0.0
APPROXIMATION;12350;155;4;1672694733051;0.0
APPROXIMATION;12346;155;5;1672694733051;0.0
APPROXIMATION;12345;155;5;1672694733051;0.0
APPROXIMATION;12351;155;5;1672694733051;0.0
APPROXIMATION;12349;155;5;1672694733051;0.0
APPROXIMATION;12352;155;5;1672694733052;0.0
APPROXIMATION;12350;155;5;1672694733052;0.0
APPROXIMATION;12348;155;5;1672694733052;0.0
APPROXIMATION;12345;155;6;1672694733052;0.0
APPROXIMATION;12346;155;6;1672694733052;0.0
APPROXIMATION;12349;155;6;1672694733052;0.0
APPROXIMATION;12350;155;6;1672694733052;0.0
APPROXIMATION;12351;155;6;1672694733052;0.0
APPROXIMATION;12352;155;6;1672694733052;0.0
APPROXIMATION;12348;155;6;1672694733052;0.0
APPROXIMATION;12346;155;7;1672694733052;0.0
APPROXIMATION;12345;155;7;1672694733052;0.0
APPROXIMATION;12350;155;7;1672694733053;0.0
APPROXIMATION;12349;155;7;1672694733053;0.0
APPROXIMATION;12351;155;7;1672694733053;0.0
APPROXIMATION;12352;155;7;1672694733053;0.0
APPROXIMATION;12348;155;7;1672694733053;0.0
APPROXIMATION;12346;155;8;1672694733053;0.0
APPROXIMATION;12345;155;8;1672694733053;0.0
APPROXIMATION;12349;155;8;1672694733053;0.0
APPROXIMATION;12351;155;8;1672694733053;0.0
APPROXIMATION;12350;155;8;1672694733053;0.0
APPROXIMATION;12352;155;8;1672694733053;0.0
APPROXIMATION;12348;155;8;1672694733053;0.0
APPROXIMATION;12346;155;9;1672694733053;0.0
APPROXIMATION;12349;155;9;1672694733053;0.0
APPROXIMATION;12345;155;9;1672694733053;0.0
APPROXIMATION;12350;155;9;1672694733053;0.0
APPROXIMATION;12351;155;9;1672694733053;0.0
APPROXIMATION;12352;155;9;1672694733054;0.0
APPROXIMATION;12348;155;9;1672694733054;0.0
APPROXIMATION;12346;155;10;1672694733054;0.0
APPROXIMATION;12349;155;10;1672694733054;0.0
APPROXIMATION;12345;155;10;1672694733054;0.0
APPROXIMATION;12351;155;10;1672694733054;0.0
APPROXIMATION;12350;155;10;1672694733054;0.0
APPROXIMATION;12352;155;10;1672694733054;0.0
APPROXIMATION;12348;155;10;1672694733054;0.0
APPROXIMATION;12346;155;11;1672694733054;0.0
APPROXIMATION;12349;155;11;1672694733054;0.0
APPROXIMATION;12351;155;11;1672694733054;0.0
APPROXIMATION;12350;155;11;1672694733054;0.0
APPROXIMATION;12352;155;11;1672694733054;0.0
APPROXIMATION;12345;155;11;1672694733054;0.0
APPROXIMATION;12348;155;11;1672694733054;0.0
APPROXIMATION;12346;155;12;1672694733055;0.0
APPROXIMATION;12349;155;12;1672694733055;0.0
APPROXIMATION;12351;155;12;1672694733055;0.0
APPROXIMATION;12350;155;12;1672694733055;0.0
APPROXIMATION;12348;155;12;1672694733055;0.0
APPROXIMATION;12352;155;12;1672694733055;0.0
APPROXIMATION;12345;155;12;1672694733055;0.0
APPROXIMATION;12346;155;13;1672694733055;0.0
APPROXIMATION;12348;155;13;1672694733055;0.0
APPROXIMATION;12349;155;13;1672694733055;0.0
APPROXIMATION;12350;155;13;1672694733055;0.0
APPROXIMATION;12351;155;13;1672694733055;0.0
APPROXIMATION;12345;155;13;1672694733055;0.0
APPROXIMATION;12352;155;13;1672694733055;0.0
HALTED;12346;155;14;1672694733055;0.0
HALTED;12348;155;14;1672694733056;0.0
HALTED;12349;155;14;1672694733056;0.0
HALTED;12350;155;14;1672694733056;0.0
HALTED;12351;155;14;1672694733056;0.0
HALTED;12345;155;14;1672694733056;0.0
HALTED;12352;155;14;1672694733056;0.0
INITIALIZATION;12345;156;0;1672694733157;0.0
INITIALIZATION;12346;156;0;1672694733157;0.0
INITIALIZATION;12348;156;0;1672694733157;0.0
INITIALIZATION;12349;156;0;1672694733158;0.0
INITIALIZATION;12350;156;0;1672694733158;0.0
INITIALIZATION;12351;156;0;1672694733158;0.0
INITIALIZATION;12352;156;0;1672694733158;0.0
APPROXIMATION;12345;156;1;1672694733158;0.0
APPROXIMATION;12346;156;1;1672694733158;0.0
APPROXIMATION;12348;156;1;1672694733158;0.0
APPROXIMATION;12352;156;1;1672694733158;0.0
APPROXIMATION;12349;156;1;1672694733158;0.0
APPROXIMATION;12350;156;1;1672694733159;0.0
APPROXIMATION;12351;156;1;1672694733159;0.0
APPROXIMATION;12345;156;2;1672694733159;0.0
APPROXIMATION;12346;156;2;1672694733159;0.0
APPROXIMATION;12348;156;2;1672694733159;0.0
APPROXIMATION;12349;156;2;1672694733159;0.0
APPROXIMATION;12351;156;2;1672694733159;0.0
APPROXIMATION;12352;156;2;1672694733159;0.0
APPROXIMATION;12350;156;2;1672694733159;0.0
APPROXIMATION;12345;156;3;1672694733160;0.0
APPROXIMATION;12348;156;3;1672694733160;0.0
APPROXIMATION;12346;156;3;1672694733160;0.0
APPROXIMATION;12349;156;3;1672694733160;0.0
APPROXIMATION;12350;156;3;1672694733160;0.0
APPROXIMATION;12351;156;3;1672694733160;0.0
APPROXIMATION;12352;156;3;1672694733160;0.0
APPROXIMATION;12345;156;4;1672694733160;0.0
APPROXIMATION;12348;156;4;1672694733160;0.0
APPROXIMATION;12346;156;4;1672694733160;0.0
APPROXIMATION;12349;156;4;1672694733160;0.0
APPROXIMATION;12351;156;4;1672694733160;0.0
APPROXIMATION;12352;156;4;1672694733160;0.0
APPROXIMATION;12350;156;4;1672694733160;0.0
APPROXIMATION;12345;156;5;1672694733160;0.0
APPROXIMATION;12348;156;5;1672694733161;0.0
APPROXIMATION;12346;156;5;1672694733161;0.0
APPROXIMATION;12349;156;5;1672694733161;0.0
APPROXIMATION;12351;156;5;1672694733161;0.0
APPROXIMATION;12352;156;5;1672694733161;0.0
APPROXIMATION;12350;156;5;1672694733161;0.0
APPROXIMATION;12345;156;6;1672694733161;0.0
APPROXIMATION;12346;156;6;1672694733161;0.0
APPROXIMATION;12348;156;6;1672694733161;0.0
APPROXIMATION;12351;156;6;1672694733161;0.0
APPROXIMATION;12349;156;6;1672694733161;0.0
APPROXIMATION;12352;156;6;1672694733161;0.0
APPROXIMATION;12350;156;6;1672694733161;0.0
APPROXIMATION;12346;156;7;1672694733161;0.0
APPROXIMATION;12345;156;7;1672694733161;0.0
APPROXIMATION;12348;156;7;1672694733161;0.0
APPROXIMATION;12349;156;7;1672694733162;0.0
APPROXIMATION;12351;156;7;1672694733162;0.0
APPROXIMATION;12350;156;7;1672694733162;0.0
APPROXIMATION;12352;156;7;1672694733162;0.0
APPROXIMATION;12346;156;8;1672694733162;0.0
APPROXIMATION;12345;156;8;1672694733162;0.0
APPROXIMATION;12349;156;8;1672694733162;0.0
APPROXIMATION;12348;156;8;1672694733162;0.0
APPROXIMATION;12350;156;8;1672694733162;0.0
APPROXIMATION;12352;156;8;1672694733162;0.0
APPROXIMATION;12351;156;8;1672694733162;0.0
APPROXIMATION;12346;156;9;1672694733162;0.0
APPROXIMATION;12345;156;9;1672694733162;0.0
APPROXIMATION;12350;156;9;1672694733162;0.0
APPROXIMATION;12349;156;9;1672694733162;0.0
APPROXIMATION;12348;156;9;1672694733162;0.0
APPROXIMATION;12351;156;9;1672694733162;0.0
APPROXIMATION;12352;156;9;1672694733162;0.0
APPROXIMATION;12346;156;10;1672694733163;0.0
APPROXIMATION;12345;156;10;1672694733163;0.0
APPROXIMATION;12349;156;10;1672694733163;0.0
APPROXIMATION;12350;156;10;1672694733163;0.0
APPROXIMATION;12351;156;10;1672694733163;0.0
APPROXIMATION;12348;156;10;1672694733163;0.0
APPROXIMATION;12352;156;10;1672694733163;0.0
APPROXIMATION;12346;156;11;1672694733163;0.0
APPROXIMATION;12345;156;11;1672694733163;0.0
APPROXIMATION;12349;156;11;1672694733163;0.0
APPROXIMATION;12350;156;11;1672694733163;0.0
APPROXIMATION;12351;156;11;1672694733163;0.0
APPROXIMATION;12348;156;11;1672694733163;0.0
APPROXIMATION;12352;156;11;1672694733163;0.0
APPROXIMATION;12346;156;12;1672694733163;0.0
APPROXIMATION;12345;156;12;1672694733164;0.0
APPROXIMATION;12349;156;12;1672694733164;0.0
APPROXIMATION;12351;156;12;1672694733164;0.0
APPROXIMATION;12348;156;12;1672694733164;0.0
APPROXIMATION;12350;156;12;1672694733164;0.0
APPROXIMATION;12352;156;12;1672694733164;0.0
APPROXIMATION;12346;156;13;1672694733164;0.0
APPROXIMATION;12345;156;13;1672694733164;0.0
APPROXIMATION;12351;156;13;1672694733164;0.0
APPROXIMATION;12350;156;13;1672694733164;0.0
APPROXIMATION;12349;156;13;1672694733164;0.0
APPROXIMATION;12352;156;13;1672694733164;0.0
APPROXIMATION;12348;156;13;1672694733164;0.0
HALTED;12346;156;14;1672694733164;0.0
HALTED;12345;156;14;1672694733164;0.0
HALTED;12348;156;14;1672694733164;0.0
HALTED;12351;156;14;1672694733164;0.0
HALTED;12352;156;14;1672694733164;0.0
HALTED;12349;156;14;1672694733164;0.0
HALTED;12350;156;14;1672694733164;0.0
INITIALIZATION;12345;157;0;1672694733265;0.0
INITIALIZATION;12351;157;0;1672694733267;0.0
INITIALIZATION;12348;157;0;1672694733267;0.0
INITIALIZATION;12352;157;0;1672694733267;0.0
INITIALIZATION;12349;157;0;1672694733267;0.0
INITIALIZATION;12346;157;0;1672694733267;0.0
INITIALIZATION;12350;157;0;1672694733267;0.0
APPROXIMATION;12345;157;1;1672694733267;0.0
APPROXIMATION;12348;157;1;1672694733268;0.0
APPROXIMATION;12351;157;1;1672694733268;0.0
APPROXIMATION;12349;157;1;1672694733268;0.0
APPROXIMATION;12346;157;1;1672694733268;0.0
APPROXIMATION;12350;157;1;1672694733268;0.0
APPROXIMATION;12352;157;1;1672694733268;0.0
APPROXIMATION;12345;157;2;1672694733268;0.0
APPROXIMATION;12348;157;2;1672694733268;0.0
APPROXIMATION;12346;157;2;1672694733268;0.0
APPROXIMATION;12349;157;2;1672694733268;0.0
APPROXIMATION;12350;157;2;1672694733268;0.0
APPROXIMATION;12352;157;2;1672694733268;0.0
APPROXIMATION;12345;157;3;1672694733268;0.0
APPROXIMATION;12351;157;2;1672694733309;0.0
APPROXIMATION;12349;157;3;1672694733309;0.0
APPROXIMATION;12350;157;3;1672694733309;0.0
APPROXIMATION;12352;157;3;1672694733309;0.0
APPROXIMATION;12346;157;3;1672694733309;0.0
APPROXIMATION;12348;157;3;1672694733309;0.0
APPROXIMATION;12351;157;3;1672694733309;0.0
APPROXIMATION;12346;157;4;1672694733310;0.0
APPROXIMATION;12345;157;4;1672694733310;0.0
APPROXIMATION;12351;157;4;1672694733310;0.0
APPROXIMATION;12348;157;4;1672694733310;0.0
APPROXIMATION;12349;157;4;1672694733310;0.0
APPROXIMATION;12350;157;4;1672694733310;0.0
APPROXIMATION;12346;157;5;1672694733310;0.0
APPROXIMATION;12345;157;5;1672694733310;0.0
APPROXIMATION;12352;157;4;1672694733310;0.0
APPROXIMATION;12348;157;5;1672694733311;0.0
APPROXIMATION;12349;157;5;1672694733311;0.0
APPROXIMATION;12350;157;5;1672694733311;0.0
APPROXIMATION;12351;157;5;1672694733311;0.0
APPROXIMATION;12352;157;5;1672694733311;0.0
APPROXIMATION;12345;157;6;1672694733311;0.0
APPROXIMATION;12346;157;6;1672694733311;0.0
APPROXIMATION;12348;157;6;1672694733311;0.0
APPROXIMATION;12349;157;6;1672694733311;0.0
APPROXIMATION;12351;157;6;1672694733311;0.0
APPROXIMATION;12352;157;6;1672694733311;0.0
APPROXIMATION;12350;157;6;1672694733311;0.0
APPROXIMATION;12348;157;7;1672694733312;0.0
APPROXIMATION;12345;157;7;1672694733312;0.0
APPROXIMATION;12346;157;7;1672694733312;0.0
APPROXIMATION;12351;157;7;1672694733312;0.0
APPROXIMATION;12350;157;7;1672694733312;0.0
APPROXIMATION;12352;157;7;1672694733312;0.0
APPROXIMATION;12349;157;7;1672694733312;0.0
APPROXIMATION;12345;157;8;1672694733312;0.0
APPROXIMATION;12346;157;8;1672694733312;0.0
APPROXIMATION;12348;157;8;1672694733312;0.0
APPROXIMATION;12350;157;8;1672694733312;0.0
APPROXIMATION;12351;157;8;1672694733313;0.0
APPROXIMATION;12352;157;8;1672694733313;0.0
APPROXIMATION;12349;157;8;1672694733313;0.0
APPROXIMATION;12345;157;9;1672694733313;0.0
APPROXIMATION;12346;157;9;1672694733313;0.0
APPROXIMATION;12348;157;9;1672694733313;0.0
APPROXIMATION;12351;157;9;1672694733313;0.0
APPROXIMATION;12350;157;9;1672694733313;0.0
APPROXIMATION;12352;157;9;1672694733313;0.0
APPROXIMATION;12349;157;9;1672694733313;0.0
APPROXIMATION;12345;157;10;1672694733313;0.0
APPROXIMATION;12346;157;10;1672694733313;0.0
APPROXIMATION;12348;157;10;1672694733313;0.0
APPROXIMATION;12350;157;10;1672694733313;0.0
APPROXIMATION;12351;157;10;1672694733313;0.0
APPROXIMATION;12349;157;10;1672694733313;0.0
APPROXIMATION;12352;157;10;1672694733313;0.0
APPROXIMATION;12346;157;11;1672694733314;0.0
APPROXIMATION;12345;157;11;1672694733314;0.0
APPROXIMATION;12348;157;11;1672694733314;0.0
APPROXIMATION;12350;157;11;1672694733314;0.0
APPROXIMATION;12351;157;11;1672694733314;0.0
APPROXIMATION;12352;157;11;1672694733314;0.0
APPROXIMATION;12349;157;11;1672694733314;0.0
APPROXIMATION;12346;157;12;1672694733314;0.0
APPROXIMATION;12348;157;12;1672694733314;0.0
APPROXIMATION;12345;157;12;1672694733314;0.0
APPROXIMATION;12351;157;12;1672694733314;0.0
APPROXIMATION;12352;157;12;1672694733314;0.0
APPROXIMATION;12350;157;12;1672694733314;0.0
APPROXIMATION;12349;157;12;1672694733314;0.0
APPROXIMATION;12346;157;13;1672694733314;0.0
APPROXIMATION;12348;157;13;1672694733315;0.0
APPROXIMATION;12351;157;13;1672694733315;0.0
APPROXIMATION;12345;157;13;1672694733315;0.0
APPROXIMATION;12352;157;13;1672694733315;0.0
APPROXIMATION;12350;157;13;1672694733315;0.0
APPROXIMATION;12349;157;13;1672694733315;0.0
HALTED;12346;157;14;1672694733315;0.0
HALTED;12348;157;14;1672694733315;0.0
HALTED;12351;157;14;1672694733315;0.0
HALTED;12345;157;14;1672694733315;0.0
HALTED;12350;157;14;1672694733315;0.0
HALTED;12352;157;14;1672694733315;0.0
HALTED;12349;157;14;1672694733315;0.0
INITIALIZATION;12345;158;0;1672694733419;0.0
INITIALIZATION;12346;158;0;1672694733419;0.0
INITIALIZATION;12348;158;0;1672694733420;0.0
INITIALIZATION;12351;158;0;1672694733420;0.0
INITIALIZATION;12349;158;0;1672694733420;0.0
INITIALIZATION;12352;158;0;1672694733420;0.0
INITIALIZATION;12350;158;0;1672694733420;0.0
APPROXIMATION;12346;158;1;1672694733420;0.0
APPROXIMATION;12345;158;1;1672694733421;0.0
APPROXIMATION;12348;158;1;1672694733421;0.0
APPROXIMATION;12349;158;1;1672694733421;0.0
APPROXIMATION;12351;158;1;1672694733421;0.0
APPROXIMATION;12350;158;1;1672694733421;0.0
APPROXIMATION;12352;158;1;1672694733421;0.0
APPROXIMATION;12346;158;2;1672694733421;0.0
APPROXIMATION;12345;158;2;1672694733421;0.0
APPROXIMATION;12352;158;2;1672694733421;0.0
APPROXIMATION;12348;158;2;1672694733421;0.0
APPROXIMATION;12350;158;2;1672694733421;0.0
APPROXIMATION;12349;158;2;1672694733421;0.0
APPROXIMATION;12351;158;2;1672694733421;0.0
APPROXIMATION;12346;158;3;1672694733421;0.0
APPROXIMATION;12350;158;3;1672694733422;0.0
APPROXIMATION;12352;158;3;1672694733422;0.0
APPROXIMATION;12351;158;3;1672694733422;0.0
APPROXIMATION;12349;158;3;1672694733422;0.0
APPROXIMATION;12348;158;3;1672694733469;0.0
APPROXIMATION;12345;158;3;1672694733469;0.0
APPROXIMATION;12346;158;4;1672694733470;0.0
APPROXIMATION;12348;158;4;1672694733470;0.0
APPROXIMATION;12345;158;4;1672694733470;0.0
APPROXIMATION;12350;158;4;1672694733470;0.0
APPROXIMATION;12351;158;4;1672694733470;0.0
APPROXIMATION;12349;158;4;1672694733470;0.0
APPROXIMATION;12352;158;4;1672694733470;0.0
APPROXIMATION;12346;158;5;1672694733470;0.0
APPROXIMATION;12348;158;5;1672694733470;0.0
APPROXIMATION;12345;158;5;1672694733470;0.0
APPROXIMATION;12350;158;5;1672694733470;0.0
APPROXIMATION;12351;158;5;1672694733470;0.0
APPROXIMATION;12352;158;5;1672694733471;0.0
APPROXIMATION;12349;158;5;1672694733471;0.0
APPROXIMATION;12348;158;6;1672694733471;0.0
APPROXIMATION;12345;158;6;1672694733471;0.0
APPROXIMATION;12350;158;6;1672694733471;0.0
APPROXIMATION;12351;158;6;1672694733471;0.0
APPROXIMATION;12349;158;6;1672694733471;0.0
APPROXIMATION;12352;158;6;1672694733471;0.0
APPROXIMATION;12346;158;6;1672694733519;0.0
APPROXIMATION;12349;158;7;1672694733519;0.0
APPROXIMATION;12345;158;7;1672694733519;0.0
APPROXIMATION;12348;158;7;1672694733519;0.0
APPROXIMATION;12351;158;7;1672694733519;0.0
APPROXIMATION;12346;158;7;1672694733520;0.0
APPROXIMATION;12352;158;7;1672694733520;0.0
APPROXIMATION;12350;158;7;1672694733520;0.0
APPROXIMATION;12345;158;8;1672694733520;0.0
APPROXIMATION;12348;158;8;1672694733520;0.0
APPROXIMATION;12352;158;8;1672694733520;0.0
APPROXIMATION;12350;158;8;1672694733520;0.0
APPROXIMATION;12346;158;8;1672694733520;0.0
APPROXIMATION;12351;158;8;1672694733520;0.0
APPROXIMATION;12345;158;9;1672694733521;0.0
APPROXIMATION;12349;158;8;1672694733521;0.0
APPROXIMATION;12346;158;9;1672694733521;0.0
APPROXIMATION;12348;158;9;1672694733521;0.0
APPROXIMATION;12350;158;9;1672694733521;0.0
APPROXIMATION;12351;158;9;1672694733521;0.0
APPROXIMATION;12352;158;9;1672694733521;0.0
APPROXIMATION;12349;158;9;1672694733521;0.0
APPROXIMATION;12345;158;10;1672694733521;0.0
APPROXIMATION;12346;158;10;1672694733521;0.0
APPROXIMATION;12348;158;10;1672694733522;0.0
APPROXIMATION;12350;158;10;1672694733522;0.0
APPROXIMATION;12351;158;10;1672694733522;0.0
APPROXIMATION;12352;158;10;1672694733522;0.0
APPROXIMATION;12349;158;10;1672694733522;0.0
APPROXIMATION;12345;158;11;1672694733522;0.0
APPROXIMATION;12346;158;11;1672694733522;0.0
APPROXIMATION;12348;158;11;1672694733522;0.0
APPROXIMATION;12351;158;11;1672694733522;0.0
APPROXIMATION;12350;158;11;1672694733522;0.0
APPROXIMATION;12352;158;11;1672694733522;0.0
APPROXIMATION;12349;158;11;1672694733522;0.0
APPROXIMATION;12346;158;12;1672694733522;0.0
APPROXIMATION;12345;158;12;1672694733522;0.0
APPROXIMATION;12348;158;12;1672694733522;0.0
APPROXIMATION;12350;158;12;1672694733523;0.0
APPROXIMATION;12351;158;12;1672694733523;0.0
APPROXIMATION;12352;158;12;1672694733523;0.0
APPROXIMATION;12349;158;12;1672694733523;0.0
APPROXIMATION;12346;158;13;1672694733523;0.0
APPROXIMATION;12345;158;13;1672694733523;0.0
APPROXIMATION;12348;158;13;1672694733523;0.0
APPROXIMATION;12350;158;13;1672694733523;0.0
APPROXIMATION;12351;158;13;1672694733523;0.0
APPROXIMATION;12352;158;13;1672694733523;0.0
APPROXIMATION;12349;158;13;1672694733523;0.0
HALTED;12346;158;14;1672694733523;0.0
HALTED;12345;158;14;1672694733523;0.0
HALTED;12348;158;14;1672694733523;0.0
HALTED;12351;158;14;1672694733523;0.0
HALTED;12350;158;14;1672694733523;0.0
HALTED;12352;158;14;1672694733524;0.0
HALTED;12349;158;14;1672694733524;0.0
INITIALIZATION;12345;159;0;1672694733624;0.0
INITIALIZATION;12346;159;0;1672694733625;0.0
INITIALIZATION;12348;159;0;1672694733625;0.0
INITIALIZATION;12351;159;0;1672694733625;0.0
INITIALIZATION;12349;159;0;1672694733625;0.0
INITIALIZATION;12352;159;0;1672694733625;0.0
APPROXIMATION;12345;159;1;1672694733625;0.0
INITIALIZATION;12350;159;0;1672694733625;0.0
APPROXIMATION;12346;159;1;1672694733625;0.0
APPROXIMATION;12348;159;1;1672694733626;0.0
APPROXIMATION;12350;159;1;1672694733626;0.0
APPROXIMATION;12351;159;1;1672694733626;0.0
APPROXIMATION;12352;159;1;1672694733626;0.0
APPROXIMATION;12349;159;1;1672694733626;0.0
APPROXIMATION;12345;159;2;1672694733626;0.0
APPROXIMATION;12346;159;2;1672694733626;0.0
APPROXIMATION;12348;159;2;1672694733626;0.0
APPROXIMATION;12350;159;2;1672694733626;0.0
APPROXIMATION;12351;159;2;1672694733626;0.0
APPROXIMATION;12352;159;2;1672694733626;0.0
APPROXIMATION;12349;159;2;1672694733626;0.0
APPROXIMATION;12346;159;3;1672694733626;0.0
APPROXIMATION;12345;159;3;1672694733627;0.0
APPROXIMATION;12348;159;3;1672694733627;0.0
APPROXIMATION;12351;159;3;1672694733627;0.0
APPROXIMATION;12349;159;3;1672694733627;0.0
APPROXIMATION;12350;159;3;1672694733670;0.0
APPROXIMATION;12352;159;3;1672694733670;0.0
APPROXIMATION;12345;159;4;1672694733670;0.0
APPROXIMATION;12346;159;4;1672694733670;0.0
APPROXIMATION;12348;159;4;1672694733670;0.0
APPROXIMATION;12349;159;4;1672694733670;0.0
APPROXIMATION;12350;159;4;1672694733670;0.0
APPROXIMATION;12352;159;4;1672694733670;0.0
APPROXIMATION;12351;159;4;1672694733670;0.0
APPROXIMATION;12346;159;5;1672694733670;0.0
APPROXIMATION;12345;159;5;1672694733670;0.0
APPROXIMATION;12348;159;5;1672694733671;0.0
APPROXIMATION;12349;159;5;1672694733671;0.0
APPROXIMATION;12350;159;5;1672694733671;0.0
APPROXIMATION;12352;159;5;1672694733671;0.0
APPROXIMATION;12351;159;5;1672694733671;0.0
APPROXIMATION;12345;159;6;1672694733671;0.0
APPROXIMATION;12346;159;6;1672694733671;0.0
APPROXIMATION;12351;159;6;1672694733671;0.0
APPROXIMATION;12350;159;6;1672694733671;0.0
APPROXIMATION;12352;159;6;1672694733672;0.0
APPROXIMATION;12349;159;6;1672694733672;0.0
APPROXIMATION;12346;159;7;1672694733672;0.0
APPROXIMATION;12345;159;7;1672694733719;0.0
APPROXIMATION;12351;159;7;1672694733719;0.0
APPROXIMATION;12352;159;7;1672694733719;0.0
APPROXIMATION;12350;159;7;1672694733719;0.0
APPROXIMATION;12349;159;7;1672694733719;0.0
APPROXIMATION;12348;159;6;1672694733719;0.0
APPROXIMATION;12348;159;7;1672694733720;0.0
APPROXIMATION;12345;159;8;1672694733720;0.0
APPROXIMATION;12346;159;8;1672694733720;0.0
APPROXIMATION;12349;159;8;1672694733720;0.0
APPROXIMATION;12351;159;8;1672694733720;0.0
APPROXIMATION;12350;159;8;1672694733720;0.0
APPROXIMATION;12348;159;8;1672694733720;0.0
APPROXIMATION;12352;159;8;1672694733720;0.0
APPROXIMATION;12346;159;9;1672694733720;0.0
APPROXIMATION;12345;159;9;1672694733720;0.0
APPROXIMATION;12348;159;9;1672694733721;0.0
APPROXIMATION;12349;159;9;1672694733721;0.0
APPROXIMATION;12350;159;9;1672694733721;0.0
APPROXIMATION;12352;159;9;1672694733721;0.0
APPROXIMATION;12351;159;9;1672694733721;0.0
APPROXIMATION;12345;159;10;1672694733721;0.0
APPROXIMATION;12346;159;10;1672694733721;0.0
APPROXIMATION;12349;159;10;1672694733721;0.0
APPROXIMATION;12351;159;10;1672694733721;0.0
APPROXIMATION;12352;159;10;1672694733721;0.0
APPROXIMATION;12350;159;10;1672694733721;0.0
APPROXIMATION;12348;159;10;1672694733721;0.0
APPROXIMATION;12345;159;11;1672694733722;0.0
APPROXIMATION;12346;159;11;1672694733722;0.0
APPROXIMATION;12351;159;11;1672694733722;0.0
APPROXIMATION;12348;159;11;1672694733722;0.0
APPROXIMATION;12350;159;11;1672694733722;0.0
APPROXIMATION;12352;159;11;1672694733722;0.0
APPROXIMATION;12349;159;11;1672694733722;0.0
APPROXIMATION;12345;159;12;1672694733722;0.0
APPROXIMATION;12346;159;12;1672694733722;0.0
APPROXIMATION;12348;159;12;1672694733722;0.0
APPROXIMATION;12351;159;12;1672694733722;0.0
APPROXIMATION;12350;159;12;1672694733722;0.0
APPROXIMATION;12352;159;12;1672694733722;0.0
APPROXIMATION;12349;159;12;1672694733722;0.0
APPROXIMATION;12345;159;13;1672694733722;0.0
APPROXIMATION;12346;159;13;1672694733722;0.0
APPROXIMATION;12348;159;13;1672694733723;0.0
APPROXIMATION;12351;159;13;1672694733723;0.0
APPROXIMATION;12350;159;13;1672694733723;0.0
APPROXIMATION;12352;159;13;1672694733723;0.0
APPROXIMATION;12349;159;13;1672694733723;0.0
HALTED;12345;159;14;1672694733723;0.0
HALTED;12346;159;14;1672694733723;0.0
HALTED;12348;159;14;1672694733723;0.0
HALTED;12351;159;14;1672694733723;0.0
HALTED;12352;159;14;1672694733723;0.0
HALTED;12350;159;14;1672694733723;0.0
HALTED;12349;159;14;1672694733723;0.0
INITIALIZATION;12345;160;0;1672694733824;0.0
INITIALIZATION;12348;160;0;1672694733824;0.0
INITIALIZATION;12351;160;0;1672694733824;0.0
INITIALIZATION;12350;160;0;1672694733824;0.0
INITIALIZATION;12349;160;0;1672694733824;0.0
INITIALIZATION;12346;160;0;1672694733825;0.0
INITIALIZATION;12352;160;0;1672694733825;0.0
APPROXIMATION;12345;160;1;1672694733825;0.0
APPROXIMATION;12346;160;1;1672694733825;0.0
APPROXIMATION;12348;160;1;1672694733825;0.0
APPROXIMATION;12349;160;1;1672694733825;0.0
APPROXIMATION;12351;160;1;1672694733826;0.0
APPROXIMATION;12350;160;1;1672694733826;0.0
APPROXIMATION;12352;160;1;1672694733826;0.0
APPROXIMATION;12346;160;2;1672694733826;0.0
APPROXIMATION;12350;160;2;1672694733826;0.0
APPROXIMATION;12348;160;2;1672694733826;0.0
APPROXIMATION;12352;160;2;1672694733826;0.0
APPROXIMATION;12345;160;2;1672694733826;0.0
APPROXIMATION;12351;160;2;1672694733826;0.0
APPROXIMATION;12349;160;2;1672694733826;0.0
APPROXIMATION;12345;160;3;1672694733827;0.0
APPROXIMATION;12346;160;3;1672694733827;0.0
APPROXIMATION;12348;160;3;1672694733827;0.0
APPROXIMATION;12350;160;3;1672694733827;0.0
APPROXIMATION;12349;160;3;1672694733827;0.0
APPROXIMATION;12352;160;3;1672694733827;0.0
APPROXIMATION;12351;160;3;1672694733827;0.0
APPROXIMATION;12345;160;4;1672694733827;0.0
APPROXIMATION;12346;160;4;1672694733827;0.0
APPROXIMATION;12348;160;4;1672694733828;0.0
APPROXIMATION;12349;160;4;1672694733828;0.0
APPROXIMATION;12350;160;4;1672694733828;0.0
APPROXIMATION;12351;160;4;1672694733828;0.0
APPROXIMATION;12352;160;4;1672694733828;0.0
APPROXIMATION;12346;160;5;1672694733828;0.0
APPROXIMATION;12348;160;5;1672694733828;0.0
APPROXIMATION;12349;160;5;1672694733828;0.0
APPROXIMATION;12345;160;5;1672694733828;0.0
APPROXIMATION;12350;160;5;1672694733828;0.0
APPROXIMATION;12351;160;5;1672694733828;0.0
APPROXIMATION;12352;160;5;1672694733828;0.0
APPROXIMATION;12346;160;6;1672694733828;0.0
APPROXIMATION;12348;160;6;1672694733828;0.0
APPROXIMATION;12349;160;6;1672694733828;0.0
APPROXIMATION;12350;160;6;1672694733829;0.0
APPROXIMATION;12345;160;6;1672694733829;0.0
APPROXIMATION;12351;160;6;1672694733829;0.0
APPROXIMATION;12352;160;6;1672694733829;0.0
APPROXIMATION;12346;160;7;1672694733829;0.0
APPROXIMATION;12348;160;7;1672694733829;0.0
APPROXIMATION;12349;160;7;1672694733829;0.0
APPROXIMATION;12351;160;7;1672694733829;0.0
APPROXIMATION;12345;160;7;1672694733829;0.0
APPROXIMATION;12350;160;7;1672694733829;0.0
APPROXIMATION;12352;160;7;1672694733829;0.0
APPROXIMATION;12346;160;8;1672694733829;0.0
APPROXIMATION;12348;160;8;1672694733829;0.0
APPROXIMATION;12349;160;8;1672694733829;0.0
APPROXIMATION;12351;160;8;1672694733829;0.0
APPROXIMATION;12350;160;8;1672694733829;0.0
APPROXIMATION;12352;160;8;1672694733829;0.0
APPROXIMATION;12345;160;8;1672694733830;0.0
APPROXIMATION;12346;160;9;1672694733830;0.0
APPROXIMATION;12348;160;9;1672694733830;0.0
APPROXIMATION;12351;160;9;1672694733830;0.0
APPROXIMATION;12350;160;9;1672694733830;0.0
APPROXIMATION;12349;160;9;1672694733830;0.0
APPROXIMATION;12352;160;9;1672694733830;0.0
APPROXIMATION;12345;160;9;1672694733830;0.0
APPROXIMATION;12346;160;10;1672694733830;0.0
APPROXIMATION;12348;160;10;1672694733830;0.0
APPROXIMATION;12349;160;10;1672694733830;0.0
APPROXIMATION;12350;160;10;1672694733830;0.0
APPROXIMATION;12351;160;10;1672694733830;0.0
APPROXIMATION;12345;160;10;1672694733830;0.0
APPROXIMATION;12352;160;10;1672694733830;0.0
APPROXIMATION;12346;160;11;1672694733831;0.0
APPROXIMATION;12348;160;11;1672694733831;0.0
APPROXIMATION;12349;160;11;1672694733831;0.0
APPROXIMATION;12351;160;11;1672694733831;0.0
APPROXIMATION;12350;160;11;1672694733831;0.0
APPROXIMATION;12352;160;11;1672694733831;0.0
APPROXIMATION;12345;160;11;1672694733831;0.0
APPROXIMATION;12346;160;12;1672694733831;0.0
APPROXIMATION;12348;160;12;1672694733831;0.0
APPROXIMATION;12349;160;12;1672694733831;0.0
APPROXIMATION;12350;160;12;1672694733831;0.0
APPROXIMATION;12351;160;12;1672694733831;0.0
APPROXIMATION;12345;160;12;1672694733831;0.0
APPROXIMATION;12352;160;12;1672694733831;0.0
APPROXIMATION;12346;160;13;1672694733831;0.0
APPROXIMATION;12348;160;13;1672694733832;0.0
APPROXIMATION;12349;160;13;1672694733832;0.0
APPROXIMATION;12351;160;13;1672694733832;0.0
APPROXIMATION;12350;160;13;1672694733832;0.0
APPROXIMATION;12352;160;13;1672694733832;0.0
APPROXIMATION;12345;160;13;1672694733832;0.0
HALTED;12346;160;14;1672694733832;0.0
HALTED;12348;160;14;1672694733832;0.0
HALTED;12349;160;14;1672694733832;0.0
HALTED;12350;160;14;1672694733832;0.0
HALTED;12351;160;14;1672694733832;0.0
HALTED;12352;160;14;1672694733832;0.0
HALTED;12345;160;14;1672694733832;0.0
INITIALIZATION;12345;161;0;1672694733933;0.0
INITIALIZATION;12346;161;0;1672694733934;0.0
INITIALIZATION;12351;161;0;1672694733934;0.0
INITIALIZATION;12350;161;0;1672694733934;0.0
INITIALIZATION;12352;161;0;1672694733934;0.0
INITIALIZATION;12348;161;0;1672694733934;0.0
INITIALIZATION;12349;161;0;1672694733935;0.0
APPROXIMATION;12345;161;1;1672694733935;0.0
APPROXIMATION;12346;161;1;1672694733935;0.0
APPROXIMATION;12348;161;1;1672694733935;0.0
APPROXIMATION;12350;161;1;1672694733935;0.0
APPROXIMATION;12351;161;1;1672694733935;0.0
APPROXIMATION;12352;161;1;1672694733935;0.0
APPROXIMATION;12349;161;1;1672694733935;0.0
APPROXIMATION;12345;161;2;1672694733935;0.0
APPROXIMATION;12346;161;2;1672694733935;0.0
APPROXIMATION;12348;161;2;1672694733936;0.0
APPROXIMATION;12352;161;2;1672694733936;0.0
APPROXIMATION;12350;161;2;1672694733936;0.0
APPROXIMATION;12345;161;3;1672694733936;0.0
APPROXIMATION;12351;161;2;1672694733936;0.0
APPROXIMATION;12349;161;2;1672694733936;0.0
APPROXIMATION;12346;161;3;1672694733936;0.0
APPROXIMATION;12348;161;3;1672694733936;0.0
APPROXIMATION;12350;161;3;1672694733936;0.0
APPROXIMATION;12352;161;3;1672694733936;0.0
APPROXIMATION;12351;161;3;1672694733936;0.0
APPROXIMATION;12349;161;3;1672694733936;0.0
APPROXIMATION;12346;161;4;1672694733936;0.0
APPROXIMATION;12348;161;4;1672694733936;0.0
APPROXIMATION;12345;161;4;1672694733937;0.0
APPROXIMATION;12352;161;4;1672694733937;0.0
APPROXIMATION;12350;161;4;1672694733937;0.0
APPROXIMATION;12349;161;4;1672694733937;0.0
APPROXIMATION;12351;161;4;1672694733937;0.0
APPROXIMATION;12346;161;5;1672694733937;0.0
APPROXIMATION;12348;161;5;1672694733937;0.0
APPROXIMATION;12349;161;5;1672694733937;0.0
APPROXIMATION;12345;161;5;1672694733937;0.0
APPROXIMATION;12350;161;5;1672694733937;0.0
APPROXIMATION;12352;161;5;1672694733937;0.0
APPROXIMATION;12351;161;5;1672694733937;0.0
APPROXIMATION;12346;161;6;1672694733937;0.0
APPROXIMATION;12348;161;6;1672694733937;0.0
APPROXIMATION;12349;161;6;1672694733937;0.0
APPROXIMATION;12350;161;6;1672694733938;0.0
APPROXIMATION;12351;161;6;1672694733938;0.0
APPROXIMATION;12352;161;6;1672694733938;0.0
APPROXIMATION;12345;161;6;1672694733938;0.0
APPROXIMATION;12346;161;7;1672694733938;0.0
APPROXIMATION;12348;161;7;1672694733938;0.0
APPROXIMATION;12349;161;7;1672694733938;0.0
APPROXIMATION;12350;161;7;1672694733938;0.0
APPROXIMATION;12351;161;7;1672694733938;0.0
APPROXIMATION;12352;161;7;1672694733938;0.0
APPROXIMATION;12345;161;7;1672694733938;0.0
APPROXIMATION;12346;161;8;1672694733938;0.0
APPROXIMATION;12348;161;8;1672694733938;0.0
APPROXIMATION;12349;161;8;1672694733938;0.0
APPROXIMATION;12351;161;8;1672694733938;0.0
APPROXIMATION;12350;161;8;1672694733938;0.0
APPROXIMATION;12352;161;8;1672694733938;0.0
APPROXIMATION;12345;161;8;1672694733938;0.0
APPROXIMATION;12346;161;9;1672694733939;0.0
APPROXIMATION;12348;161;9;1672694733939;0.0
APPROXIMATION;12349;161;9;1672694733939;0.0
APPROXIMATION;12351;161;9;1672694733939;0.0
APPROXIMATION;12350;161;9;1672694733939;0.0
APPROXIMATION;12345;161;9;1672694733939;0.0
APPROXIMATION;12352;161;9;1672694733939;0.0
APPROXIMATION;12346;161;10;1672694733939;0.0
APPROXIMATION;12348;161;10;1672694733939;0.0
APPROXIMATION;12349;161;10;1672694733939;0.0
APPROXIMATION;12351;161;10;1672694733939;0.0
APPROXIMATION;12350;161;10;1672694733939;0.0
APPROXIMATION;12352;161;10;1672694733939;0.0
APPROXIMATION;12345;161;10;1672694733939;0.0
APPROXIMATION;12346;161;11;1672694733940;0.0
APPROXIMATION;12348;161;11;1672694733940;0.0
APPROXIMATION;12349;161;11;1672694733940;0.0
APPROXIMATION;12350;161;11;1672694733940;0.0
APPROXIMATION;12351;161;11;1672694733940;0.0
APPROXIMATION;12345;161;11;1672694733940;0.0
APPROXIMATION;12352;161;11;1672694733940;0.0
APPROXIMATION;12346;161;12;1672694733940;0.0
APPROXIMATION;12348;161;12;1672694733940;0.0
APPROXIMATION;12349;161;12;1672694733940;0.0
APPROXIMATION;12350;161;12;1672694733940;0.0
APPROXIMATION;12351;161;12;1672694733940;0.0
APPROXIMATION;12352;161;12;1672694733940;0.0
APPROXIMATION;12345;161;12;1672694733940;0.0
APPROXIMATION;12346;161;13;1672694733940;0.0
APPROXIMATION;12348;161;13;1672694733941;0.0
APPROXIMATION;12349;161;13;1672694733941;0.0
APPROXIMATION;12350;161;13;1672694733941;0.0
APPROXIMATION;12351;161;13;1672694733941;0.0
APPROXIMATION;12352;161;13;1672694733941;0.0
APPROXIMATION;12345;161;13;1672694733941;0.0
HALTED;12346;161;14;1672694733941;0.0
HALTED;12348;161;14;1672694733941;0.0
HALTED;12349;161;14;1672694733941;0.0
HALTED;12350;161;14;1672694733941;0.0
HALTED;12351;161;14;1672694733941;0.0
HALTED;12345;161;14;1672694733941;0.0
HALTED;12352;161;14;1672694733941;0.0
INITIALIZATION;12345;162;0;1672694734042;0.0
INITIALIZATION;12346;162;0;1672694734043;0.0
INITIALIZATION;12348;162;0;1672694734043;0.0
INITIALIZATION;12350;162;0;1672694734043;0.0
INITIALIZATION;12349;162;0;1672694734043;0.0
INITIALIZATION;12352;162;0;1672694734043;0.0
INITIALIZATION;12351;162;0;1672694734043;0.0
APPROXIMATION;12345;162;1;1672694734043;0.0
APPROXIMATION;12346;162;1;1672694734043;0.0
APPROXIMATION;12348;162;1;1672694734043;0.0
APPROXIMATION;12349;162;1;1672694734043;0.0
APPROXIMATION;12352;162;1;1672694734043;0.0
APPROXIMATION;12350;162;1;1672694734043;0.0
APPROXIMATION;12351;162;1;1672694734044;0.0
APPROXIMATION;12345;162;2;1672694734044;0.0
APPROXIMATION;12346;162;2;1672694734044;0.0
APPROXIMATION;12348;162;2;1672694734044;0.0
APPROXIMATION;12351;162;2;1672694734044;0.0
APPROXIMATION;12352;162;2;1672694734044;0.0
APPROXIMATION;12349;162;2;1672694734044;0.0
APPROXIMATION;12350;162;2;1672694734044;0.0
APPROXIMATION;12345;162;3;1672694734044;0.0
APPROXIMATION;12346;162;3;1672694734044;0.0
APPROXIMATION;12348;162;3;1672694734044;0.0
APPROXIMATION;12351;162;3;1672694734044;0.0
APPROXIMATION;12349;162;3;1672694734044;0.0
APPROXIMATION;12352;162;3;1672694734044;0.0
APPROXIMATION;12350;162;3;1672694734045;0.0
APPROXIMATION;12345;162;4;1672694734045;0.0
APPROXIMATION;12346;162;4;1672694734045;0.0
APPROXIMATION;12348;162;4;1672694734045;0.0
APPROXIMATION;12351;162;4;1672694734045;0.0
APPROXIMATION;12349;162;4;1672694734045;0.0
APPROXIMATION;12350;162;4;1672694734045;0.0
APPROXIMATION;12352;162;4;1672694734045;0.0
APPROXIMATION;12346;162;5;1672694734045;0.0
APPROXIMATION;12345;162;5;1672694734045;0.0
APPROXIMATION;12348;162;5;1672694734045;0.0
APPROXIMATION;12349;162;5;1672694734045;0.0
APPROXIMATION;12350;162;5;1672694734045;0.0
APPROXIMATION;12351;162;5;1672694734045;0.0
APPROXIMATION;12352;162;5;1672694734045;0.0
APPROXIMATION;12346;162;6;1672694734046;0.0
APPROXIMATION;12348;162;6;1672694734046;0.0
APPROXIMATION;12345;162;6;1672694734046;0.0
APPROXIMATION;12349;162;6;1672694734046;0.0
APPROXIMATION;12350;162;6;1672694734046;0.0
APPROXIMATION;12351;162;6;1672694734046;0.0
APPROXIMATION;12352;162;6;1672694734046;0.0
APPROXIMATION;12346;162;7;1672694734046;0.0
APPROXIMATION;12345;162;7;1672694734046;0.0
APPROXIMATION;12348;162;7;1672694734046;0.0
APPROXIMATION;12349;162;7;1672694734046;0.0
APPROXIMATION;12350;162;7;1672694734046;0.0
APPROXIMATION;12352;162;7;1672694734046;0.0
APPROXIMATION;12351;162;7;1672694734046;0.0
APPROXIMATION;12346;162;8;1672694734046;0.0
APPROXIMATION;12345;162;8;1672694734046;0.0
APPROXIMATION;12348;162;8;1672694734046;0.0
APPROXIMATION;12350;162;8;1672694734047;0.0
APPROXIMATION;12351;162;8;1672694734047;0.0
APPROXIMATION;12352;162;8;1672694734047;0.0
APPROXIMATION;12349;162;8;1672694734047;0.0
APPROXIMATION;12346;162;9;1672694734047;0.0
APPROXIMATION;12345;162;9;1672694734047;0.0
APPROXIMATION;12348;162;9;1672694734047;0.0
APPROXIMATION;12351;162;9;1672694734047;0.0
APPROXIMATION;12350;162;9;1672694734047;0.0
APPROXIMATION;12349;162;9;1672694734047;0.0
APPROXIMATION;12352;162;9;1672694734047;0.0
APPROXIMATION;12346;162;10;1672694734047;0.0
APPROXIMATION;12350;162;10;1672694734047;0.0
APPROXIMATION;12351;162;10;1672694734047;0.0
APPROXIMATION;12348;162;10;1672694734047;0.0
APPROXIMATION;12345;162;10;1672694734047;0.0
APPROXIMATION;12349;162;10;1672694734047;0.0
APPROXIMATION;12352;162;10;1672694734047;0.0
APPROXIMATION;12346;162;11;1672694734048;0.0
APPROXIMATION;12348;162;11;1672694734048;0.0
APPROXIMATION;12350;162;11;1672694734048;0.0
APPROXIMATION;12345;162;11;1672694734048;0.0
APPROXIMATION;12351;162;11;1672694734048;0.0
APPROXIMATION;12352;162;11;1672694734048;0.0
APPROXIMATION;12349;162;11;1672694734048;0.0
APPROXIMATION;12346;162;12;1672694734048;0.0
APPROXIMATION;12350;162;12;1672694734048;0.0
APPROXIMATION;12348;162;12;1672694734048;0.0
APPROXIMATION;12351;162;12;1672694734048;0.0
APPROXIMATION;12345;162;12;1672694734048;0.0
APPROXIMATION;12352;162;12;1672694734048;0.0
APPROXIMATION;12349;162;12;1672694734048;0.0
APPROXIMATION;12346;162;13;1672694734048;0.0
APPROXIMATION;12350;162;13;1672694734049;0.0
APPROXIMATION;12345;162;13;1672694734049;0.0
APPROXIMATION;12351;162;13;1672694734049;0.0
APPROXIMATION;12348;162;13;1672694734049;0.0
APPROXIMATION;12352;162;13;1672694734049;0.0
APPROXIMATION;12349;162;13;1672694734049;0.0
HALTED;12346;162;14;1672694734049;0.0
HALTED;12350;162;14;1672694734049;0.0
HALTED;12351;162;14;1672694734049;0.0
HALTED;12348;162;14;1672694734049;0.0
HALTED;12345;162;14;1672694734049;0.0
HALTED;12352;162;14;1672694734049;0.0
HALTED;12349;162;14;1672694734049;0.0
INITIALIZATION;12345;163;0;1672694734150;0.0
INITIALIZATION;12346;163;0;1672694734150;0.0
INITIALIZATION;12348;163;0;1672694734150;0.0
INITIALIZATION;12349;163;0;1672694734151;0.0
INITIALIZATION;12351;163;0;1672694734151;0.0
INITIALIZATION;12352;163;0;1672694734151;0.0
INITIALIZATION;12350;163;0;1672694734151;0.0
APPROXIMATION;12345;163;1;1672694734151;0.0
APPROXIMATION;12346;163;1;1672694734151;0.0
APPROXIMATION;12348;163;1;1672694734151;0.0
APPROXIMATION;12349;163;1;1672694734151;0.0
APPROXIMATION;12351;163;1;1672694734151;0.0
APPROXIMATION;12352;163;1;1672694734151;0.0
APPROXIMATION;12350;163;1;1672694734151;0.0
APPROXIMATION;12345;163;2;1672694734151;0.0
APPROXIMATION;12346;163;2;1672694734151;0.0
APPROXIMATION;12348;163;2;1672694734152;0.0
APPROXIMATION;12350;163;2;1672694734152;0.0
APPROXIMATION;12349;163;2;1672694734152;0.0
APPROXIMATION;12351;163;2;1672694734152;0.0
APPROXIMATION;12352;163;2;1672694734152;0.0
APPROXIMATION;12345;163;3;1672694734152;0.0
APPROXIMATION;12346;163;3;1672694734152;0.0
APPROXIMATION;12348;163;3;1672694734152;0.0
APPROXIMATION;12352;163;3;1672694734152;0.0
APPROXIMATION;12350;163;3;1672694734152;0.0
APPROXIMATION;12351;163;3;1672694734152;0.0
APPROXIMATION;12349;163;3;1672694734152;0.0
APPROXIMATION;12345;163;4;1672694734152;0.0
APPROXIMATION;12346;163;4;1672694734153;0.0
APPROXIMATION;12348;163;4;1672694734153;0.0
APPROXIMATION;12350;163;4;1672694734153;0.0
APPROXIMATION;12351;163;4;1672694734153;0.0
APPROXIMATION;12352;163;4;1672694734153;0.0
APPROXIMATION;12349;163;4;1672694734153;0.0
APPROXIMATION;12346;163;5;1672694734153;0.0
APPROXIMATION;12345;163;5;1672694734153;0.0
APPROXIMATION;12348;163;5;1672694734153;0.0
APPROXIMATION;12350;163;5;1672694734153;0.0
APPROXIMATION;12351;163;5;1672694734153;0.0
APPROXIMATION;12352;163;5;1672694734153;0.0
APPROXIMATION;12349;163;5;1672694734153;0.0
APPROXIMATION;12346;163;6;1672694734153;0.0
APPROXIMATION;12345;163;6;1672694734153;0.0
APPROXIMATION;12348;163;6;1672694734154;0.0
APPROXIMATION;12350;163;6;1672694734154;0.0
APPROXIMATION;12351;163;6;1672694734154;0.0
APPROXIMATION;12352;163;6;1672694734154;0.0
APPROXIMATION;12349;163;6;1672694734154;0.0
APPROXIMATION;12346;163;7;1672694734154;0.0
APPROXIMATION;12345;163;7;1672694734154;0.0
APPROXIMATION;12348;163;7;1672694734154;0.0
APPROXIMATION;12350;163;7;1672694734154;0.0
APPROXIMATION;12351;163;7;1672694734154;0.0
APPROXIMATION;12352;163;7;1672694734154;0.0
APPROXIMATION;12349;163;7;1672694734154;0.0
APPROXIMATION;12346;163;8;1672694734154;0.0
APPROXIMATION;12345;163;8;1672694734154;0.0
APPROXIMATION;12348;163;8;1672694734154;0.0
APPROXIMATION;12350;163;8;1672694734154;0.0
APPROXIMATION;12351;163;8;1672694734154;0.0
APPROXIMATION;12352;163;8;1672694734155;0.0
APPROXIMATION;12349;163;8;1672694734155;0.0
APPROXIMATION;12345;163;9;1672694734155;0.0
APPROXIMATION;12346;163;9;1672694734155;0.0
APPROXIMATION;12348;163;9;1672694734155;0.0
APPROXIMATION;12350;163;9;1672694734155;0.0
APPROXIMATION;12351;163;9;1672694734155;0.0
APPROXIMATION;12352;163;9;1672694734155;0.0
APPROXIMATION;12349;163;9;1672694734155;0.0
APPROXIMATION;12345;163;10;1672694734155;0.0
APPROXIMATION;12346;163;10;1672694734155;0.0
APPROXIMATION;12348;163;10;1672694734155;0.0
APPROXIMATION;12350;163;10;1672694734155;0.0
APPROXIMATION;12351;163;10;1672694734155;0.0
APPROXIMATION;12352;163;10;1672694734156;0.0
APPROXIMATION;12349;163;10;1672694734156;0.0
APPROXIMATION;12345;163;11;1672694734156;0.0
APPROXIMATION;12346;163;11;1672694734156;0.0
APPROXIMATION;12348;163;11;1672694734156;0.0
APPROXIMATION;12350;163;11;1672694734156;0.0
APPROXIMATION;12351;163;11;1672694734156;0.0
APPROXIMATION;12352;163;11;1672694734156;0.0
APPROXIMATION;12349;163;11;1672694734156;0.0
APPROXIMATION;12345;163;12;1672694734156;0.0
APPROXIMATION;12346;163;12;1672694734156;0.0
APPROXIMATION;12348;163;12;1672694734156;0.0
APPROXIMATION;12351;163;12;1672694734156;0.0
APPROXIMATION;12350;163;12;1672694734156;0.0
APPROXIMATION;12352;163;12;1672694734156;0.0
APPROXIMATION;12349;163;12;1672694734156;0.0
APPROXIMATION;12345;163;13;1672694734156;0.0
APPROXIMATION;12346;163;13;1672694734156;0.0
APPROXIMATION;12348;163;13;1672694734157;0.0
APPROXIMATION;12350;163;13;1672694734157;0.0
APPROXIMATION;12351;163;13;1672694734157;0.0
APPROXIMATION;12352;163;13;1672694734157;0.0
APPROXIMATION;12349;163;13;1672694734157;0.0
HALTED;12346;163;14;1672694734157;0.0
HALTED;12345;163;14;1672694734157;0.0
HALTED;12348;163;14;1672694734157;0.0
HALTED;12350;163;14;1672694734157;0.0
HALTED;12351;163;14;1672694734157;0.0
HALTED;12352;163;14;1672694734157;0.0
HALTED;12349;163;14;1672694734157;0.0
INITIALIZATION;12345;164;0;1672694734258;0.0
INITIALIZATION;12348;164;0;1672694734258;0.0
INITIALIZATION;12349;164;0;1672694734258;0.0
INITIALIZATION;12350;164;0;1672694734258;0.0
INITIALIZATION;12352;164;0;1672694734259;0.0
INITIALIZATION;12351;164;0;1672694734259;0.0
INITIALIZATION;12346;164;0;1672694734259;0.0
APPROXIMATION;12345;164;1;1672694734259;0.0
APPROXIMATION;12348;164;1;1672694734259;0.0
APPROXIMATION;12349;164;1;1672694734259;0.0
APPROXIMATION;12350;164;1;1672694734259;0.0
APPROXIMATION;12351;164;1;1672694734259;0.0
APPROXIMATION;12346;164;1;1672694734259;0.0
APPROXIMATION;12352;164;1;1672694734259;0.0
APPROXIMATION;12346;164;2;1672694734260;0.0
APPROXIMATION;12348;164;2;1672694734260;0.0
APPROXIMATION;12349;164;2;1672694734260;0.0
APPROXIMATION;12350;164;2;1672694734260;0.0
APPROXIMATION;12351;164;2;1672694734260;0.0
APPROXIMATION;12352;164;2;1672694734260;0.0
APPROXIMATION;12349;164;3;1672694734309;0.0
APPROXIMATION;12345;164;2;1672694734309;0.0
APPROXIMATION;12346;164;3;1672694734309;0.0
APPROXIMATION;12350;164;3;1672694734309;0.0
APPROXIMATION;12351;164;3;1672694734309;0.0
APPROXIMATION;12352;164;3;1672694734309;0.0
APPROXIMATION;12348;164;3;1672694734309;0.0
APPROXIMATION;12345;164;3;1672694734309;0.0
APPROXIMATION;12346;164;4;1672694734310;0.0
APPROXIMATION;12348;164;4;1672694734310;0.0
APPROXIMATION;12349;164;4;1672694734310;0.0
APPROXIMATION;12350;164;4;1672694734310;0.0
APPROXIMATION;12345;164;4;1672694734310;0.0
APPROXIMATION;12351;164;4;1672694734310;0.0
APPROXIMATION;12352;164;4;1672694734310;0.0
APPROXIMATION;12346;164;5;1672694734310;0.0
APPROXIMATION;12345;164;5;1672694734310;0.0
APPROXIMATION;12348;164;5;1672694734310;0.0
APPROXIMATION;12349;164;5;1672694734310;0.0
APPROXIMATION;12350;164;5;1672694734311;0.0
APPROXIMATION;12352;164;5;1672694734311;0.0
APPROXIMATION;12351;164;5;1672694734311;0.0
APPROXIMATION;12345;164;6;1672694734311;0.0
APPROXIMATION;12346;164;6;1672694734311;0.0
APPROXIMATION;12348;164;6;1672694734311;0.0
APPROXIMATION;12349;164;6;1672694734311;0.0
APPROXIMATION;12350;164;6;1672694734311;0.0
APPROXIMATION;12351;164;6;1672694734311;0.0
APPROXIMATION;12352;164;6;1672694734311;0.0
APPROXIMATION;12346;164;7;1672694734312;0.0
APPROXIMATION;12345;164;7;1672694734312;0.0
APPROXIMATION;12348;164;7;1672694734312;0.0
APPROXIMATION;12350;164;7;1672694734312;0.0
APPROXIMATION;12351;164;7;1672694734312;0.0
APPROXIMATION;12349;164;7;1672694734312;0.0
APPROXIMATION;12352;164;7;1672694734312;0.0
APPROXIMATION;12346;164;8;1672694734312;0.0
APPROXIMATION;12345;164;8;1672694734312;0.0
APPROXIMATION;12348;164;8;1672694734312;0.0
APPROXIMATION;12350;164;8;1672694734312;0.0
APPROXIMATION;12352;164;8;1672694734312;0.0
APPROXIMATION;12351;164;8;1672694734312;0.0
APPROXIMATION;12349;164;8;1672694734312;0.0
APPROXIMATION;12346;164;9;1672694734313;0.0
APPROXIMATION;12345;164;9;1672694734313;0.0
APPROXIMATION;12350;164;9;1672694734313;0.0
APPROXIMATION;12351;164;9;1672694734313;0.0
APPROXIMATION;12348;164;9;1672694734313;0.0
APPROXIMATION;12352;164;9;1672694734313;0.0
APPROXIMATION;12349;164;9;1672694734313;0.0
APPROXIMATION;12346;164;10;1672694734313;0.0
APPROXIMATION;12345;164;10;1672694734313;0.0
APPROXIMATION;12350;164;10;1672694734313;0.0
APPROXIMATION;12351;164;10;1672694734313;0.0
APPROXIMATION;12348;164;10;1672694734313;0.0
APPROXIMATION;12352;164;10;1672694734313;0.0
APPROXIMATION;12349;164;10;1672694734313;0.0
APPROXIMATION;12345;164;11;1672694734313;0.0
APPROXIMATION;12346;164;11;1672694734313;0.0
APPROXIMATION;12350;164;11;1672694734314;0.0
APPROXIMATION;12351;164;11;1672694734314;0.0
APPROXIMATION;12352;164;11;1672694734314;0.0
APPROXIMATION;12348;164;11;1672694734314;0.0
APPROXIMATION;12349;164;11;1672694734314;0.0
APPROXIMATION;12345;164;12;1672694734314;0.0
APPROXIMATION;12346;164;12;1672694734314;0.0
APPROXIMATION;12350;164;12;1672694734314;0.0
APPROXIMATION;12351;164;12;1672694734314;0.0
APPROXIMATION;12348;164;12;1672694734314;0.0
APPROXIMATION;12352;164;12;1672694734314;0.0
APPROXIMATION;12349;164;12;1672694734314;0.0
APPROXIMATION;12345;164;13;1672694734314;0.0
APPROXIMATION;12346;164;13;1672694734314;0.0
APPROXIMATION;12350;164;13;1672694734314;0.0
APPROXIMATION;12351;164;13;1672694734315;0.0
APPROXIMATION;12348;164;13;1672694734315;0.0
APPROXIMATION;12352;164;13;1672694734315;0.0
APPROXIMATION;12349;164;13;1672694734315;0.0
HALTED;12345;164;14;1672694734315;0.0
HALTED;12346;164;14;1672694734315;0.0
HALTED;12350;164;14;1672694734315;0.0
HALTED;12351;164;14;1672694734315;0.0
HALTED;12348;164;14;1672694734315;0.0
HALTED;12352;164;14;1672694734315;0.0
HALTED;12349;164;14;1672694734315;0.0
INITIALIZATION;12345;165;0;1672694734415;0.0
INITIALIZATION;12346;165;0;1672694734416;0.0
INITIALIZATION;12351;165;0;1672694734416;0.0
INITIALIZATION;12348;165;0;1672694734416;0.0
INITIALIZATION;12350;165;0;1672694734416;0.0
INITIALIZATION;12352;165;0;1672694734417;0.0
INITIALIZATION;12349;165;0;1672694734417;0.0
APPROXIMATION;12345;165;1;1672694734417;0.0
APPROXIMATION;12346;165;1;1672694734417;0.0
APPROXIMATION;12348;165;1;1672694734417;0.0
APPROXIMATION;12350;165;1;1672694734417;0.0
APPROXIMATION;12352;165;1;1672694734417;0.0
APPROXIMATION;12349;165;1;1672694734417;0.0
APPROXIMATION;12351;165;1;1672694734417;0.0
APPROXIMATION;12345;165;2;1672694734417;0.0
APPROXIMATION;12346;165;2;1672694734417;0.0
APPROXIMATION;12348;165;2;1672694734417;0.0
APPROXIMATION;12349;165;2;1672694734418;0.0
APPROXIMATION;12351;165;2;1672694734418;0.0
APPROXIMATION;12350;165;2;1672694734418;0.0
APPROXIMATION;12352;165;2;1672694734418;0.0
APPROXIMATION;12345;165;3;1672694734418;0.0
APPROXIMATION;12346;165;3;1672694734418;0.0
APPROXIMATION;12348;165;3;1672694734418;0.0
APPROXIMATION;12349;165;3;1672694734418;0.0
APPROXIMATION;12352;165;3;1672694734418;0.0
APPROXIMATION;12350;165;3;1672694734418;0.0
APPROXIMATION;12351;165;3;1672694734418;0.0
APPROXIMATION;12345;165;4;1672694734419;0.0
APPROXIMATION;12346;165;4;1672694734419;0.0
APPROXIMATION;12348;165;4;1672694734419;0.0
APPROXIMATION;12349;165;4;1672694734419;0.0
APPROXIMATION;12350;165;4;1672694734419;0.0
APPROXIMATION;12351;165;4;1672694734419;0.0
APPROXIMATION;12352;165;4;1672694734419;0.0
APPROXIMATION;12346;165;5;1672694734419;0.0
APPROXIMATION;12348;165;5;1672694734419;0.0
APPROXIMATION;12345;165;5;1672694734419;0.0
APPROXIMATION;12352;165;5;1672694734419;0.0
APPROXIMATION;12350;165;5;1672694734419;0.0
APPROXIMATION;12351;165;5;1672694734419;0.0
APPROXIMATION;12349;165;5;1672694734419;0.0
APPROXIMATION;12346;165;6;1672694734419;0.0
APPROXIMATION;12348;165;6;1672694734419;0.0
APPROXIMATION;12345;165;6;1672694734419;0.0
APPROXIMATION;12351;165;6;1672694734420;0.0
APPROXIMATION;12352;165;6;1672694734420;0.0
APPROXIMATION;12350;165;6;1672694734420;0.0
APPROXIMATION;12349;165;6;1672694734420;0.0
APPROXIMATION;12346;165;7;1672694734420;0.0
APPROXIMATION;12348;165;7;1672694734420;0.0
APPROXIMATION;12345;165;7;1672694734420;0.0
APPROXIMATION;12350;165;7;1672694734420;0.0
APPROXIMATION;12351;165;7;1672694734420;0.0
APPROXIMATION;12352;165;7;1672694734420;0.0
APPROXIMATION;12349;165;7;1672694734420;0.0
APPROXIMATION;12346;165;8;1672694734420;0.0
APPROXIMATION;12348;165;8;1672694734420;0.0
APPROXIMATION;12345;165;8;1672694734420;0.0
APPROXIMATION;12352;165;8;1672694734420;0.0
APPROXIMATION;12350;165;8;1672694734420;0.0
APPROXIMATION;12349;165;8;1672694734420;0.0
APPROXIMATION;12351;165;8;1672694734420;0.0
APPROXIMATION;12346;165;9;1672694734421;0.0
APPROXIMATION;12348;165;9;1672694734421;0.0
APPROXIMATION;12349;165;9;1672694734421;0.0
APPROXIMATION;12350;165;9;1672694734421;0.0
APPROXIMATION;12351;165;9;1672694734421;0.0
APPROXIMATION;12352;165;9;1672694734421;0.0
APPROXIMATION;12345;165;9;1672694734421;0.0
APPROXIMATION;12346;165;10;1672694734421;0.0
APPROXIMATION;12348;165;10;1672694734421;0.0
APPROXIMATION;12349;165;10;1672694734421;0.0
APPROXIMATION;12350;165;10;1672694734421;0.0
APPROXIMATION;12351;165;10;1672694734421;0.0
APPROXIMATION;12352;165;10;1672694734421;0.0
APPROXIMATION;12345;165;10;1672694734421;0.0
APPROXIMATION;12346;165;11;1672694734421;0.0
APPROXIMATION;12348;165;11;1672694734422;0.0
APPROXIMATION;12349;165;11;1672694734422;0.0
APPROXIMATION;12350;165;11;1672694734422;0.0
APPROXIMATION;12345;165;11;1672694734422;0.0
APPROXIMATION;12352;165;11;1672694734422;0.0
APPROXIMATION;12351;165;11;1672694734422;0.0
APPROXIMATION;12346;165;12;1672694734422;0.0
APPROXIMATION;12348;165;12;1672694734422;0.0
APPROXIMATION;12349;165;12;1672694734422;0.0
APPROXIMATION;12350;165;12;1672694734422;0.0
APPROXIMATION;12351;165;12;1672694734422;0.0
APPROXIMATION;12345;165;12;1672694734422;0.0
APPROXIMATION;12352;165;12;1672694734422;0.0
APPROXIMATION;12346;165;13;1672694734422;0.0
APPROXIMATION;12348;165;13;1672694734422;0.0
APPROXIMATION;12349;165;13;1672694734423;0.0
APPROXIMATION;12350;165;13;1672694734423;0.0
APPROXIMATION;12351;165;13;1672694734423;0.0
APPROXIMATION;12345;165;13;1672694734423;0.0
APPROXIMATION;12352;165;13;1672694734423;0.0
HALTED;12346;165;14;1672694734423;0.0
HALTED;12348;165;14;1672694734423;0.0
HALTED;12349;165;14;1672694734423;0.0
HALTED;12350;165;14;1672694734423;0.0
HALTED;12351;165;14;1672694734423;0.0
HALTED;12352;165;14;1672694734423;0.0
HALTED;12345;165;14;1672694734423;0.0
INITIALIZATION;12345;166;0;1672694734524;0.0
INITIALIZATION;12346;166;0;1672694734525;0.0
INITIALIZATION;12348;166;0;1672694734525;0.0
INITIALIZATION;12349;166;0;1672694734525;0.0
INITIALIZATION;12351;166;0;1672694734525;0.0
INITIALIZATION;12352;166;0;1672694734525;0.0
INITIALIZATION;12350;166;0;1672694734525;0.0
APPROXIMATION;12345;166;1;1672694734525;0.0
APPROXIMATION;12346;166;1;1672694734525;0.0
APPROXIMATION;12348;166;1;1672694734525;0.0
APPROXIMATION;12349;166;1;1672694734525;0.0
APPROXIMATION;12350;166;1;1672694734526;0.0
APPROXIMATION;12351;166;1;1672694734526;0.0
APPROXIMATION;12352;166;1;1672694734526;0.0
APPROXIMATION;12345;166;2;1672694734526;0.0
APPROXIMATION;12346;166;2;1672694734526;0.0
APPROXIMATION;12348;166;2;1672694734526;0.0
APPROXIMATION;12352;166;2;1672694734526;0.0
APPROXIMATION;12349;166;2;1672694734526;0.0
APPROXIMATION;12351;166;2;1672694734526;0.0
APPROXIMATION;12350;166;2;1672694734526;0.0
APPROXIMATION;12346;166;3;1672694734526;0.0
APPROXIMATION;12345;166;3;1672694734526;0.0
APPROXIMATION;12348;166;3;1672694734526;0.0
APPROXIMATION;12351;166;3;1672694734526;0.0
APPROXIMATION;12349;166;3;1672694734527;0.0
APPROXIMATION;12352;166;3;1672694734527;0.0
APPROXIMATION;12350;166;3;1672694734527;0.0
APPROXIMATION;12345;166;4;1672694734527;0.0
APPROXIMATION;12346;166;4;1672694734527;0.0
APPROXIMATION;12348;166;4;1672694734527;0.0
APPROXIMATION;12349;166;4;1672694734527;0.0
APPROXIMATION;12351;166;4;1672694734527;0.0
APPROXIMATION;12350;166;4;1672694734527;0.0
APPROXIMATION;12352;166;4;1672694734527;0.0
APPROXIMATION;12345;166;5;1672694734527;0.0
APPROXIMATION;12346;166;5;1672694734527;0.0
APPROXIMATION;12348;166;5;1672694734527;0.0
APPROXIMATION;12352;166;5;1672694734527;0.0
APPROXIMATION;12350;166;5;1672694734527;0.0
APPROXIMATION;12351;166;5;1672694734527;0.0
APPROXIMATION;12349;166;5;1672694734528;0.0
APPROXIMATION;12345;166;6;1672694734528;0.0
APPROXIMATION;12346;166;6;1672694734528;0.0
APPROXIMATION;12348;166;6;1672694734528;0.0
APPROXIMATION;12350;166;6;1672694734528;0.0
APPROXIMATION;12352;166;6;1672694734528;0.0
APPROXIMATION;12351;166;6;1672694734528;0.0
APPROXIMATION;12349;166;6;1672694734528;0.0
APPROXIMATION;12345;166;7;1672694734528;0.0
APPROXIMATION;12346;166;7;1672694734528;0.0
APPROXIMATION;12348;166;7;1672694734528;0.0
APPROXIMATION;12351;166;7;1672694734528;0.0
APPROXIMATION;12352;166;7;1672694734528;0.0
APPROXIMATION;12350;166;7;1672694734528;0.0
APPROXIMATION;12349;166;7;1672694734528;0.0
APPROXIMATION;12345;166;8;1672694734528;0.0
APPROXIMATION;12346;166;8;1672694734529;0.0
APPROXIMATION;12348;166;8;1672694734529;0.0
APPROXIMATION;12351;166;8;1672694734529;0.0
APPROXIMATION;12350;166;8;1672694734529;0.0
APPROXIMATION;12352;166;8;1672694734529;0.0
APPROXIMATION;12349;166;8;1672694734529;0.0
APPROXIMATION;12345;166;9;1672694734529;0.0
APPROXIMATION;12346;166;9;1672694734529;0.0
APPROXIMATION;12348;166;9;1672694734529;0.0
APPROXIMATION;12351;166;9;1672694734529;0.0
APPROXIMATION;12350;166;9;1672694734529;0.0
APPROXIMATION;12352;166;9;1672694734529;0.0
APPROXIMATION;12349;166;9;1672694734529;0.0
APPROXIMATION;12345;166;10;1672694734529;0.0
APPROXIMATION;12346;166;10;1672694734529;0.0
APPROXIMATION;12348;166;10;1672694734530;0.0
APPROXIMATION;12350;166;10;1672694734530;0.0
APPROXIMATION;12351;166;10;1672694734530;0.0
APPROXIMATION;12352;166;10;1672694734530;0.0
APPROXIMATION;12349;166;10;1672694734530;0.0
APPROXIMATION;12346;166;11;1672694734530;0.0
APPROXIMATION;12345;166;11;1672694734530;0.0
APPROXIMATION;12348;166;11;1672694734530;0.0
APPROXIMATION;12351;166;11;1672694734530;0.0
APPROXIMATION;12350;166;11;1672694734530;0.0
APPROXIMATION;12352;166;11;1672694734530;0.0
APPROXIMATION;12349;166;11;1672694734530;0.0
APPROXIMATION;12346;166;12;1672694734530;0.0
APPROXIMATION;12345;166;12;1672694734530;0.0
APPROXIMATION;12348;166;12;1672694734531;0.0
APPROXIMATION;12350;166;12;1672694734531;0.0
APPROXIMATION;12351;166;12;1672694734531;0.0
APPROXIMATION;12352;166;12;1672694734531;0.0
APPROXIMATION;12349;166;12;1672694734531;0.0
APPROXIMATION;12345;166;13;1672694734531;0.0
APPROXIMATION;12346;166;13;1672694734531;0.0
APPROXIMATION;12348;166;13;1672694734531;0.0
APPROXIMATION;12350;166;13;1672694734531;0.0
APPROXIMATION;12351;166;13;1672694734531;0.0
APPROXIMATION;12352;166;13;1672694734531;0.0
APPROXIMATION;12349;166;13;1672694734531;0.0
HALTED;12346;166;14;1672694734531;0.0
HALTED;12345;166;14;1672694734531;0.0
HALTED;12348;166;14;1672694734531;0.0
HALTED;12350;166;14;1672694734531;0.0
HALTED;12351;166;14;1672694734531;0.0
HALTED;12352;166;14;1672694734531;0.0
HALTED;12349;166;14;1672694734532;0.0
INITIALIZATION;12345;167;0;1672694734632;0.0
INITIALIZATION;12346;167;0;1672694734632;0.0
INITIALIZATION;12349;167;0;1672694734633;0.0
INITIALIZATION;12348;167;0;1672694734633;0.0
INITIALIZATION;12352;167;0;1672694734633;0.0
INITIALIZATION;12351;167;0;1672694734633;0.0
INITIALIZATION;12350;167;0;1672694734633;0.0
APPROXIMATION;12345;167;1;1672694734633;0.0
APPROXIMATION;12346;167;1;1672694734633;0.0
APPROXIMATION;12348;167;1;1672694734633;0.0
APPROXIMATION;12349;167;1;1672694734633;0.0
APPROXIMATION;12351;167;1;1672694734634;0.0
APPROXIMATION;12352;167;1;1672694734634;0.0
APPROXIMATION;12350;167;1;1672694734634;0.0
APPROXIMATION;12346;167;2;1672694734634;0.0
APPROXIMATION;12345;167;2;1672694734634;0.0
APPROXIMATION;12348;167;2;1672694734634;0.0
APPROXIMATION;12350;167;2;1672694734634;0.0
APPROXIMATION;12352;167;2;1672694734634;0.0
APPROXIMATION;12349;167;2;1672694734634;0.0
APPROXIMATION;12351;167;2;1672694734634;0.0
APPROXIMATION;12346;167;3;1672694734634;0.0
APPROXIMATION;12345;167;3;1672694734634;0.0
APPROXIMATION;12348;167;3;1672694734634;0.0
APPROXIMATION;12350;167;3;1672694734634;0.0
APPROXIMATION;12349;167;3;1672694734634;0.0
APPROXIMATION;12351;167;3;1672694734634;0.0
APPROXIMATION;12352;167;3;1672694734634;0.0
APPROXIMATION;12346;167;4;1672694734635;0.0
APPROXIMATION;12345;167;4;1672694734635;0.0
APPROXIMATION;12348;167;4;1672694734635;0.0
APPROXIMATION;12350;167;4;1672694734635;0.0
APPROXIMATION;12349;167;4;1672694734635;0.0
APPROXIMATION;12351;167;4;1672694734635;0.0
APPROXIMATION;12346;167;5;1672694734635;0.0
APPROXIMATION;12352;167;4;1672694734635;0.0
APPROXIMATION;12348;167;5;1672694734635;0.0
APPROXIMATION;12345;167;5;1672694734635;0.0
APPROXIMATION;12349;167;5;1672694734635;0.0
APPROXIMATION;12350;167;5;1672694734635;0.0
APPROXIMATION;12351;167;5;1672694734635;0.0
APPROXIMATION;12346;167;6;1672694734635;0.0
APPROXIMATION;12352;167;5;1672694734635;0.0
APPROXIMATION;12348;167;6;1672694734635;0.0
APPROXIMATION;12350;167;6;1672694734636;0.0
APPROXIMATION;12345;167;6;1672694734636;0.0
APPROXIMATION;12351;167;6;1672694734636;0.0
APPROXIMATION;12352;167;6;1672694734636;0.0
APPROXIMATION;12349;167;6;1672694734636;0.0
APPROXIMATION;12346;167;7;1672694734636;0.0
APPROXIMATION;12350;167;7;1672694734636;0.0
APPROXIMATION;12345;167;7;1672694734636;0.0
APPROXIMATION;12349;167;7;1672694734636;0.0
APPROXIMATION;12351;167;7;1672694734636;0.0
APPROXIMATION;12352;167;7;1672694734636;0.0
APPROXIMATION;12348;167;7;1672694734636;0.0
APPROXIMATION;12346;167;8;1672694734636;0.0
APPROXIMATION;12350;167;8;1672694734636;0.0
APPROXIMATION;12349;167;8;1672694734636;0.0
APPROXIMATION;12345;167;8;1672694734636;0.0
APPROXIMATION;12351;167;8;1672694734636;0.0
APPROXIMATION;12352;167;8;1672694734636;0.0
APPROXIMATION;12348;167;8;1672694734636;0.0
APPROXIMATION;12346;167;9;1672694734637;0.0
APPROXIMATION;12350;167;9;1672694734637;0.0
APPROXIMATION;12345;167;9;1672694734637;0.0
APPROXIMATION;12351;167;9;1672694734637;0.0
APPROXIMATION;12352;167;9;1672694734637;0.0
APPROXIMATION;12349;167;9;1672694734637;0.0
APPROXIMATION;12348;167;9;1672694734637;0.0
APPROXIMATION;12346;167;10;1672694734637;0.0
APPROXIMATION;12350;167;10;1672694734637;0.0
APPROXIMATION;12345;167;10;1672694734637;0.0
APPROXIMATION;12351;167;10;1672694734637;0.0
APPROXIMATION;12352;167;10;1672694734637;0.0
APPROXIMATION;12348;167;10;1672694734637;0.0
APPROXIMATION;12349;167;10;1672694734637;0.0
APPROXIMATION;12346;167;11;1672694734637;0.0
APPROXIMATION;12350;167;11;1672694734638;0.0
APPROXIMATION;12345;167;11;1672694734638;0.0
APPROXIMATION;12352;167;11;1672694734638;0.0
APPROXIMATION;12351;167;11;1672694734638;0.0
APPROXIMATION;12348;167;11;1672694734638;0.0
APPROXIMATION;12349;167;11;1672694734638;0.0
APPROXIMATION;12346;167;12;1672694734638;0.0
APPROXIMATION;12350;167;12;1672694734638;0.0
APPROXIMATION;12351;167;12;1672694734638;0.0
APPROXIMATION;12352;167;12;1672694734638;0.0
APPROXIMATION;12348;167;12;1672694734638;0.0
APPROXIMATION;12345;167;12;1672694734638;0.0
APPROXIMATION;12349;167;12;1672694734638;0.0
APPROXIMATION;12346;167;13;1672694734638;0.0
APPROXIMATION;12350;167;13;1672694734638;0.0
APPROXIMATION;12351;167;13;1672694734638;0.0
APPROXIMATION;12349;167;13;1672694734638;0.0
APPROXIMATION;12348;167;13;1672694734638;0.0
APPROXIMATION;12352;167;13;1672694734639;0.0
APPROXIMATION;12345;167;13;1672694734639;0.0
HALTED;12346;167;14;1672694734639;0.0
HALTED;12348;167;14;1672694734639;0.0
HALTED;12350;167;14;1672694734639;0.0
HALTED;12349;167;14;1672694734639;0.0
HALTED;12351;167;14;1672694734639;0.0
HALTED;12345;167;14;1672694734639;0.0
HALTED;12352;167;14;1672694734639;0.0
INITIALIZATION;12345;168;0;1672694734740;0.0
INITIALIZATION;12346;168;0;1672694734740;0.0
INITIALIZATION;12348;168;0;1672694734741;0.0
INITIALIZATION;12350;168;0;1672694734741;0.0
INITIALIZATION;12349;168;0;1672694734741;0.0
INITIALIZATION;12352;168;0;1672694734741;0.0
INITIALIZATION;12351;168;0;1672694734741;0.0
APPROXIMATION;12345;168;1;1672694734741;0.0
APPROXIMATION;12346;168;1;1672694734742;0.0
APPROXIMATION;12348;168;1;1672694734742;0.0
APPROXIMATION;12350;168;1;1672694734742;0.0
APPROXIMATION;12349;168;1;1672694734742;0.0
APPROXIMATION;12351;168;1;1672694734742;0.0
APPROXIMATION;12352;168;1;1672694734742;0.0
APPROXIMATION;12345;168;2;1672694734742;0.0
APPROXIMATION;12346;168;2;1672694734742;0.0
APPROXIMATION;12348;168;2;1672694734742;0.0
APPROXIMATION;12349;168;2;1672694734743;0.0
APPROXIMATION;12352;168;2;1672694734743;0.0
APPROXIMATION;12350;168;2;1672694734743;0.0
APPROXIMATION;12351;168;2;1672694734743;0.0
APPROXIMATION;12345;168;3;1672694734743;0.0
APPROXIMATION;12346;168;3;1672694734743;0.0
APPROXIMATION;12348;168;3;1672694734743;0.0
APPROXIMATION;12352;168;3;1672694734743;0.0
APPROXIMATION;12350;168;3;1672694734743;0.0
APPROXIMATION;12351;168;3;1672694734743;0.0
APPROXIMATION;12349;168;3;1672694734743;0.0
APPROXIMATION;12345;168;4;1672694734743;0.0
APPROXIMATION;12346;168;4;1672694734743;0.0
APPROXIMATION;12348;168;4;1672694734743;0.0
APPROXIMATION;12350;168;4;1672694734743;0.0
APPROXIMATION;12351;168;4;1672694734743;0.0
APPROXIMATION;12352;168;4;1672694734743;0.0
APPROXIMATION;12349;168;4;1672694734744;0.0
APPROXIMATION;12345;168;5;1672694734744;0.0
APPROXIMATION;12346;168;5;1672694734744;0.0
APPROXIMATION;12348;168;5;1672694734744;0.0
APPROXIMATION;12350;168;5;1672694734744;0.0
APPROXIMATION;12351;168;5;1672694734744;0.0
APPROXIMATION;12352;168;5;1672694734744;0.0
APPROXIMATION;12349;168;5;1672694734744;0.0
APPROXIMATION;12345;168;6;1672694734744;0.0
APPROXIMATION;12346;168;6;1672694734744;0.0
APPROXIMATION;12348;168;6;1672694734744;0.0
APPROXIMATION;12350;168;6;1672694734744;0.0
APPROXIMATION;12351;168;6;1672694734744;0.0
APPROXIMATION;12352;168;6;1672694734744;0.0
APPROXIMATION;12349;168;6;1672694734744;0.0
APPROXIMATION;12345;168;7;1672694734744;0.0
APPROXIMATION;12346;168;7;1672694734745;0.0
APPROXIMATION;12350;168;7;1672694734745;0.0
APPROXIMATION;12348;168;7;1672694734745;0.0
APPROXIMATION;12351;168;7;1672694734745;0.0
APPROXIMATION;12352;168;7;1672694734745;0.0
APPROXIMATION;12349;168;7;1672694734745;0.0
APPROXIMATION;12345;168;8;1672694734745;0.0
APPROXIMATION;12346;168;8;1672694734745;0.0
APPROXIMATION;12348;168;8;1672694734745;0.0
APPROXIMATION;12350;168;8;1672694734745;0.0
APPROXIMATION;12352;168;8;1672694734745;0.0
APPROXIMATION;12351;168;8;1672694734745;0.0
APPROXIMATION;12349;168;8;1672694734745;0.0
APPROXIMATION;12345;168;9;1672694734745;0.0
APPROXIMATION;12346;168;9;1672694734745;0.0
APPROXIMATION;12348;168;9;1672694734746;0.0
APPROXIMATION;12350;168;9;1672694734746;0.0
APPROXIMATION;12351;168;9;1672694734746;0.0
APPROXIMATION;12352;168;9;1672694734746;0.0
APPROXIMATION;12349;168;9;1672694734746;0.0
APPROXIMATION;12345;168;10;1672694734746;0.0
APPROXIMATION;12346;168;10;1672694734746;0.0
APPROXIMATION;12350;168;10;1672694734746;0.0
APPROXIMATION;12348;168;10;1672694734746;0.0
APPROXIMATION;12351;168;10;1672694734746;0.0
APPROXIMATION;12352;168;10;1672694734746;0.0
APPROXIMATION;12349;168;10;1672694734746;0.0
APPROXIMATION;12345;168;11;1672694734746;0.0
APPROXIMATION;12346;168;11;1672694734746;0.0
APPROXIMATION;12348;168;11;1672694734746;0.0
APPROXIMATION;12350;168;11;1672694734746;0.0
APPROXIMATION;12351;168;11;1672694734746;0.0
APPROXIMATION;12352;168;11;1672694734746;0.0
APPROXIMATION;12349;168;11;1672694734747;0.0
APPROXIMATION;12345;168;12;1672694734747;0.0
APPROXIMATION;12346;168;12;1672694734747;0.0
APPROXIMATION;12348;168;12;1672694734747;0.0
APPROXIMATION;12350;168;12;1672694734747;0.0
APPROXIMATION;12351;168;12;1672694734747;0.0
APPROXIMATION;12352;168;12;1672694734747;0.0
APPROXIMATION;12349;168;12;1672694734747;0.0
APPROXIMATION;12345;168;13;1672694734747;0.0
APPROXIMATION;12346;168;13;1672694734747;0.0
APPROXIMATION;12348;168;13;1672694734747;0.0
APPROXIMATION;12351;168;13;1672694734747;0.0
APPROXIMATION;12350;168;13;1672694734747;0.0
APPROXIMATION;12352;168;13;1672694734747;0.0
APPROXIMATION;12349;168;13;1672694734748;0.0
HALTED;12345;168;14;1672694734748;0.0
HALTED;12346;168;14;1672694734748;0.0
HALTED;12348;168;14;1672694734748;0.0
HALTED;12350;168;14;1672694734748;0.0
HALTED;12351;168;14;1672694734748;0.0
HALTED;12352;168;14;1672694734748;0.0
HALTED;12349;168;14;1672694734748;0.0
INITIALIZATION;12345;169;0;1672694734848;0.0
INITIALIZATION;12346;169;0;1672694734849;0.0
INITIALIZATION;12352;169;0;1672694734849;0.0
INITIALIZATION;12350;169;0;1672694734850;0.0
INITIALIZATION;12351;169;0;1672694734850;0.0
INITIALIZATION;12349;169;0;1672694734850;0.0
APPROXIMATION;12345;169;1;1672694734850;0.0
INITIALIZATION;12348;169;0;1672694734850;0.0
APPROXIMATION;12346;169;1;1672694734850;0.0
APPROXIMATION;12350;169;1;1672694734850;0.0
APPROXIMATION;12349;169;1;1672694734850;0.0
APPROXIMATION;12351;169;1;1672694734850;0.0
APPROXIMATION;12352;169;1;1672694734850;0.0
APPROXIMATION;12348;169;1;1672694734850;0.0
APPROXIMATION;12345;169;2;1672694734850;0.0
APPROXIMATION;12346;169;2;1672694734851;0.0
APPROXIMATION;12349;169;2;1672694734851;0.0
APPROXIMATION;12350;169;2;1672694734851;0.0
APPROXIMATION;12351;169;2;1672694734851;0.0
APPROXIMATION;12348;169;2;1672694734851;0.0
APPROXIMATION;12346;169;3;1672694734851;0.0
APPROXIMATION;12352;169;2;1672694734851;0.0
APPROXIMATION;12345;169;3;1672694734851;0.0
APPROXIMATION;12348;169;3;1672694734851;0.0
APPROXIMATION;12349;169;3;1672694734851;0.0
APPROXIMATION;12350;169;3;1672694734851;0.0
APPROXIMATION;12352;169;3;1672694734851;0.0
APPROXIMATION;12351;169;3;1672694734852;0.0
APPROXIMATION;12345;169;4;1672694734852;0.0
APPROXIMATION;12346;169;4;1672694734852;0.0
APPROXIMATION;12348;169;4;1672694734852;0.0
APPROXIMATION;12349;169;4;1672694734852;0.0
APPROXIMATION;12351;169;4;1672694734852;0.0
APPROXIMATION;12352;169;4;1672694734852;0.0
APPROXIMATION;12350;169;4;1672694734852;0.0
APPROXIMATION;12345;169;5;1672694734852;0.0
APPROXIMATION;12346;169;5;1672694734852;0.0
APPROXIMATION;12348;169;5;1672694734852;0.0
APPROXIMATION;12351;169;5;1672694734852;0.0
APPROXIMATION;12350;169;5;1672694734852;0.0
APPROXIMATION;12352;169;5;1672694734852;0.0
APPROXIMATION;12349;169;5;1672694734852;0.0
APPROXIMATION;12345;169;6;1672694734853;0.0
APPROXIMATION;12346;169;6;1672694734853;0.0
APPROXIMATION;12350;169;6;1672694734853;0.0
APPROXIMATION;12349;169;6;1672694734853;0.0
APPROXIMATION;12352;169;6;1672694734853;0.0
APPROXIMATION;12348;169;6;1672694734853;0.0
APPROXIMATION;12345;169;7;1672694734853;0.0
APPROXIMATION;12351;169;6;1672694734853;0.0
APPROXIMATION;12346;169;7;1672694734853;0.0
APPROXIMATION;12348;169;7;1672694734853;0.0
APPROXIMATION;12349;169;7;1672694734854;0.0
APPROXIMATION;12350;169;7;1672694734854;0.0
APPROXIMATION;12352;169;7;1672694734854;0.0
APPROXIMATION;12351;169;7;1672694734854;0.0
APPROXIMATION;12345;169;8;1672694734854;0.0
APPROXIMATION;12346;169;8;1672694734854;0.0
APPROXIMATION;12348;169;8;1672694734854;0.0
APPROXIMATION;12349;169;8;1672694734854;0.0
APPROXIMATION;12352;169;8;1672694734854;0.0
APPROXIMATION;12350;169;8;1672694734854;0.0
APPROXIMATION;12351;169;8;1672694734854;0.0
APPROXIMATION;12345;169;9;1672694734854;0.0
APPROXIMATION;12346;169;9;1672694734854;0.0
APPROXIMATION;12348;169;9;1672694734854;0.0
APPROXIMATION;12349;169;9;1672694734855;0.0
APPROXIMATION;12350;169;9;1672694734855;0.0
APPROXIMATION;12352;169;9;1672694734855;0.0
APPROXIMATION;12351;169;9;1672694734855;0.0
APPROXIMATION;12345;169;10;1672694734855;0.0
APPROXIMATION;12346;169;10;1672694734855;0.0
APPROXIMATION;12349;169;10;1672694734855;0.0
APPROXIMATION;12348;169;10;1672694734855;0.0
APPROXIMATION;12352;169;10;1672694734855;0.0
APPROXIMATION;12350;169;10;1672694734855;0.0
APPROXIMATION;12351;169;10;1672694734855;0.0
APPROXIMATION;12345;169;11;1672694734855;0.0
APPROXIMATION;12346;169;11;1672694734855;0.0
APPROXIMATION;12349;169;11;1672694734855;0.0
APPROXIMATION;12352;169;11;1672694734855;0.0
APPROXIMATION;12348;169;11;1672694734855;0.0
APPROXIMATION;12350;169;11;1672694734855;0.0
APPROXIMATION;12351;169;11;1672694734855;0.0
APPROXIMATION;12345;169;12;1672694734856;0.0
APPROXIMATION;12346;169;12;1672694734856;0.0
APPROXIMATION;12349;169;12;1672694734856;0.0
APPROXIMATION;12350;169;12;1672694734856;0.0
APPROXIMATION;12352;169;12;1672694734856;0.0
APPROXIMATION;12351;169;12;1672694734856;0.0
APPROXIMATION;12348;169;12;1672694734856;0.0
APPROXIMATION;12345;169;13;1672694734856;0.0
APPROXIMATION;12346;169;13;1672694734856;0.0
APPROXIMATION;12350;169;13;1672694734856;0.0
APPROXIMATION;12349;169;13;1672694734856;0.0
APPROXIMATION;12351;169;13;1672694734856;0.0
APPROXIMATION;12348;169;13;1672694734856;0.0
APPROXIMATION;12352;169;13;1672694734856;0.0
HALTED;12345;169;14;1672694734856;0.0
HALTED;12346;169;14;1672694734857;0.0
HALTED;12350;169;14;1672694734857;0.0
HALTED;12349;169;14;1672694734857;0.0
HALTED;12351;169;14;1672694734857;0.0
HALTED;12352;169;14;1672694734857;0.0
HALTED;12348;169;14;1672694734857;0.0
INITIALIZATION;12345;170;0;1672694734957;0.0
INITIALIZATION;12349;170;0;1672694734958;0.0
INITIALIZATION;12350;170;0;1672694734958;0.0
INITIALIZATION;12348;170;0;1672694734958;0.0
INITIALIZATION;12351;170;0;1672694734958;0.0
INITIALIZATION;12346;170;0;1672694734959;0.0
INITIALIZATION;12352;170;0;1672694734959;0.0
APPROXIMATION;12346;170;1;1672694734959;0.0
APPROXIMATION;12350;170;1;1672694734960;0.0
APPROXIMATION;12352;170;1;1672694734960;0.0
APPROXIMATION;12351;170;1;1672694734960;0.0
APPROXIMATION;12348;170;1;1672694734961;0.0
APPROXIMATION;12349;170;1;1672694734961;0.0
APPROXIMATION;12345;170;1;1672694734968;0.0
APPROXIMATION;12346;170;2;1672694734968;0.0
APPROXIMATION;12349;170;2;1672694734968;0.0
APPROXIMATION;12348;170;2;1672694734968;0.0
APPROXIMATION;12350;170;2;1672694734968;0.0
APPROXIMATION;12351;170;2;1672694734968;0.0
APPROXIMATION;12345;170;2;1672694734968;0.0
APPROXIMATION;12352;170;2;1672694734968;0.0
APPROXIMATION;12346;170;3;1672694734969;0.0
APPROXIMATION;12350;170;3;1672694734969;0.0
APPROXIMATION;12351;170;3;1672694734969;0.0
APPROXIMATION;12345;170;3;1672694734969;0.0
APPROXIMATION;12348;170;3;1672694734969;0.0
APPROXIMATION;12352;170;3;1672694734969;0.0
APPROXIMATION;12349;170;3;1672694734969;0.0
APPROXIMATION;12345;170;4;1672694734969;0.0
APPROXIMATION;12346;170;4;1672694734969;0.0
APPROXIMATION;12350;170;4;1672694734970;0.0
APPROXIMATION;12348;170;4;1672694734970;0.0
APPROXIMATION;12351;170;4;1672694734970;0.0
APPROXIMATION;12352;170;4;1672694734970;0.0
APPROXIMATION;12349;170;4;1672694734970;0.0
APPROXIMATION;12345;170;5;1672694734970;0.0
APPROXIMATION;12346;170;5;1672694734970;0.0
APPROXIMATION;12348;170;5;1672694734970;0.0
APPROXIMATION;12350;170;5;1672694734970;0.0
APPROXIMATION;12351;170;5;1672694734970;0.0
APPROXIMATION;12352;170;5;1672694734970;0.0
APPROXIMATION;12349;170;5;1672694734970;0.0
APPROXIMATION;12345;170;6;1672694734971;0.0
APPROXIMATION;12346;170;6;1672694734971;0.0
APPROXIMATION;12350;170;6;1672694734971;0.0
APPROXIMATION;12348;170;6;1672694734971;0.0
APPROXIMATION;12351;170;6;1672694734971;0.0
APPROXIMATION;12352;170;6;1672694734971;0.0
APPROXIMATION;12349;170;6;1672694734971;0.0
APPROXIMATION;12345;170;7;1672694734971;0.0
APPROXIMATION;12346;170;7;1672694734971;0.0
APPROXIMATION;12350;170;7;1672694734971;0.0
APPROXIMATION;12351;170;7;1672694734971;0.0
APPROXIMATION;12352;170;7;1672694734971;0.0
APPROXIMATION;12349;170;7;1672694734972;0.0
APPROXIMATION;12348;170;7;1672694734972;0.0
APPROXIMATION;12345;170;8;1672694734972;0.0
APPROXIMATION;12346;170;8;1672694734972;0.0
APPROXIMATION;12350;170;8;1672694734972;0.0
APPROXIMATION;12351;170;8;1672694734972;0.0
APPROXIMATION;12352;170;8;1672694734972;0.0
APPROXIMATION;12349;170;8;1672694734972;0.0
APPROXIMATION;12348;170;8;1672694734972;0.0
APPROXIMATION;12345;170;9;1672694734972;0.0
APPROXIMATION;12346;170;9;1672694734972;0.0
APPROXIMATION;12349;170;9;1672694734972;0.0
APPROXIMATION;12350;170;9;1672694734972;0.0
APPROXIMATION;12351;170;9;1672694734973;0.0
APPROXIMATION;12352;170;9;1672694734973;0.0
APPROXIMATION;12348;170;9;1672694734973;0.0
APPROXIMATION;12345;170;10;1672694734973;0.0
APPROXIMATION;12346;170;10;1672694734973;0.0
APPROXIMATION;12349;170;10;1672694734973;0.0
APPROXIMATION;12350;170;10;1672694734973;0.0
APPROXIMATION;12351;170;10;1672694734973;0.0
APPROXIMATION;12352;170;10;1672694734973;0.0
APPROXIMATION;12348;170;10;1672694734973;0.0
APPROXIMATION;12345;170;11;1672694734973;0.0
APPROXIMATION;12346;170;11;1672694734973;0.0
APPROXIMATION;12349;170;11;1672694734974;0.0
APPROXIMATION;12350;170;11;1672694734974;0.0
APPROXIMATION;12351;170;11;1672694734974;0.0
APPROXIMATION;12352;170;11;1672694734974;0.0
APPROXIMATION;12348;170;11;1672694734974;0.0
APPROXIMATION;12345;170;12;1672694734974;0.0
APPROXIMATION;12346;170;12;1672694734974;0.0
APPROXIMATION;12350;170;12;1672694734974;0.0
APPROXIMATION;12349;170;12;1672694734974;0.0
APPROXIMATION;12351;170;12;1672694734974;0.0
APPROXIMATION;12352;170;12;1672694734974;0.0
APPROXIMATION;12348;170;12;1672694734974;0.0
APPROXIMATION;12345;170;13;1672694734974;0.0
APPROXIMATION;12346;170;13;1672694734974;0.0
APPROXIMATION;12349;170;13;1672694734975;0.0
APPROXIMATION;12350;170;13;1672694734975;0.0
APPROXIMATION;12351;170;13;1672694734975;0.0
APPROXIMATION;12352;170;13;1672694734975;0.0
APPROXIMATION;12348;170;13;1672694734975;0.0
HALTED;12345;170;14;1672694734975;0.0
HALTED;12346;170;14;1672694734975;0.0
HALTED;12349;170;14;1672694734975;0.0
HALTED;12350;170;14;1672694734975;0.0
HALTED;12351;170;14;1672694734975;0.0
HALTED;12352;170;14;1672694734975;0.0
HALTED;12348;170;14;1672694734975;0.0
INITIALIZATION;12345;171;0;1672694735076;0.0
INITIALIZATION;12351;171;0;1672694735077;0.0
INITIALIZATION;12349;171;0;1672694735077;0.0
INITIALIZATION;12346;171;0;1672694735077;0.0
INITIALIZATION;12348;171;0;1672694735077;0.0
INITIALIZATION;12350;171;0;1672694735077;0.0
INITIALIZATION;12352;171;0;1672694735077;0.0
APPROXIMATION;12345;171;1;1672694735077;0.0
APPROXIMATION;12350;171;1;1672694735077;0.0
APPROXIMATION;12346;171;1;1672694735077;0.0
APPROXIMATION;12351;171;1;1672694735077;0.0
APPROXIMATION;12349;171;1;1672694735077;0.0
APPROXIMATION;12348;171;1;1672694735077;0.0
APPROXIMATION;12352;171;1;1672694735078;0.0
APPROXIMATION;12345;171;2;1672694735078;0.0
APPROXIMATION;12346;171;2;1672694735078;0.0
APPROXIMATION;12348;171;2;1672694735078;0.0
APPROXIMATION;12349;171;2;1672694735078;0.0
APPROXIMATION;12350;171;2;1672694735078;0.0
APPROXIMATION;12351;171;2;1672694735078;0.0
APPROXIMATION;12352;171;2;1672694735078;0.0
APPROXIMATION;12346;171;3;1672694735078;0.0
APPROXIMATION;12345;171;3;1672694735078;0.0
APPROXIMATION;12349;171;3;1672694735078;0.0
APPROXIMATION;12348;171;3;1672694735078;0.0
APPROXIMATION;12352;171;3;1672694735079;0.0
APPROXIMATION;12351;171;3;1672694735079;0.0
APPROXIMATION;12350;171;3;1672694735079;0.0
APPROXIMATION;12346;171;4;1672694735079;0.0
APPROXIMATION;12345;171;4;1672694735079;0.0
APPROXIMATION;12348;171;4;1672694735079;0.0
APPROXIMATION;12350;171;4;1672694735079;0.0
APPROXIMATION;12352;171;4;1672694735079;0.0
APPROXIMATION;12349;171;4;1672694735079;0.0
APPROXIMATION;12351;171;4;1672694735079;0.0
APPROXIMATION;12346;171;5;1672694735079;0.0
APPROXIMATION;12350;171;5;1672694735079;0.0
APPROXIMATION;12348;171;5;1672694735079;0.0
APPROXIMATION;12351;171;5;1672694735079;0.0
APPROXIMATION;12352;171;5;1672694735079;0.0
APPROXIMATION;12349;171;5;1672694735079;0.0
APPROXIMATION;12345;171;5;1672694735079;0.0
APPROXIMATION;12346;171;6;1672694735079;0.0
APPROXIMATION;12348;171;6;1672694735080;0.0
APPROXIMATION;12350;171;6;1672694735080;0.0
APPROXIMATION;12349;171;6;1672694735080;0.0
APPROXIMATION;12351;171;6;1672694735080;0.0
APPROXIMATION;12352;171;6;1672694735080;0.0
APPROXIMATION;12345;171;6;1672694735080;0.0
APPROXIMATION;12346;171;7;1672694735080;0.0
APPROXIMATION;12348;171;7;1672694735080;0.0
APPROXIMATION;12349;171;7;1672694735080;0.0
APPROXIMATION;12350;171;7;1672694735080;0.0
APPROXIMATION;12351;171;7;1672694735080;0.0
APPROXIMATION;12352;171;7;1672694735080;0.0
APPROXIMATION;12345;171;7;1672694735080;0.0
APPROXIMATION;12346;171;8;1672694735081;0.0
APPROXIMATION;12348;171;8;1672694735081;0.0
APPROXIMATION;12349;171;8;1672694735081;0.0
APPROXIMATION;12350;171;8;1672694735081;0.0
APPROXIMATION;12351;171;8;1672694735081;0.0
APPROXIMATION;12352;171;8;1672694735081;0.0
APPROXIMATION;12345;171;8;1672694735081;0.0
APPROXIMATION;12346;171;9;1672694735081;0.0
APPROXIMATION;12348;171;9;1672694735081;0.0
APPROXIMATION;12349;171;9;1672694735081;0.0
APPROXIMATION;12350;171;9;1672694735081;0.0
APPROXIMATION;12351;171;9;1672694735081;0.0
APPROXIMATION;12352;171;9;1672694735081;0.0
APPROXIMATION;12345;171;9;1672694735081;0.0
APPROXIMATION;12346;171;10;1672694735082;0.0
APPROXIMATION;12348;171;10;1672694735082;0.0
APPROXIMATION;12350;171;10;1672694735082;0.0
APPROXIMATION;12349;171;10;1672694735082;0.0
APPROXIMATION;12351;171;10;1672694735082;0.0
APPROXIMATION;12352;171;10;1672694735082;0.0
APPROXIMATION;12345;171;10;1672694735082;0.0
APPROXIMATION;12346;171;11;1672694735082;0.0
APPROXIMATION;12349;171;11;1672694735082;0.0
APPROXIMATION;12348;171;11;1672694735082;0.0
APPROXIMATION;12350;171;11;1672694735082;0.0
APPROXIMATION;12351;171;11;1672694735082;0.0
APPROXIMATION;12352;171;11;1672694735082;0.0
APPROXIMATION;12345;171;11;1672694735082;0.0
APPROXIMATION;12346;171;12;1672694735083;0.0
APPROXIMATION;12348;171;12;1672694735083;0.0
APPROXIMATION;12349;171;12;1672694735083;0.0
APPROXIMATION;12350;171;12;1672694735083;0.0
APPROXIMATION;12351;171;12;1672694735083;0.0
APPROXIMATION;12352;171;12;1672694735083;0.0
APPROXIMATION;12345;171;12;1672694735083;0.0
APPROXIMATION;12346;171;13;1672694735083;0.0
APPROXIMATION;12348;171;13;1672694735083;0.0
APPROXIMATION;12349;171;13;1672694735083;0.0
APPROXIMATION;12350;171;13;1672694735083;0.0
APPROXIMATION;12351;171;13;1672694735083;0.0
APPROXIMATION;12352;171;13;1672694735083;0.0
APPROXIMATION;12345;171;13;1672694735083;0.0
HALTED;12346;171;14;1672694735084;0.0
HALTED;12349;171;14;1672694735084;0.0
HALTED;12348;171;14;1672694735084;0.0
HALTED;12350;171;14;1672694735084;0.0
HALTED;12351;171;14;1672694735084;0.0
HALTED;12352;171;14;1672694735084;0.0
HALTED;12345;171;14;1672694735084;0.0
INITIALIZATION;12345;172;0;1672694735185;0.0
INITIALIZATION;12349;172;0;1672694735186;0.0
INITIALIZATION;12350;172;0;1672694735186;0.0
INITIALIZATION;12351;172;0;1672694735186;0.0
INITIALIZATION;12348;172;0;1672694735186;0.0
INITIALIZATION;12352;172;0;1672694735186;0.0
INITIALIZATION;12346;172;0;1672694735186;0.0
APPROXIMATION;12345;172;1;1672694735186;0.0
APPROXIMATION;12348;172;1;1672694735186;0.0
APPROXIMATION;12346;172;1;1672694735186;0.0
APPROXIMATION;12349;172;1;1672694735186;0.0
APPROXIMATION;12351;172;1;1672694735186;0.0
APPROXIMATION;12352;172;1;1672694735186;0.0
APPROXIMATION;12350;172;1;1672694735186;0.0
APPROXIMATION;12345;172;2;1672694735187;0.0
APPROXIMATION;12346;172;2;1672694735187;0.0
APPROXIMATION;12348;172;2;1672694735187;0.0
APPROXIMATION;12349;172;2;1672694735187;0.0
APPROXIMATION;12350;172;2;1672694735187;0.0
APPROXIMATION;12351;172;2;1672694735187;0.0
APPROXIMATION;12352;172;2;1672694735187;0.0
APPROXIMATION;12346;172;3;1672694735187;0.0
APPROXIMATION;12348;172;3;1672694735187;0.0
APPROXIMATION;12352;172;3;1672694735229;0.0
APPROXIMATION;12351;172;3;1672694735229;0.0
APPROXIMATION;12350;172;3;1672694735230;0.0
APPROXIMATION;12349;172;3;1672694735230;0.0
APPROXIMATION;12345;172;3;1672694735230;0.0
APPROXIMATION;12346;172;4;1672694735230;0.0
APPROXIMATION;12348;172;4;1672694735230;0.0
APPROXIMATION;12349;172;4;1672694735230;0.0
APPROXIMATION;12350;172;4;1672694735230;0.0
APPROXIMATION;12351;172;4;1672694735230;0.0
APPROXIMATION;12352;172;4;1672694735230;0.0
APPROXIMATION;12345;172;4;1672694735230;0.0
APPROXIMATION;12346;172;5;1672694735230;0.0
APPROXIMATION;12348;172;5;1672694735230;0.0
APPROXIMATION;12351;172;5;1672694735231;0.0
APPROXIMATION;12349;172;5;1672694735231;0.0
APPROXIMATION;12352;172;5;1672694735231;0.0
APPROXIMATION;12350;172;5;1672694735231;0.0
APPROXIMATION;12345;172;5;1672694735231;0.0
APPROXIMATION;12346;172;6;1672694735231;0.0
APPROXIMATION;12348;172;6;1672694735231;0.0
APPROXIMATION;12349;172;6;1672694735231;0.0
APPROXIMATION;12345;172;6;1672694735231;0.0
APPROXIMATION;12350;172;6;1672694735231;0.0
APPROXIMATION;12351;172;6;1672694735231;0.0
APPROXIMATION;12352;172;6;1672694735231;0.0
APPROXIMATION;12345;172;7;1672694735232;0.0
APPROXIMATION;12346;172;7;1672694735232;0.0
APPROXIMATION;12348;172;7;1672694735232;0.0
APPROXIMATION;12349;172;7;1672694735232;0.0
APPROXIMATION;12350;172;7;1672694735232;0.0
APPROXIMATION;12351;172;7;1672694735232;0.0
APPROXIMATION;12352;172;7;1672694735232;0.0
APPROXIMATION;12346;172;8;1672694735232;0.0
APPROXIMATION;12348;172;8;1672694735232;0.0
APPROXIMATION;12345;172;8;1672694735232;0.0
APPROXIMATION;12349;172;8;1672694735232;0.0
APPROXIMATION;12350;172;8;1672694735232;0.0
APPROXIMATION;12351;172;8;1672694735232;0.0
APPROXIMATION;12352;172;8;1672694735232;0.0
APPROXIMATION;12346;172;9;1672694735232;0.0
APPROXIMATION;12348;172;9;1672694735232;0.0
APPROXIMATION;12349;172;9;1672694735233;0.0
APPROXIMATION;12350;172;9;1672694735233;0.0
APPROXIMATION;12351;172;9;1672694735233;0.0
APPROXIMATION;12352;172;9;1672694735233;0.0
APPROXIMATION;12345;172;9;1672694735233;0.0
APPROXIMATION;12346;172;10;1672694735233;0.0
APPROXIMATION;12348;172;10;1672694735233;0.0
APPROXIMATION;12349;172;10;1672694735233;0.0
APPROXIMATION;12350;172;10;1672694735233;0.0
APPROXIMATION;12351;172;10;1672694735233;0.0
APPROXIMATION;12345;172;10;1672694735233;0.0
APPROXIMATION;12352;172;10;1672694735233;0.0
APPROXIMATION;12346;172;11;1672694735233;0.0
APPROXIMATION;12348;172;11;1672694735233;0.0
APPROXIMATION;12349;172;11;1672694735233;0.0
APPROXIMATION;12350;172;11;1672694735234;0.0
APPROXIMATION;12351;172;11;1672694735234;0.0
APPROXIMATION;12352;172;11;1672694735234;0.0
APPROXIMATION;12345;172;11;1672694735234;0.0
APPROXIMATION;12346;172;12;1672694735234;0.0
APPROXIMATION;12349;172;12;1672694735234;0.0
APPROXIMATION;12348;172;12;1672694735234;0.0
APPROXIMATION;12350;172;12;1672694735234;0.0
APPROXIMATION;12351;172;12;1672694735234;0.0
APPROXIMATION;12345;172;12;1672694735234;0.0
APPROXIMATION;12352;172;12;1672694735234;0.0
APPROXIMATION;12346;172;13;1672694735234;0.0
APPROXIMATION;12349;172;13;1672694735234;0.0
APPROXIMATION;12350;172;13;1672694735234;0.0
APPROXIMATION;12348;172;13;1672694735234;0.0
APPROXIMATION;12351;172;13;1672694735234;0.0
APPROXIMATION;12352;172;13;1672694735235;0.0
APPROXIMATION;12345;172;13;1672694735235;0.0
HALTED;12346;172;14;1672694735235;0.0
HALTED;12349;172;14;1672694735235;0.0
HALTED;12350;172;14;1672694735235;0.0
HALTED;12351;172;14;1672694735235;0.0
HALTED;12348;172;14;1672694735235;0.0
HALTED;12352;172;14;1672694735235;0.0
HALTED;12345;172;14;1672694735235;0.0
INITIALIZATION;12345;173;0;1672694735336;0.0
INITIALIZATION;12346;173;0;1672694735336;0.0
INITIALIZATION;12348;173;0;1672694735337;0.0
INITIALIZATION;12349;173;0;1672694735337;0.0
INITIALIZATION;12350;173;0;1672694735337;0.0
INITIALIZATION;12351;173;0;1672694735337;0.0
INITIALIZATION;12352;173;0;1672694735337;0.0
APPROXIMATION;12345;173;1;1672694735337;0.0
APPROXIMATION;12346;173;1;1672694735337;0.0
APPROXIMATION;12348;173;1;1672694735337;0.0
APPROXIMATION;12351;173;1;1672694735337;0.0
APPROXIMATION;12349;173;1;1672694735337;0.0
APPROXIMATION;12352;173;1;1672694735337;0.0
APPROXIMATION;12350;173;1;1672694735337;0.0
APPROXIMATION;12345;173;2;1672694735337;0.0
APPROXIMATION;12346;173;2;1672694735338;0.0
APPROXIMATION;12348;173;2;1672694735338;0.0
APPROXIMATION;12349;173;2;1672694735338;0.0
APPROXIMATION;12351;173;2;1672694735338;0.0
APPROXIMATION;12352;173;2;1672694735338;0.0
APPROXIMATION;12350;173;2;1672694735338;0.0
APPROXIMATION;12345;173;3;1672694735338;0.0
APPROXIMATION;12346;173;3;1672694735338;0.0
APPROXIMATION;12348;173;3;1672694735338;0.0
APPROXIMATION;12349;173;3;1672694735338;0.0
APPROXIMATION;12351;173;3;1672694735338;0.0
APPROXIMATION;12350;173;3;1672694735338;0.0
APPROXIMATION;12352;173;3;1672694735338;0.0
APPROXIMATION;12346;173;4;1672694735338;0.0
APPROXIMATION;12345;173;4;1672694735338;0.0
APPROXIMATION;12348;173;4;1672694735339;0.0
APPROXIMATION;12350;173;4;1672694735339;0.0
APPROXIMATION;12352;173;4;1672694735339;0.0
APPROXIMATION;12351;173;4;1672694735339;0.0
APPROXIMATION;12349;173;4;1672694735339;0.0
APPROXIMATION;12346;173;5;1672694735339;0.0
APPROXIMATION;12350;173;5;1672694735339;0.0
APPROXIMATION;12348;173;5;1672694735339;0.0
APPROXIMATION;12351;173;5;1672694735339;0.0
APPROXIMATION;12345;173;5;1672694735339;0.0
APPROXIMATION;12352;173;5;1672694735339;0.0
APPROXIMATION;12349;173;5;1672694735339;0.0
APPROXIMATION;12346;173;6;1672694735339;0.0
APPROXIMATION;12348;173;6;1672694735339;0.0
APPROXIMATION;12349;173;6;1672694735339;0.0
APPROXIMATION;12351;173;6;1672694735340;0.0
APPROXIMATION;12352;173;6;1672694735340;0.0
APPROXIMATION;12350;173;6;1672694735340;0.0
APPROXIMATION;12345;173;6;1672694735340;0.0
APPROXIMATION;12346;173;7;1672694735340;0.0
APPROXIMATION;12348;173;7;1672694735340;0.0
APPROXIMATION;12349;173;7;1672694735340;0.0
APPROXIMATION;12350;173;7;1672694735340;0.0
APPROXIMATION;12351;173;7;1672694735340;0.0
APPROXIMATION;12352;173;7;1672694735340;0.0
APPROXIMATION;12345;173;7;1672694735340;0.0
APPROXIMATION;12346;173;8;1672694735340;0.0
APPROXIMATION;12348;173;8;1672694735340;0.0
APPROXIMATION;12349;173;8;1672694735340;0.0
APPROXIMATION;12350;173;8;1672694735341;0.0
APPROXIMATION;12351;173;8;1672694735341;0.0
APPROXIMATION;12352;173;8;1672694735341;0.0
APPROXIMATION;12345;173;8;1672694735341;0.0
APPROXIMATION;12346;173;9;1672694735341;0.0
APPROXIMATION;12349;173;9;1672694735341;0.0
APPROXIMATION;12348;173;9;1672694735341;0.0
APPROXIMATION;12350;173;9;1672694735341;0.0
APPROXIMATION;12351;173;9;1672694735341;0.0
APPROXIMATION;12352;173;9;1672694735341;0.0
APPROXIMATION;12345;173;9;1672694735341;0.0
APPROXIMATION;12346;173;10;1672694735341;0.0
APPROXIMATION;12349;173;10;1672694735342;0.0
APPROXIMATION;12348;173;10;1672694735342;0.0
APPROXIMATION;12350;173;10;1672694735342;0.0
APPROXIMATION;12351;173;10;1672694735342;0.0
APPROXIMATION;12352;173;10;1672694735342;0.0
APPROXIMATION;12345;173;10;1672694735342;0.0
APPROXIMATION;12346;173;11;1672694735342;0.0
APPROXIMATION;12348;173;11;1672694735342;0.0
APPROXIMATION;12349;173;11;1672694735342;0.0
APPROXIMATION;12350;173;11;1672694735342;0.0
APPROXIMATION;12351;173;11;1672694735342;0.0
APPROXIMATION;12352;173;11;1672694735342;0.0
APPROXIMATION;12345;173;11;1672694735342;0.0
APPROXIMATION;12346;173;12;1672694735342;0.0
APPROXIMATION;12348;173;12;1672694735343;0.0
APPROXIMATION;12349;173;12;1672694735343;0.0
APPROXIMATION;12350;173;12;1672694735343;0.0
APPROXIMATION;12351;173;12;1672694735343;0.0
APPROXIMATION;12352;173;12;1672694735343;0.0
APPROXIMATION;12345;173;12;1672694735343;0.0
APPROXIMATION;12346;173;13;1672694735343;0.0
APPROXIMATION;12348;173;13;1672694735343;0.0
APPROXIMATION;12349;173;13;1672694735343;0.0
APPROXIMATION;12350;173;13;1672694735343;0.0
APPROXIMATION;12351;173;13;1672694735343;0.0
APPROXIMATION;12352;173;13;1672694735343;0.0
APPROXIMATION;12345;173;13;1672694735344;0.0
HALTED;12346;173;14;1672694735344;0.0
HALTED;12348;173;14;1672694735344;0.0
HALTED;12349;173;14;1672694735344;0.0
HALTED;12350;173;14;1672694735344;0.0
HALTED;12351;173;14;1672694735344;0.0
HALTED;12352;173;14;1672694735344;0.0
HALTED;12345;173;14;1672694735344;0.0
INITIALIZATION;12345;174;0;1672694735445;0.0
INITIALIZATION;12346;174;0;1672694735446;0.0
INITIALIZATION;12348;174;0;1672694735446;0.0
INITIALIZATION;12350;174;0;1672694735446;0.0
INITIALIZATION;12351;174;0;1672694735446;0.0
INITIALIZATION;12352;174;0;1672694735446;0.0
INITIALIZATION;12349;174;0;1672694735447;0.0
APPROXIMATION;12346;174;1;1672694735448;0.0
APPROXIMATION;12345;174;1;1672694735448;0.0
APPROXIMATION;12348;174;1;1672694735448;0.0
APPROXIMATION;12350;174;1;1672694735448;0.0
APPROXIMATION;12352;174;1;1672694735448;0.0
APPROXIMATION;12351;174;1;1672694735448;0.0
APPROXIMATION;12349;174;1;1672694735448;0.0
APPROXIMATION;12345;174;2;1672694735448;0.0
APPROXIMATION;12346;174;2;1672694735448;0.0
APPROXIMATION;12348;174;2;1672694735449;0.0
APPROXIMATION;12351;174;2;1672694735449;0.0
APPROXIMATION;12350;174;2;1672694735449;0.0
APPROXIMATION;12352;174;2;1672694735449;0.0
APPROXIMATION;12349;174;2;1672694735449;0.0
APPROXIMATION;12345;174;3;1672694735449;0.0
APPROXIMATION;12348;174;3;1672694735449;0.0
APPROXIMATION;12346;174;3;1672694735449;0.0
APPROXIMATION;12349;174;3;1672694735449;0.0
APPROXIMATION;12350;174;3;1672694735449;0.0
APPROXIMATION;12351;174;3;1672694735449;0.0
APPROXIMATION;12352;174;3;1672694735450;0.0
APPROXIMATION;12345;174;4;1672694735450;0.0
APPROXIMATION;12348;174;4;1672694735450;0.0
APPROXIMATION;12349;174;4;1672694735450;0.0
APPROXIMATION;12346;174;4;1672694735450;0.0
APPROXIMATION;12350;174;4;1672694735450;0.0
APPROXIMATION;12351;174;4;1672694735450;0.0
APPROXIMATION;12352;174;4;1672694735450;0.0
APPROXIMATION;12348;174;5;1672694735450;0.0
APPROXIMATION;12349;174;5;1672694735450;0.0
APPROXIMATION;12345;174;5;1672694735450;0.0
APPROXIMATION;12351;174;5;1672694735450;0.0
APPROXIMATION;12350;174;5;1672694735450;0.0
APPROXIMATION;12346;174;5;1672694735450;0.0
APPROXIMATION;12352;174;5;1672694735450;0.0
APPROXIMATION;12348;174;6;1672694735451;0.0
APPROXIMATION;12349;174;6;1672694735451;0.0
APPROXIMATION;12350;174;6;1672694735451;0.0
APPROXIMATION;12346;174;6;1672694735451;0.0
APPROXIMATION;12351;174;6;1672694735451;0.0
APPROXIMATION;12352;174;6;1672694735451;0.0
APPROXIMATION;12345;174;6;1672694735451;0.0
APPROXIMATION;12348;174;7;1672694735451;0.0
APPROXIMATION;12349;174;7;1672694735451;0.0
APPROXIMATION;12346;174;7;1672694735451;0.0
APPROXIMATION;12350;174;7;1672694735451;0.0
APPROXIMATION;12351;174;7;1672694735451;0.0
APPROXIMATION;12345;174;7;1672694735451;0.0
APPROXIMATION;12352;174;7;1672694735451;0.0
APPROXIMATION;12346;174;8;1672694735451;0.0
APPROXIMATION;12348;174;8;1672694735451;0.0
APPROXIMATION;12349;174;8;1672694735451;0.0
APPROXIMATION;12350;174;8;1672694735451;0.0
APPROXIMATION;12351;174;8;1672694735452;0.0
APPROXIMATION;12352;174;8;1672694735452;0.0
APPROXIMATION;12345;174;8;1672694735452;0.0
APPROXIMATION;12346;174;9;1672694735452;0.0
APPROXIMATION;12348;174;9;1672694735452;0.0
APPROXIMATION;12349;174;9;1672694735452;0.0
APPROXIMATION;12350;174;9;1672694735452;0.0
APPROXIMATION;12351;174;9;1672694735452;0.0
APPROXIMATION;12352;174;9;1672694735452;0.0
APPROXIMATION;12345;174;9;1672694735452;0.0
APPROXIMATION;12346;174;10;1672694735452;0.0
APPROXIMATION;12348;174;10;1672694735452;0.0
APPROXIMATION;12349;174;10;1672694735452;0.0
APPROXIMATION;12350;174;10;1672694735452;0.0
APPROXIMATION;12351;174;10;1672694735453;0.0
APPROXIMATION;12352;174;10;1672694735453;0.0
APPROXIMATION;12345;174;10;1672694735453;0.0
APPROXIMATION;12346;174;11;1672694735453;0.0
APPROXIMATION;12348;174;11;1672694735453;0.0
APPROXIMATION;12350;174;11;1672694735453;0.0
APPROXIMATION;12349;174;11;1672694735453;0.0
APPROXIMATION;12351;174;11;1672694735453;0.0
APPROXIMATION;12352;174;11;1672694735453;0.0
APPROXIMATION;12345;174;11;1672694735453;0.0
APPROXIMATION;12346;174;12;1672694735453;0.0
APPROXIMATION;12348;174;12;1672694735453;0.0
APPROXIMATION;12349;174;12;1672694735453;0.0
APPROXIMATION;12350;174;12;1672694735453;0.0
APPROXIMATION;12351;174;12;1672694735453;0.0
APPROXIMATION;12352;174;12;1672694735453;0.0
APPROXIMATION;12345;174;12;1672694735454;0.0
APPROXIMATION;12346;174;13;1672694735454;0.0
APPROXIMATION;12348;174;13;1672694735454;0.0
APPROXIMATION;12349;174;13;1672694735454;0.0
APPROXIMATION;12350;174;13;1672694735454;0.0
APPROXIMATION;12352;174;13;1672694735454;0.0
APPROXIMATION;12351;174;13;1672694735454;0.0
APPROXIMATION;12345;174;13;1672694735454;0.0
HALTED;12346;174;14;1672694735454;0.0
HALTED;12348;174;14;1672694735454;0.0
HALTED;12349;174;14;1672694735454;0.0
HALTED;12350;174;14;1672694735454;0.0
HALTED;12351;174;14;1672694735454;0.0
HALTED;12352;174;14;1672694735454;0.0
HALTED;12345;174;14;1672694735455;0.0
INITIALIZATION;12345;175;0;1672694735555;0.0
INITIALIZATION;12346;175;0;1672694735556;0.0
INITIALIZATION;12351;175;0;1672694735556;0.0
INITIALIZATION;12349;175;0;1672694735556;0.0
INITIALIZATION;12350;175;0;1672694735556;0.0
INITIALIZATION;12352;175;0;1672694735556;0.0
INITIALIZATION;12348;175;0;1672694735557;0.0
APPROXIMATION;12345;175;1;1672694735557;0.0
APPROXIMATION;12346;175;1;1672694735557;0.0
APPROXIMATION;12349;175;1;1672694735557;0.0
APPROXIMATION;12350;175;1;1672694735557;0.0
APPROXIMATION;12351;175;1;1672694735557;0.0
APPROXIMATION;12352;175;1;1672694735558;0.0
APPROXIMATION;12348;175;1;1672694735558;0.0
APPROXIMATION;12345;175;2;1672694735558;0.0
APPROXIMATION;12346;175;2;1672694735558;0.0
APPROXIMATION;12349;175;2;1672694735558;0.0
APPROXIMATION;12350;175;2;1672694735558;0.0
APPROXIMATION;12351;175;2;1672694735558;0.0
APPROXIMATION;12352;175;2;1672694735558;0.0
APPROXIMATION;12348;175;2;1672694735558;0.0
APPROXIMATION;12346;175;3;1672694735558;0.0
APPROXIMATION;12350;175;3;1672694735558;0.0
APPROXIMATION;12351;175;3;1672694735559;0.0
APPROXIMATION;12352;175;3;1672694735559;0.0
APPROXIMATION;12348;175;3;1672694735559;0.0
APPROXIMATION;12345;175;3;1672694735600;0.0
APPROXIMATION;12349;175;3;1672694735600;0.0
APPROXIMATION;12346;175;4;1672694735600;0.0
APPROXIMATION;12348;175;4;1672694735600;0.0
APPROXIMATION;12350;175;4;1672694735600;0.0
APPROXIMATION;12351;175;4;1672694735600;0.0
APPROXIMATION;12345;175;4;1672694735600;0.0
APPROXIMATION;12349;175;4;1672694735600;0.0
APPROXIMATION;12352;175;4;1672694735600;0.0
APPROXIMATION;12346;175;5;1672694735600;0.0
APPROXIMATION;12348;175;5;1672694735600;0.0
APPROXIMATION;12350;175;5;1672694735600;0.0
APPROXIMATION;12345;175;5;1672694735600;0.0
APPROXIMATION;12349;175;5;1672694735600;0.0
APPROXIMATION;12351;175;5;1672694735601;0.0
APPROXIMATION;12352;175;5;1672694735601;0.0
APPROXIMATION;12345;175;6;1672694735601;0.0
APPROXIMATION;12346;175;6;1672694735601;0.0
APPROXIMATION;12348;175;6;1672694735601;0.0
APPROXIMATION;12349;175;6;1672694735601;0.0
APPROXIMATION;12352;175;6;1672694735601;0.0
APPROXIMATION;12350;175;6;1672694735601;0.0
APPROXIMATION;12351;175;6;1672694735602;0.0
APPROXIMATION;12345;175;7;1672694735602;0.0
APPROXIMATION;12348;175;7;1672694735602;0.0
APPROXIMATION;12349;175;7;1672694735602;0.0
APPROXIMATION;12351;175;7;1672694735602;0.0
APPROXIMATION;12346;175;7;1672694735602;0.0
APPROXIMATION;12352;175;7;1672694735602;0.0
APPROXIMATION;12350;175;7;1672694735602;0.0
APPROXIMATION;12345;175;8;1672694735602;0.0
APPROXIMATION;12348;175;8;1672694735602;0.0
APPROXIMATION;12349;175;8;1672694735602;0.0
APPROXIMATION;12346;175;8;1672694735602;0.0
APPROXIMATION;12351;175;8;1672694735602;0.0
APPROXIMATION;12352;175;8;1672694735602;0.0
APPROXIMATION;12350;175;8;1672694735602;0.0
APPROXIMATION;12345;175;9;1672694735603;0.0
APPROXIMATION;12348;175;9;1672694735603;0.0
APPROXIMATION;12352;175;9;1672694735603;0.0
APPROXIMATION;12349;175;9;1672694735603;0.0
APPROXIMATION;12346;175;9;1672694735603;0.0
APPROXIMATION;12350;175;9;1672694735603;0.0
APPROXIMATION;12351;175;9;1672694735603;0.0
APPROXIMATION;12345;175;10;1672694735603;0.0
APPROXIMATION;12348;175;10;1672694735603;0.0
APPROXIMATION;12350;175;10;1672694735603;0.0
APPROXIMATION;12346;175;10;1672694735603;0.0
APPROXIMATION;12352;175;10;1672694735603;0.0
APPROXIMATION;12351;175;10;1672694735603;0.0
APPROXIMATION;12349;175;10;1672694735603;0.0
APPROXIMATION;12345;175;11;1672694735603;0.0
APPROXIMATION;12348;175;11;1672694735604;0.0
APPROXIMATION;12350;175;11;1672694735604;0.0
APPROXIMATION;12351;175;11;1672694735604;0.0
APPROXIMATION;12346;175;11;1672694735604;0.0
APPROXIMATION;12352;175;11;1672694735604;0.0
APPROXIMATION;12349;175;11;1672694735604;0.0
APPROXIMATION;12345;175;12;1672694735604;0.0
APPROXIMATION;12348;175;12;1672694735604;0.0
APPROXIMATION;12350;175;12;1672694735604;0.0
APPROXIMATION;12351;175;12;1672694735604;0.0
APPROXIMATION;12349;175;12;1672694735604;0.0
APPROXIMATION;12346;175;12;1672694735604;0.0
APPROXIMATION;12352;175;12;1672694735604;0.0
APPROXIMATION;12345;175;13;1672694735604;0.0
APPROXIMATION;12348;175;13;1672694735604;0.0
APPROXIMATION;12351;175;13;1672694735604;0.0
APPROXIMATION;12349;175;13;1672694735604;0.0
APPROXIMATION;12352;175;13;1672694735604;0.0
APPROXIMATION;12346;175;13;1672694735604;0.0
APPROXIMATION;12350;175;13;1672694735605;0.0
HALTED;12345;175;14;1672694735605;0.0
HALTED;12349;175;14;1672694735605;0.0
HALTED;12351;175;14;1672694735605;0.0
HALTED;12348;175;14;1672694735605;0.0
HALTED;12346;175;14;1672694735605;0.0
HALTED;12352;175;14;1672694735605;0.0
HALTED;12350;175;14;1672694735605;0.0
INITIALIZATION;12345;176;0;1672694735705;0.0
INITIALIZATION;12348;176;0;1672694735706;0.0
INITIALIZATION;12350;176;0;1672694735706;0.0
INITIALIZATION;12346;176;0;1672694735706;0.0
INITIALIZATION;12351;176;0;1672694735706;0.0
INITIALIZATION;12352;176;0;1672694735706;0.0
INITIALIZATION;12349;176;0;1672694735707;0.0
APPROXIMATION;12345;176;1;1672694735707;0.0
APPROXIMATION;12346;176;1;1672694735707;0.0
APPROXIMATION;12348;176;1;1672694735707;0.0
APPROXIMATION;12350;176;1;1672694735707;0.0
APPROXIMATION;12352;176;1;1672694735707;0.0
APPROXIMATION;12351;176;1;1672694735707;0.0
APPROXIMATION;12349;176;1;1672694735707;0.0
APPROXIMATION;12346;176;2;1672694735707;0.0
APPROXIMATION;12345;176;2;1672694735707;0.0
APPROXIMATION;12348;176;2;1672694735707;0.0
APPROXIMATION;12350;176;2;1672694735707;0.0
APPROXIMATION;12352;176;2;1672694735707;0.0
APPROXIMATION;12349;176;2;1672694735707;0.0
APPROXIMATION;12351;176;2;1672694735707;0.0
APPROXIMATION;12352;176;3;1672694735708;0.0
APPROXIMATION;12345;176;3;1672694735708;0.0
APPROXIMATION;12351;176;3;1672694735708;0.0
APPROXIMATION;12346;176;3;1672694735708;0.0
APPROXIMATION;12349;176;3;1672694735708;0.0
APPROXIMATION;12350;176;3;1672694735750;0.0
APPROXIMATION;12348;176;3;1672694735750;0.0
APPROXIMATION;12345;176;4;1672694735750;0.0
APPROXIMATION;12346;176;4;1672694735750;0.0
APPROXIMATION;12351;176;4;1672694735750;0.0
APPROXIMATION;12350;176;4;1672694735750;0.0
APPROXIMATION;12349;176;4;1672694735750;0.0
APPROXIMATION;12348;176;4;1672694735750;0.0
APPROXIMATION;12352;176;4;1672694735750;0.0
APPROXIMATION;12346;176;5;1672694735750;0.0
APPROXIMATION;12345;176;5;1672694735750;0.0
APPROXIMATION;12348;176;5;1672694735751;0.0
APPROXIMATION;12349;176;5;1672694735751;0.0
APPROXIMATION;12350;176;5;1672694735751;0.0
APPROXIMATION;12352;176;5;1672694735751;0.0
APPROXIMATION;12351;176;5;1672694735751;0.0
APPROXIMATION;12346;176;6;1672694735751;0.0
APPROXIMATION;12345;176;6;1672694735751;0.0
APPROXIMATION;12348;176;6;1672694735752;0.0
APPROXIMATION;12349;176;6;1672694735752;0.0
APPROXIMATION;12346;176;7;1672694735752;0.0
APPROXIMATION;12350;176;6;1672694735752;0.0
APPROXIMATION;12351;176;6;1672694735752;0.0
APPROXIMATION;12352;176;6;1672694735752;0.0
APPROXIMATION;12345;176;7;1672694735752;0.0
APPROXIMATION;12348;176;7;1672694735752;0.0
APPROXIMATION;12349;176;7;1672694735752;0.0
APPROXIMATION;12350;176;7;1672694735752;0.0
APPROXIMATION;12346;176;8;1672694735752;0.0
APPROXIMATION;12351;176;7;1672694735752;0.0
APPROXIMATION;12352;176;7;1672694735752;0.0
APPROXIMATION;12345;176;8;1672694735752;0.0
APPROXIMATION;12348;176;8;1672694735752;0.0
APPROXIMATION;12349;176;8;1672694735753;0.0
APPROXIMATION;12346;176;9;1672694735753;0.0
APPROXIMATION;12350;176;8;1672694735753;0.0
APPROXIMATION;12351;176;8;1672694735753;0.0
APPROXIMATION;12352;176;8;1672694735753;0.0
APPROXIMATION;12345;176;9;1672694735753;0.0
APPROXIMATION;12348;176;9;1672694735753;0.0
APPROXIMATION;12349;176;9;1672694735753;0.0
APPROXIMATION;12346;176;10;1672694735753;0.0
APPROXIMATION;12350;176;9;1672694735753;0.0
APPROXIMATION;12351;176;9;1672694735753;0.0
APPROXIMATION;12352;176;9;1672694735753;0.0
APPROXIMATION;12345;176;10;1672694735753;0.0
APPROXIMATION;12348;176;10;1672694735753;0.0
APPROXIMATION;12349;176;10;1672694735753;0.0
APPROXIMATION;12346;176;11;1672694735753;0.0
APPROXIMATION;12350;176;10;1672694735753;0.0
APPROXIMATION;12351;176;10;1672694735753;0.0
APPROXIMATION;12352;176;10;1672694735753;0.0
APPROXIMATION;12345;176;11;1672694735754;0.0
APPROXIMATION;12348;176;11;1672694735754;0.0
APPROXIMATION;12349;176;11;1672694735754;0.0
APPROXIMATION;12350;176;11;1672694735754;0.0
APPROXIMATION;12351;176;11;1672694735754;0.0
APPROXIMATION;12346;176;12;1672694735754;0.0
APPROXIMATION;12352;176;11;1672694735754;0.0
APPROXIMATION;12345;176;12;1672694735754;0.0
APPROXIMATION;12349;176;12;1672694735754;0.0
APPROXIMATION;12350;176;12;1672694735754;0.0
APPROXIMATION;12348;176;12;1672694735754;0.0
APPROXIMATION;12351;176;12;1672694735754;0.0
APPROXIMATION;12352;176;12;1672694735754;0.0
APPROXIMATION;12346;176;13;1672694735754;0.0
APPROXIMATION;12345;176;13;1672694735754;0.0
APPROXIMATION;12350;176;13;1672694735754;0.0
APPROXIMATION;12351;176;13;1672694735754;0.0
APPROXIMATION;12352;176;13;1672694735755;0.0
APPROXIMATION;12348;176;13;1672694735755;0.0
APPROXIMATION;12349;176;13;1672694735755;0.0
HALTED;12345;176;14;1672694735755;0.0
HALTED;12346;176;14;1672694735755;0.0
HALTED;12350;176;14;1672694735755;0.0
HALTED;12348;176;14;1672694735755;0.0
HALTED;12351;176;14;1672694735755;0.0
HALTED;12352;176;14;1672694735755;0.0
HALTED;12349;176;14;1672694735755;0.0
INITIALIZATION;12345;177;0;1672694735855;0.0
INITIALIZATION;12346;177;0;1672694735856;0.0
INITIALIZATION;12348;177;0;1672694735856;0.0
INITIALIZATION;12349;177;0;1672694735856;0.0
INITIALIZATION;12350;177;0;1672694735856;0.0
INITIALIZATION;12351;177;0;1672694735856;0.0
INITIALIZATION;12352;177;0;1672694735856;0.0
APPROXIMATION;12345;177;1;1672694735856;0.0
APPROXIMATION;12346;177;1;1672694735857;0.0
APPROXIMATION;12348;177;1;1672694735857;0.0
APPROXIMATION;12349;177;1;1672694735857;0.0
APPROXIMATION;12351;177;1;1672694735857;0.0
APPROXIMATION;12352;177;1;1672694735857;0.0
APPROXIMATION;12350;177;1;1672694735857;0.0
APPROXIMATION;12345;177;2;1672694735857;0.0
APPROXIMATION;12346;177;2;1672694735857;0.0
APPROXIMATION;12348;177;2;1672694735857;0.0
APPROXIMATION;12349;177;2;1672694735858;0.0
APPROXIMATION;12351;177;2;1672694735858;0.0
APPROXIMATION;12350;177;2;1672694735858;0.0
APPROXIMATION;12352;177;2;1672694735858;0.0
APPROXIMATION;12345;177;3;1672694735858;0.0
APPROXIMATION;12346;177;3;1672694735858;0.0
APPROXIMATION;12348;177;3;1672694735858;0.0
APPROXIMATION;12351;177;3;1672694735858;0.0
APPROXIMATION;12352;177;3;1672694735858;0.0
APPROXIMATION;12349;177;3;1672694735858;0.0
APPROXIMATION;12350;177;3;1672694735858;0.0
APPROXIMATION;12345;177;4;1672694735858;0.0
APPROXIMATION;12346;177;4;1672694735858;0.0
APPROXIMATION;12348;177;4;1672694735858;0.0
APPROXIMATION;12349;177;4;1672694735858;0.0
APPROXIMATION;12352;177;4;1672694735858;0.0
APPROXIMATION;12351;177;4;1672694735858;0.0
APPROXIMATION;12350;177;4;1672694735858;0.0
APPROXIMATION;12345;177;5;1672694735859;0.0
APPROXIMATION;12346;177;5;1672694735859;0.0
APPROXIMATION;12348;177;5;1672694735859;0.0
APPROXIMATION;12349;177;5;1672694735859;0.0
APPROXIMATION;12352;177;5;1672694735859;0.0
APPROXIMATION;12351;177;5;1672694735859;0.0
APPROXIMATION;12350;177;5;1672694735859;0.0
APPROXIMATION;12345;177;6;1672694735859;0.0
APPROXIMATION;12346;177;6;1672694735859;0.0
APPROXIMATION;12348;177;6;1672694735859;0.0
APPROXIMATION;12351;177;6;1672694735859;0.0
APPROXIMATION;12349;177;6;1672694735859;0.0
APPROXIMATION;12352;177;6;1672694735859;0.0
APPROXIMATION;12350;177;6;1672694735859;0.0
APPROXIMATION;12345;177;7;1672694735859;0.0
APPROXIMATION;12346;177;7;1672694735859;0.0
APPROXIMATION;12348;177;7;1672694735860;0.0
APPROXIMATION;12349;177;7;1672694735860;0.0
APPROXIMATION;12351;177;7;1672694735860;0.0
APPROXIMATION;12350;177;7;1672694735860;0.0
APPROXIMATION;12352;177;7;1672694735860;0.0
APPROXIMATION;12345;177;8;1672694735860;0.0
APPROXIMATION;12346;177;8;1672694735860;0.0
APPROXIMATION;12348;177;8;1672694735860;0.0
APPROXIMATION;12352;177;8;1672694735860;0.0
APPROXIMATION;12349;177;8;1672694735860;0.0
APPROXIMATION;12351;177;8;1672694735860;0.0
APPROXIMATION;12350;177;8;1672694735860;0.0
APPROXIMATION;12345;177;9;1672694735860;0.0
APPROXIMATION;12346;177;9;1672694735860;0.0
APPROXIMATION;12348;177;9;1672694735861;0.0
APPROXIMATION;12351;177;9;1672694735861;0.0
APPROXIMATION;12349;177;9;1672694735861;0.0
APPROXIMATION;12352;177;9;1672694735861;0.0
APPROXIMATION;12350;177;9;1672694735861;0.0
APPROXIMATION;12345;177;10;1672694735861;0.0
APPROXIMATION;12346;177;10;1672694735861;0.0
APPROXIMATION;12351;177;10;1672694735861;0.0
APPROXIMATION;12352;177;10;1672694735861;0.0
APPROXIMATION;12349;177;10;1672694735861;0.0
APPROXIMATION;12348;177;10;1672694735861;0.0
APPROXIMATION;12350;177;10;1672694735861;0.0
APPROXIMATION;12346;177;11;1672694735861;0.0
APPROXIMATION;12345;177;11;1672694735861;0.0
APPROXIMATION;12351;177;11;1672694735861;0.0
APPROXIMATION;12349;177;11;1672694735861;0.0
APPROXIMATION;12348;177;11;1672694735861;0.0
APPROXIMATION;12352;177;11;1672694735861;0.0
APPROXIMATION;12350;177;11;1672694735861;0.0
APPROXIMATION;12346;177;12;1672694735862;0.0
APPROXIMATION;12345;177;12;1672694735862;0.0
APPROXIMATION;12351;177;12;1672694735862;0.0
APPROXIMATION;12349;177;12;1672694735862;0.0
APPROXIMATION;12352;177;12;1672694735862;0.0
APPROXIMATION;12348;177;12;1672694735862;0.0
APPROXIMATION;12350;177;12;1672694735862;0.0
APPROXIMATION;12346;177;13;1672694735862;0.0
APPROXIMATION;12349;177;13;1672694735862;0.0
APPROXIMATION;12345;177;13;1672694735862;0.0
APPROXIMATION;12351;177;13;1672694735862;0.0
APPROXIMATION;12350;177;13;1672694735862;0.0
APPROXIMATION;12352;177;13;1672694735862;0.0
APPROXIMATION;12348;177;13;1672694735862;0.0
HALTED;12346;177;14;1672694735862;0.0
HALTED;12349;177;14;1672694735863;0.0
HALTED;12351;177;14;1672694735863;0.0
HALTED;12350;177;14;1672694735863;0.0
HALTED;12352;177;14;1672694735863;0.0
HALTED;12345;177;14;1672694735863;0.0
HALTED;12348;177;14;1672694735863;0.0
INITIALIZATION;12345;178;0;1672694735963;0.0
INITIALIZATION;12346;178;0;1672694735964;0.0
INITIALIZATION;12348;178;0;1672694735964;0.0
INITIALIZATION;12349;178;0;1672694735964;0.0
INITIALIZATION;12350;178;0;1672694735964;0.0
INITIALIZATION;12351;178;0;1672694735964;0.0
INITIALIZATION;12352;178;0;1672694735964;0.0
APPROXIMATION;12345;178;1;1672694735964;0.0
APPROXIMATION;12346;178;1;1672694735965;0.0
APPROXIMATION;12348;178;1;1672694735965;0.0
APPROXIMATION;12349;178;1;1672694735965;0.0
APPROXIMATION;12350;178;1;1672694735965;0.0
APPROXIMATION;12351;178;1;1672694735965;0.0
APPROXIMATION;12352;178;1;1672694735965;0.0
APPROXIMATION;12346;178;2;1672694735965;0.0
APPROXIMATION;12348;178;2;1672694735965;0.0
APPROXIMATION;12349;178;2;1672694735965;0.0
APPROXIMATION;12351;178;2;1672694735965;0.0
APPROXIMATION;12352;178;2;1672694735965;0.0
APPROXIMATION;12350;178;2;1672694735965;0.0
APPROXIMATION;12345;178;2;1672694736009;0.0
APPROXIMATION;12350;178;3;1672694736009;0.0
APPROXIMATION;12348;178;3;1672694736009;0.0
APPROXIMATION;12352;178;3;1672694736009;0.0
APPROXIMATION;12349;178;3;1672694736009;0.0
APPROXIMATION;12351;178;3;1672694736009;0.0
APPROXIMATION;12346;178;3;1672694736010;0.0
APPROXIMATION;12345;178;3;1672694736010;0.0
APPROXIMATION;12346;178;4;1672694736010;0.0
APPROXIMATION;12348;178;4;1672694736010;0.0
APPROXIMATION;12349;178;4;1672694736011;0.0
APPROXIMATION;12345;178;4;1672694736011;0.0
APPROXIMATION;12351;178;4;1672694736011;0.0
APPROXIMATION;12352;178;4;1672694736011;0.0
APPROXIMATION;12350;178;4;1672694736011;0.0
APPROXIMATION;12346;178;5;1672694736012;0.0
APPROXIMATION;12348;178;5;1672694736013;0.0
APPROXIMATION;12349;178;5;1672694736013;0.0
APPROXIMATION;12350;178;5;1672694736014;0.0
APPROXIMATION;12351;178;5;1672694736014;0.0
APPROXIMATION;12352;178;5;1672694736014;0.0
APPROXIMATION;12345;178;5;1672694736015;0.0
APPROXIMATION;12346;178;6;1672694736015;0.0
APPROXIMATION;12348;178;6;1672694736015;0.0
APPROXIMATION;12349;178;6;1672694736015;0.0
APPROXIMATION;12351;178;6;1672694736016;0.0
APPROXIMATION;12350;178;6;1672694736016;0.0
APPROXIMATION;12345;178;6;1672694736016;0.0
APPROXIMATION;12352;178;6;1672694736016;0.0
APPROXIMATION;12346;178;7;1672694736017;0.0
APPROXIMATION;12348;178;7;1672694736017;0.0
APPROXIMATION;12349;178;7;1672694736017;0.0
APPROXIMATION;12350;178;7;1672694736017;0.0
APPROXIMATION;12345;178;7;1672694736017;0.0
APPROXIMATION;12351;178;7;1672694736017;0.0
APPROXIMATION;12352;178;7;1672694736018;0.0
APPROXIMATION;12348;178;8;1672694736018;0.0
APPROXIMATION;12346;178;8;1672694736018;0.0
APPROXIMATION;12352;178;8;1672694736018;0.0
APPROXIMATION;12349;178;8;1672694736019;0.0
APPROXIMATION;12350;178;8;1672694736019;0.0
APPROXIMATION;12351;178;8;1672694736019;0.0
APPROXIMATION;12345;178;8;1672694736019;0.0
APPROXIMATION;12346;178;9;1672694736020;0.0
APPROXIMATION;12345;178;9;1672694736020;0.0
APPROXIMATION;12349;178;9;1672694736020;0.0
APPROXIMATION;12348;178;9;1672694736020;0.0
APPROXIMATION;12352;178;9;1672694736020;0.0
APPROXIMATION;12351;178;9;1672694736020;0.0
APPROXIMATION;12350;178;9;1672694736020;0.0
APPROXIMATION;12349;178;10;1672694736020;0.0
APPROXIMATION;12345;178;10;1672694736020;0.0
APPROXIMATION;12350;178;10;1672694736020;0.0
APPROXIMATION;12351;178;10;1672694736020;0.0
APPROXIMATION;12346;178;10;1672694736020;0.0
APPROXIMATION;12352;178;10;1672694736020;0.0
APPROXIMATION;12348;178;10;1672694736020;0.0
APPROXIMATION;12349;178;11;1672694736021;0.0
APPROXIMATION;12345;178;11;1672694736021;0.0
APPROXIMATION;12350;178;11;1672694736021;0.0
APPROXIMATION;12351;178;11;1672694736021;0.0
APPROXIMATION;12346;178;11;1672694736021;0.0
APPROXIMATION;12352;178;11;1672694736021;0.0
APPROXIMATION;12348;178;11;1672694736021;0.0
APPROXIMATION;12345;178;12;1672694736021;0.0
APPROXIMATION;12349;178;12;1672694736021;0.0
APPROXIMATION;12346;178;12;1672694736021;0.0
APPROXIMATION;12350;178;12;1672694736021;0.0
APPROXIMATION;12352;178;12;1672694736021;0.0
APPROXIMATION;12351;178;12;1672694736021;0.0
APPROXIMATION;12348;178;12;1672694736021;0.0
APPROXIMATION;12345;178;13;1672694736021;0.0
APPROXIMATION;12349;178;13;1672694736022;0.0
APPROXIMATION;12346;178;13;1672694736022;0.0
APPROXIMATION;12350;178;13;1672694736022;0.0
APPROXIMATION;12352;178;13;1672694736022;0.0
APPROXIMATION;12351;178;13;1672694736022;0.0
APPROXIMATION;12348;178;13;1672694736022;0.0
HALTED;12345;178;14;1672694736022;0.0
HALTED;12349;178;14;1672694736022;0.0
HALTED;12346;178;14;1672694736022;0.0
HALTED;12350;178;14;1672694736022;0.0
HALTED;12351;178;14;1672694736022;0.0
HALTED;12352;178;14;1672694736022;0.0
HALTED;12348;178;14;1672694736022;0.0
INITIALIZATION;12345;179;0;1672694736123;0.0
INITIALIZATION;12346;179;0;1672694736123;0.0
INITIALIZATION;12349;179;0;1672694736123;0.0
INITIALIZATION;12350;179;0;1672694736124;0.0
INITIALIZATION;12352;179;0;1672694736124;0.0
INITIALIZATION;12351;179;0;1672694736124;0.0
INITIALIZATION;12348;179;0;1672694736124;0.0
APPROXIMATION;12345;179;1;1672694736124;0.0
APPROXIMATION;12346;179;1;1672694736124;0.0
APPROXIMATION;12349;179;1;1672694736124;0.0
APPROXIMATION;12350;179;1;1672694736124;0.0
APPROXIMATION;12351;179;1;1672694736124;0.0
APPROXIMATION;12348;179;1;1672694736124;0.0
APPROXIMATION;12352;179;1;1672694736124;0.0
APPROXIMATION;12345;179;2;1672694736124;0.0
APPROXIMATION;12346;179;2;1672694736125;0.0
APPROXIMATION;12348;179;2;1672694736125;0.0
APPROXIMATION;12349;179;2;1672694736125;0.0
APPROXIMATION;12350;179;2;1672694736125;0.0
APPROXIMATION;12345;179;3;1672694736125;0.0
APPROXIMATION;12351;179;2;1672694736125;0.0
APPROXIMATION;12352;179;2;1672694736125;0.0
APPROXIMATION;12346;179;3;1672694736125;0.0
APPROXIMATION;12348;179;3;1672694736125;0.0
APPROXIMATION;12349;179;3;1672694736125;0.0
APPROXIMATION;12345;179;4;1672694736125;0.0
APPROXIMATION;12350;179;3;1672694736126;0.0
APPROXIMATION;12351;179;3;1672694736126;0.0
APPROXIMATION;12352;179;3;1672694736126;0.0
APPROXIMATION;12349;179;4;1672694736126;0.0
APPROXIMATION;12348;179;4;1672694736126;0.0
APPROXIMATION;12350;179;4;1672694736126;0.0
APPROXIMATION;12346;179;4;1672694736126;0.0
APPROXIMATION;12351;179;4;1672694736126;0.0
APPROXIMATION;12352;179;4;1672694736126;0.0
APPROXIMATION;12345;179;5;1672694736126;0.0
APPROXIMATION;12346;179;5;1672694736126;0.0
APPROXIMATION;12348;179;5;1672694736126;0.0
APPROXIMATION;12349;179;5;1672694736126;0.0
APPROXIMATION;12351;179;5;1672694736126;0.0
APPROXIMATION;12352;179;5;1672694736126;0.0
APPROXIMATION;12350;179;5;1672694736126;0.0
APPROXIMATION;12345;179;6;1672694736127;0.0
APPROXIMATION;12346;179;6;1672694736127;0.0
APPROXIMATION;12348;179;6;1672694736127;0.0
APPROXIMATION;12351;179;6;1672694736127;0.0
APPROXIMATION;12349;179;6;1672694736127;0.0
APPROXIMATION;12352;179;6;1672694736127;0.0
APPROXIMATION;12350;179;6;1672694736127;0.0
APPROXIMATION;12346;179;7;1672694736127;0.0
APPROXIMATION;12348;179;7;1672694736127;0.0
APPROXIMATION;12345;179;7;1672694736127;0.0
APPROXIMATION;12351;179;7;1672694736127;0.0
APPROXIMATION;12349;179;7;1672694736127;0.0
APPROXIMATION;12352;179;7;1672694736127;0.0
APPROXIMATION;12350;179;7;1672694736127;0.0
APPROXIMATION;12346;179;8;1672694736127;0.0
APPROXIMATION;12348;179;8;1672694736127;0.0
APPROXIMATION;12351;179;8;1672694736127;0.0
APPROXIMATION;12350;179;8;1672694736128;0.0
APPROXIMATION;12349;179;8;1672694736128;0.0
APPROXIMATION;12352;179;8;1672694736128;0.0
APPROXIMATION;12345;179;8;1672694736128;0.0
APPROXIMATION;12346;179;9;1672694736128;0.0
APPROXIMATION;12348;179;9;1672694736128;0.0
APPROXIMATION;12349;179;9;1672694736128;0.0
APPROXIMATION;12350;179;9;1672694736128;0.0
APPROXIMATION;12351;179;9;1672694736128;0.0
APPROXIMATION;12352;179;9;1672694736128;0.0
APPROXIMATION;12345;179;9;1672694736128;0.0
APPROXIMATION;12346;179;10;1672694736128;0.0
APPROXIMATION;12348;179;10;1672694736128;0.0
APPROXIMATION;12349;179;10;1672694736128;0.0
APPROXIMATION;12350;179;10;1672694736129;0.0
APPROXIMATION;12351;179;10;1672694736129;0.0
APPROXIMATION;12352;179;10;1672694736129;0.0
APPROXIMATION;12345;179;10;1672694736129;0.0
APPROXIMATION;12346;179;11;1672694736129;0.0
APPROXIMATION;12348;179;11;1672694736129;0.0
APPROXIMATION;12349;179;11;1672694736129;0.0
APPROXIMATION;12350;179;11;1672694736129;0.0
APPROXIMATION;12351;179;11;1672694736129;0.0
APPROXIMATION;12345;179;11;1672694736129;0.0
APPROXIMATION;12352;179;11;1672694736129;0.0
APPROXIMATION;12346;179;12;1672694736129;0.0
APPROXIMATION;12348;179;12;1672694736129;0.0
APPROXIMATION;12349;179;12;1672694736130;0.0
APPROXIMATION;12350;179;12;1672694736130;0.0
APPROXIMATION;12351;179;12;1672694736130;0.0
APPROXIMATION;12352;179;12;1672694736130;0.0
APPROXIMATION;12345;179;12;1672694736130;0.0
APPROXIMATION;12346;179;13;1672694736130;0.0
APPROXIMATION;12348;179;13;1672694736130;0.0
APPROXIMATION;12349;179;13;1672694736130;0.0
APPROXIMATION;12350;179;13;1672694736130;0.0
APPROXIMATION;12351;179;13;1672694736130;0.0
APPROXIMATION;12352;179;13;1672694736130;0.0
APPROXIMATION;12345;179;13;1672694736130;0.0
HALTED;12346;179;14;1672694736130;0.0
HALTED;12348;179;14;1672694736130;0.0
HALTED;12349;179;14;1672694736131;0.0
HALTED;12350;179;14;1672694736131;0.0
HALTED;12351;179;14;1672694736131;0.0
HALTED;12352;179;14;1672694736131;0.0
HALTED;12345;179;14;1672694736131;0.0
INITIALIZATION;12345;180;0;1672694736231;0.0
INITIALIZATION;12346;180;0;1672694736232;0.0
INITIALIZATION;12349;180;0;1672694736232;0.0
INITIALIZATION;12348;180;0;1672694736232;0.0
INITIALIZATION;12350;180;0;1672694736232;0.0
INITIALIZATION;12351;180;0;1672694736233;0.0
INITIALIZATION;12352;180;0;1672694736233;0.0
APPROXIMATION;12345;180;1;1672694736233;0.0
APPROXIMATION;12346;180;1;1672694736233;0.0
APPROXIMATION;12348;180;1;1672694736233;0.0
APPROXIMATION;12349;180;1;1672694736234;0.0
APPROXIMATION;12351;180;1;1672694736234;0.0
APPROXIMATION;12350;180;1;1672694736234;0.0
APPROXIMATION;12352;180;1;1672694736234;0.0
APPROXIMATION;12345;180;2;1672694736234;0.0
APPROXIMATION;12346;180;2;1672694736234;0.0
APPROXIMATION;12348;180;2;1672694736234;0.0
APPROXIMATION;12352;180;2;1672694736234;0.0
APPROXIMATION;12351;180;2;1672694736234;0.0
APPROXIMATION;12350;180;2;1672694736234;0.0
APPROXIMATION;12349;180;2;1672694736234;0.0
APPROXIMATION;12345;180;3;1672694736234;0.0
APPROXIMATION;12348;180;3;1672694736234;0.0
APPROXIMATION;12346;180;3;1672694736234;0.0
APPROXIMATION;12351;180;3;1672694736234;0.0
APPROXIMATION;12352;180;3;1672694736234;0.0
APPROXIMATION;12350;180;3;1672694736235;0.0
APPROXIMATION;12349;180;3;1672694736235;0.0
APPROXIMATION;12345;180;4;1672694736235;0.0
APPROXIMATION;12348;180;4;1672694736235;0.0
APPROXIMATION;12351;180;4;1672694736235;0.0
APPROXIMATION;12352;180;4;1672694736235;0.0
APPROXIMATION;12346;180;4;1672694736235;0.0
APPROXIMATION;12350;180;4;1672694736235;0.0
APPROXIMATION;12349;180;4;1672694736235;0.0
APPROXIMATION;12345;180;5;1672694736235;0.0
APPROXIMATION;12348;180;5;1672694736235;0.0
APPROXIMATION;12350;180;5;1672694736235;0.0
APPROXIMATION;12351;180;5;1672694736235;0.0
APPROXIMATION;12352;180;5;1672694736235;0.0
APPROXIMATION;12346;180;5;1672694736235;0.0
APPROXIMATION;12349;180;5;1672694736235;0.0
APPROXIMATION;12345;180;6;1672694736236;0.0
APPROXIMATION;12348;180;6;1672694736236;0.0
APPROXIMATION;12350;180;6;1672694736236;0.0
APPROXIMATION;12351;180;6;1672694736236;0.0
APPROXIMATION;12346;180;6;1672694736236;0.0
APPROXIMATION;12352;180;6;1672694736236;0.0
APPROXIMATION;12349;180;6;1672694736236;0.0
APPROXIMATION;12345;180;7;1672694736236;0.0
APPROXIMATION;12348;180;7;1672694736236;0.0
APPROXIMATION;12350;180;7;1672694736236;0.0
APPROXIMATION;12346;180;7;1672694736236;0.0
APPROXIMATION;12351;180;7;1672694736236;0.0
APPROXIMATION;12352;180;7;1672694736236;0.0
APPROXIMATION;12349;180;7;1672694736236;0.0
APPROXIMATION;12348;180;8;1672694736236;0.0
APPROXIMATION;12350;180;8;1672694736237;0.0
APPROXIMATION;12351;180;8;1672694736237;0.0
APPROXIMATION;12346;180;8;1672694736237;0.0
APPROXIMATION;12352;180;8;1672694736237;0.0
APPROXIMATION;12345;180;8;1672694736237;0.0
APPROXIMATION;12349;180;8;1672694736237;0.0
APPROXIMATION;12348;180;9;1672694736237;0.0
APPROXIMATION;12346;180;9;1672694736237;0.0
APPROXIMATION;12350;180;9;1672694736237;0.0
APPROXIMATION;12349;180;9;1672694736237;0.0
APPROXIMATION;12351;180;9;1672694736237;0.0
APPROXIMATION;12352;180;9;1672694736237;0.0
APPROXIMATION;12345;180;9;1672694736237;0.0
APPROXIMATION;12348;180;10;1672694736237;0.0
APPROXIMATION;12346;180;10;1672694736237;0.0
APPROXIMATION;12349;180;10;1672694736237;0.0
APPROXIMATION;12350;180;10;1672694736238;0.0
APPROXIMATION;12351;180;10;1672694736238;0.0
APPROXIMATION;12352;180;10;1672694736238;0.0
APPROXIMATION;12345;180;10;1672694736238;0.0
APPROXIMATION;12346;180;11;1672694736238;0.0
APPROXIMATION;12348;180;11;1672694736238;0.0
APPROXIMATION;12349;180;11;1672694736238;0.0
APPROXIMATION;12350;180;11;1672694736238;0.0
APPROXIMATION;12351;180;11;1672694736238;0.0
APPROXIMATION;12352;180;11;1672694736238;0.0
APPROXIMATION;12345;180;11;1672694736238;0.0
APPROXIMATION;12346;180;12;1672694736238;0.0
APPROXIMATION;12348;180;12;1672694736238;0.0
APPROXIMATION;12349;180;12;1672694736238;0.0
APPROXIMATION;12350;180;12;1672694736239;0.0
APPROXIMATION;12351;180;12;1672694736239;0.0
APPROXIMATION;12352;180;12;1672694736239;0.0
APPROXIMATION;12345;180;12;1672694736239;0.0
APPROXIMATION;12346;180;13;1672694736239;0.0
APPROXIMATION;12348;180;13;1672694736239;0.0
APPROXIMATION;12349;180;13;1672694736239;0.0
APPROXIMATION;12350;180;13;1672694736239;0.0
APPROXIMATION;12351;180;13;1672694736239;0.0
APPROXIMATION;12345;180;13;1672694736239;0.0
APPROXIMATION;12352;180;13;1672694736239;0.0
HALTED;12346;180;14;1672694736239;0.0
HALTED;12348;180;14;1672694736239;0.0
HALTED;12349;180;14;1672694736240;0.0
HALTED;12350;180;14;1672694736240;0.0
HALTED;12351;180;14;1672694736240;0.0
HALTED;12352;180;14;1672694736240;0.0
HALTED;12345;180;14;1672694736240;0.0
INITIALIZATION;12345;181;0;1672694736341;0.0
INITIALIZATION;12346;181;0;1672694736341;0.0
INITIALIZATION;12348;181;0;1672694736341;0.0
INITIALIZATION;12349;181;0;1672694736341;0.0
INITIALIZATION;12350;181;0;1672694736341;0.0
INITIALIZATION;12351;181;0;1672694736341;0.0
INITIALIZATION;12352;181;0;1672694736342;0.0
APPROXIMATION;12345;181;1;1672694736342;0.0
APPROXIMATION;12346;181;1;1672694736342;0.0
APPROXIMATION;12348;181;1;1672694736342;0.0
APPROXIMATION;12352;181;1;1672694736342;0.0
APPROXIMATION;12350;181;1;1672694736342;0.0
APPROXIMATION;12351;181;1;1672694736342;0.0
APPROXIMATION;12349;181;1;1672694736342;0.0
APPROXIMATION;12346;181;2;1672694736342;0.0
APPROXIMATION;12348;181;2;1672694736342;0.0
APPROXIMATION;12350;181;2;1672694736342;0.0
APPROXIMATION;12345;181;2;1672694736342;0.0
APPROXIMATION;12352;181;2;1672694736343;0.0
APPROXIMATION;12349;181;2;1672694736343;0.0
APPROXIMATION;12348;181;3;1672694736343;0.0
APPROXIMATION;12350;181;3;1672694736343;0.0
APPROXIMATION;12345;181;3;1672694736343;0.0
APPROXIMATION;12352;181;3;1672694736343;0.0
APPROXIMATION;12351;181;2;1672694736389;0.0
APPROXIMATION;12346;181;3;1672694736389;0.0
APPROXIMATION;12349;181;3;1672694736389;0.0
APPROXIMATION;12351;181;3;1672694736390;0.0
APPROXIMATION;12346;181;4;1672694736390;0.0
APPROXIMATION;12345;181;4;1672694736390;0.0
APPROXIMATION;12348;181;4;1672694736390;0.0
APPROXIMATION;12351;181;4;1672694736390;0.0
APPROXIMATION;12352;181;4;1672694736390;0.0
APPROXIMATION;12350;181;4;1672694736390;0.0
APPROXIMATION;12349;181;4;1672694736390;0.0
APPROXIMATION;12346;181;5;1672694736390;0.0
APPROXIMATION;12345;181;5;1672694736390;0.0
APPROXIMATION;12351;181;5;1672694736390;0.0
APPROXIMATION;12348;181;5;1672694736390;0.0
APPROXIMATION;12349;181;5;1672694736391;0.0
APPROXIMATION;12350;181;5;1672694736391;0.0
APPROXIMATION;12352;181;5;1672694736391;0.0
APPROXIMATION;12346;181;6;1672694736391;0.0
APPROXIMATION;12345;181;6;1672694736391;0.0
APPROXIMATION;12351;181;6;1672694736391;0.0
APPROXIMATION;12350;181;6;1672694736391;0.0
APPROXIMATION;12352;181;6;1672694736391;0.0
APPROXIMATION;12349;181;6;1672694736391;0.0
APPROXIMATION;12348;181;6;1672694736391;0.0
APPROXIMATION;12346;181;7;1672694736391;0.0
APPROXIMATION;12349;181;7;1672694736391;0.0
APPROXIMATION;12352;181;7;1672694736391;0.0
APPROXIMATION;12348;181;7;1672694736391;0.0
APPROXIMATION;12351;181;7;1672694736391;0.0
APPROXIMATION;12345;181;7;1672694736440;0.0
APPROXIMATION;12350;181;7;1672694736440;0.0
APPROXIMATION;12346;181;8;1672694736440;0.0
APPROXIMATION;12350;181;8;1672694736440;0.0
APPROXIMATION;12348;181;8;1672694736440;0.0
APPROXIMATION;12352;181;8;1672694736440;0.0
APPROXIMATION;12351;181;8;1672694736440;0.0
APPROXIMATION;12345;181;8;1672694736440;0.0
APPROXIMATION;12349;181;8;1672694736477;0.0
APPROXIMATION;12346;181;9;1672694736477;0.0
APPROXIMATION;12345;181;9;1672694736477;0.0
APPROXIMATION;12348;181;9;1672694736477;0.0
APPROXIMATION;12350;181;9;1672694736477;0.0
APPROXIMATION;12352;181;9;1672694736477;0.0
APPROXIMATION;12349;181;9;1672694736477;0.0
APPROXIMATION;12346;181;10;1672694736478;0.0
APPROXIMATION;12351;181;9;1672694736478;0.0
APPROXIMATION;12345;181;10;1672694736478;0.0
APPROXIMATION;12348;181;10;1672694736478;0.0
APPROXIMATION;12349;181;10;1672694736478;0.0
APPROXIMATION;12350;181;10;1672694736478;0.0
APPROXIMATION;12351;181;10;1672694736478;0.0
APPROXIMATION;12346;181;11;1672694736478;0.0
APPROXIMATION;12352;181;10;1672694736478;0.0
APPROXIMATION;12345;181;11;1672694736478;0.0
APPROXIMATION;12348;181;11;1672694736478;0.0
APPROXIMATION;12351;181;11;1672694736478;0.0
APPROXIMATION;12349;181;11;1672694736478;0.0
APPROXIMATION;12350;181;11;1672694736478;0.0
APPROXIMATION;12346;181;12;1672694736479;0.0
APPROXIMATION;12352;181;11;1672694736479;0.0
APPROXIMATION;12345;181;12;1672694736479;0.0
APPROXIMATION;12348;181;12;1672694736479;0.0
APPROXIMATION;12349;181;12;1672694736479;0.0
APPROXIMATION;12350;181;12;1672694736479;0.0
APPROXIMATION;12351;181;12;1672694736479;0.0
APPROXIMATION;12346;181;13;1672694736479;0.0
APPROXIMATION;12352;181;12;1672694736479;0.0
APPROXIMATION;12345;181;13;1672694736479;0.0
APPROXIMATION;12348;181;13;1672694736479;0.0
APPROXIMATION;12349;181;13;1672694736479;0.0
APPROXIMATION;12350;181;13;1672694736479;0.0
APPROXIMATION;12351;181;13;1672694736479;0.0
APPROXIMATION;12352;181;13;1672694736480;0.0
HALTED;12346;181;14;1672694736480;0.0
HALTED;12345;181;14;1672694736480;0.0
HALTED;12348;181;14;1672694736480;0.0
HALTED;12349;181;14;1672694736480;0.0
HALTED;12350;181;14;1672694736480;0.0
HALTED;12351;181;14;1672694736480;0.0
HALTED;12352;181;14;1672694736480;0.0
INITIALIZATION;12345;182;0;1672694736580;0.0
INITIALIZATION;12346;182;0;1672694736581;0.0
INITIALIZATION;12348;182;0;1672694736581;0.0
INITIALIZATION;12349;182;0;1672694736581;0.0
INITIALIZATION;12352;182;0;1672694736581;0.0
INITIALIZATION;12351;182;0;1672694736581;0.0
APPROXIMATION;12345;182;1;1672694736582;0.0
INITIALIZATION;12350;182;0;1672694736582;0.0
APPROXIMATION;12346;182;1;1672694736582;0.0
APPROXIMATION;12348;182;1;1672694736582;0.0
APPROXIMATION;12349;182;1;1672694736582;0.0
APPROXIMATION;12350;182;1;1672694736583;0.0
APPROXIMATION;12352;182;1;1672694736583;0.0
APPROXIMATION;12351;182;1;1672694736583;0.0
APPROXIMATION;12346;182;2;1672694736583;0.0
APPROXIMATION;12345;182;2;1672694736583;0.0
APPROXIMATION;12349;182;2;1672694736583;0.0
APPROXIMATION;12348;182;2;1672694736583;0.0
APPROXIMATION;12352;182;2;1672694736583;0.0
APPROXIMATION;12351;182;2;1672694736583;0.0
APPROXIMATION;12350;182;2;1672694736583;0.0
APPROXIMATION;12345;182;3;1672694736583;0.0
APPROXIMATION;12346;182;3;1672694736583;0.0
APPROXIMATION;12351;182;3;1672694736584;0.0
APPROXIMATION;12352;182;3;1672694736584;0.0
APPROXIMATION;12350;182;3;1672694736584;0.0
APPROXIMATION;12348;182;3;1672694736629;0.0
APPROXIMATION;12349;182;3;1672694736629;0.0
APPROXIMATION;12345;182;4;1672694736630;0.0
APPROXIMATION;12346;182;4;1672694736630;0.0
APPROXIMATION;12351;182;4;1672694736630;0.0
APPROXIMATION;12350;182;4;1672694736630;0.0
APPROXIMATION;12349;182;4;1672694736630;0.0
APPROXIMATION;12352;182;4;1672694736630;0.0
APPROXIMATION;12348;182;4;1672694736630;0.0
APPROXIMATION;12346;182;5;1672694736630;0.0
APPROXIMATION;12351;182;5;1672694736631;0.0
APPROXIMATION;12345;182;5;1672694736631;0.0
APPROXIMATION;12350;182;5;1672694736631;0.0
APPROXIMATION;12352;182;5;1672694736631;0.0
APPROXIMATION;12348;182;5;1672694736631;0.0
APPROXIMATION;12349;182;5;1672694736631;0.0
APPROXIMATION;12346;182;6;1672694736631;0.0
APPROXIMATION;12345;182;6;1672694736631;0.0
APPROXIMATION;12350;182;6;1672694736631;0.0
APPROXIMATION;12351;182;6;1672694736631;0.0
APPROXIMATION;12352;182;6;1672694736631;0.0
APPROXIMATION;12348;182;6;1672694736631;0.0
APPROXIMATION;12349;182;6;1672694736631;0.0
APPROXIMATION;12346;182;7;1672694736632;0.0
APPROXIMATION;12345;182;7;1672694736632;0.0
APPROXIMATION;12352;182;7;1672694736632;0.0
APPROXIMATION;12350;182;7;1672694736632;0.0
APPROXIMATION;12351;182;7;1672694736632;0.0
APPROXIMATION;12348;182;7;1672694736632;0.0
APPROXIMATION;12349;182;7;1672694736632;0.0
APPROXIMATION;12346;182;8;1672694736632;0.0
APPROXIMATION;12350;182;8;1672694736632;0.0
APPROXIMATION;12345;182;8;1672694736633;0.0
APPROXIMATION;12352;182;8;1672694736633;0.0
APPROXIMATION;12351;182;8;1672694736633;0.0
APPROXIMATION;12348;182;8;1672694736633;0.0
APPROXIMATION;12349;182;8;1672694736633;0.0
APPROXIMATION;12346;182;9;1672694736633;0.0
APPROXIMATION;12345;182;9;1672694736633;0.0
APPROXIMATION;12350;182;9;1672694736633;0.0
APPROXIMATION;12352;182;9;1672694736633;0.0
APPROXIMATION;12348;182;9;1672694736633;0.0
APPROXIMATION;12351;182;9;1672694736633;0.0
APPROXIMATION;12349;182;9;1672694736633;0.0
APPROXIMATION;12346;182;10;1672694736633;0.0
APPROXIMATION;12345;182;10;1672694736633;0.0
APPROXIMATION;12348;182;10;1672694736633;0.0
APPROXIMATION;12349;182;10;1672694736633;0.0
APPROXIMATION;12352;182;10;1672694736633;0.0
APPROXIMATION;12351;182;10;1672694736633;0.0
APPROXIMATION;12350;182;10;1672694736633;0.0
APPROXIMATION;12346;182;11;1672694736634;0.0
APPROXIMATION;12345;182;11;1672694736634;0.0
APPROXIMATION;12348;182;11;1672694736634;0.0
APPROXIMATION;12349;182;11;1672694736634;0.0
APPROXIMATION;12351;182;11;1672694736634;0.0
APPROXIMATION;12352;182;11;1672694736634;0.0
APPROXIMATION;12350;182;11;1672694736634;0.0
APPROXIMATION;12345;182;12;1672694736634;0.0
APPROXIMATION;12346;182;12;1672694736634;0.0
APPROXIMATION;12348;182;12;1672694736634;0.0
APPROXIMATION;12349;182;12;1672694736634;0.0
APPROXIMATION;12351;182;12;1672694736634;0.0
APPROXIMATION;12352;182;12;1672694736634;0.0
APPROXIMATION;12350;182;12;1672694736634;0.0
APPROXIMATION;12345;182;13;1672694736634;0.0
APPROXIMATION;12346;182;13;1672694736634;0.0
APPROXIMATION;12348;182;13;1672694736635;0.0
APPROXIMATION;12349;182;13;1672694736635;0.0
APPROXIMATION;12351;182;13;1672694736635;0.0
APPROXIMATION;12352;182;13;1672694736635;0.0
APPROXIMATION;12350;182;13;1672694736635;0.0
HALTED;12346;182;14;1672694736635;0.0
HALTED;12345;182;14;1672694736635;0.0
HALTED;12348;182;14;1672694736635;0.0
HALTED;12349;182;14;1672694736635;0.0
HALTED;12352;182;14;1672694736635;0.0
HALTED;12351;182;14;1672694736635;0.0
HALTED;12350;182;14;1672694736635;0.0
INITIALIZATION;12345;183;0;1672694736735;0.0
INITIALIZATION;12346;183;0;1672694736736;0.0
INITIALIZATION;12348;183;0;1672694736736;0.0
INITIALIZATION;12349;183;0;1672694736736;0.0
INITIALIZATION;12352;183;0;1672694736736;0.0
APPROXIMATION;12345;183;1;1672694736736;0.0
INITIALIZATION;12351;183;0;1672694736737;0.0
INITIALIZATION;12350;183;0;1672694736737;0.0
APPROXIMATION;12346;183;1;1672694736737;0.0
APPROXIMATION;12348;183;1;1672694736737;0.0
APPROXIMATION;12349;183;1;1672694736737;0.0
APPROXIMATION;12351;183;1;1672694736737;0.0
APPROXIMATION;12352;183;1;1672694736737;0.0
APPROXIMATION;12350;183;1;1672694736737;0.0
APPROXIMATION;12345;183;2;1672694736737;0.0
APPROXIMATION;12346;183;2;1672694736738;0.0
APPROXIMATION;12348;183;2;1672694736738;0.0
APPROXIMATION;12349;183;2;1672694736738;0.0
APPROXIMATION;12350;183;2;1672694736738;0.0
APPROXIMATION;12345;183;3;1672694736738;0.0
APPROXIMATION;12351;183;2;1672694736738;0.0
APPROXIMATION;12352;183;2;1672694736738;0.0
APPROXIMATION;12346;183;3;1672694736738;0.0
APPROXIMATION;12348;183;3;1672694736738;0.0
APPROXIMATION;12349;183;3;1672694736739;0.0
APPROXIMATION;12350;183;3;1672694736739;0.0
APPROXIMATION;12351;183;3;1672694736739;0.0
APPROXIMATION;12352;183;3;1672694736739;0.0
APPROXIMATION;12345;183;4;1672694736739;0.0
APPROXIMATION;12346;183;4;1672694736739;0.0
APPROXIMATION;12348;183;4;1672694736739;0.0
APPROXIMATION;12349;183;4;1672694736739;0.0
APPROXIMATION;12350;183;4;1672694736739;0.0
APPROXIMATION;12351;183;4;1672694736739;0.0
APPROXIMATION;12352;183;4;1672694736739;0.0
APPROXIMATION;12346;183;5;1672694736739;0.0
APPROXIMATION;12348;183;5;1672694736739;0.0
APPROXIMATION;12349;183;5;1672694736739;0.0
APPROXIMATION;12345;183;5;1672694736739;0.0
APPROXIMATION;12350;183;5;1672694736739;0.0
APPROXIMATION;12351;183;5;1672694736739;0.0
APPROXIMATION;12352;183;5;1672694736739;0.0
APPROXIMATION;12346;183;6;1672694736740;0.0
APPROXIMATION;12349;183;6;1672694736740;0.0
APPROXIMATION;12348;183;6;1672694736740;0.0
APPROXIMATION;12350;183;6;1672694736740;0.0
APPROXIMATION;12351;183;6;1672694736740;0.0
APPROXIMATION;12352;183;6;1672694736740;0.0
APPROXIMATION;12345;183;6;1672694736740;0.0
APPROXIMATION;12346;183;7;1672694736740;0.0
APPROXIMATION;12348;183;7;1672694736740;0.0
APPROXIMATION;12349;183;7;1672694736740;0.0
APPROXIMATION;12350;183;7;1672694736740;0.0
APPROXIMATION;12351;183;7;1672694736740;0.0
APPROXIMATION;12352;183;7;1672694736740;0.0
APPROXIMATION;12345;183;7;1672694736740;0.0
APPROXIMATION;12346;183;8;1672694736740;0.0
APPROXIMATION;12348;183;8;1672694736741;0.0
APPROXIMATION;12349;183;8;1672694736741;0.0
APPROXIMATION;12351;183;8;1672694736741;0.0
APPROXIMATION;12350;183;8;1672694736741;0.0
APPROXIMATION;12352;183;8;1672694736741;0.0
APPROXIMATION;12345;183;8;1672694736741;0.0
APPROXIMATION;12346;183;9;1672694736741;0.0
APPROXIMATION;12348;183;9;1672694736741;0.0
APPROXIMATION;12349;183;9;1672694736741;0.0
APPROXIMATION;12350;183;9;1672694736741;0.0
APPROXIMATION;12351;183;9;1672694736741;0.0
APPROXIMATION;12352;183;9;1672694736741;0.0
APPROXIMATION;12345;183;9;1672694736742;0.0
APPROXIMATION;12346;183;10;1672694736742;0.0
APPROXIMATION;12348;183;10;1672694736742;0.0
APPROXIMATION;12349;183;10;1672694736742;0.0
APPROXIMATION;12350;183;10;1672694736742;0.0
APPROXIMATION;12351;183;10;1672694736742;0.0
APPROXIMATION;12352;183;10;1672694736742;0.0
APPROXIMATION;12345;183;10;1672694736742;0.0
APPROXIMATION;12346;183;11;1672694736742;0.0
APPROXIMATION;12348;183;11;1672694736742;0.0
APPROXIMATION;12349;183;11;1672694736742;0.0
APPROXIMATION;12350;183;11;1672694736743;0.0
APPROXIMATION;12351;183;11;1672694736743;0.0
APPROXIMATION;12352;183;11;1672694736743;0.0
APPROXIMATION;12345;183;11;1672694736743;0.0
APPROXIMATION;12346;183;12;1672694736743;0.0
APPROXIMATION;12348;183;12;1672694736743;0.0
APPROXIMATION;12349;183;12;1672694736743;0.0
APPROXIMATION;12350;183;12;1672694736743;0.0
APPROXIMATION;12351;183;12;1672694736743;0.0
APPROXIMATION;12345;183;12;1672694736743;0.0
APPROXIMATION;12352;183;12;1672694736743;0.0
APPROXIMATION;12346;183;13;1672694736743;0.0
APPROXIMATION;12348;183;13;1672694736743;0.0
APPROXIMATION;12349;183;13;1672694736744;0.0
APPROXIMATION;12350;183;13;1672694736744;0.0
APPROXIMATION;12351;183;13;1672694736744;0.0
APPROXIMATION;12352;183;13;1672694736744;0.0
APPROXIMATION;12345;183;13;1672694736744;0.0
HALTED;12346;183;14;1672694736744;0.0
HALTED;12348;183;14;1672694736744;0.0
HALTED;12349;183;14;1672694736744;0.0
HALTED;12350;183;14;1672694736744;0.0
HALTED;12351;183;14;1672694736744;0.0
HALTED;12352;183;14;1672694736744;0.0
HALTED;12345;183;14;1672694736744;0.0
INITIALIZATION;12345;184;0;1672694736845;0.0
INITIALIZATION;12346;184;0;1672694736846;0.0
INITIALIZATION;12348;184;0;1672694736846;0.0
INITIALIZATION;12349;184;0;1672694736846;0.0
INITIALIZATION;12350;184;0;1672694736846;0.0
INITIALIZATION;12351;184;0;1672694736846;0.0
INITIALIZATION;12352;184;0;1672694736846;0.0
APPROXIMATION;12345;184;1;1672694736846;0.0
APPROXIMATION;12346;184;1;1672694736846;0.0
APPROXIMATION;12348;184;1;1672694736847;0.0
APPROXIMATION;12352;184;1;1672694736847;0.0
APPROXIMATION;12351;184;1;1672694736847;0.0
APPROXIMATION;12349;184;1;1672694736847;0.0
APPROXIMATION;12350;184;1;1672694736847;0.0
APPROXIMATION;12345;184;2;1672694736847;0.0
APPROXIMATION;12351;184;2;1672694736847;0.0
APPROXIMATION;12349;184;2;1672694736847;0.0
APPROXIMATION;12352;184;2;1672694736848;0.0
APPROXIMATION;12348;184;2;1672694736848;0.0
APPROXIMATION;12350;184;2;1672694736848;0.0
APPROXIMATION;12352;184;3;1672694736848;0.0
APPROXIMATION;12345;184;3;1672694736889;0.0
APPROXIMATION;12346;184;2;1672694736889;0.0
APPROXIMATION;12350;184;3;1672694736889;0.0
APPROXIMATION;12351;184;3;1672694736889;0.0
APPROXIMATION;12349;184;3;1672694736889;0.0
APPROXIMATION;12348;184;3;1672694736889;0.0
APPROXIMATION;12346;184;3;1672694736890;0.0
APPROXIMATION;12345;184;4;1672694736890;0.0
APPROXIMATION;12348;184;4;1672694736890;0.0
APPROXIMATION;12346;184;4;1672694736890;0.0
APPROXIMATION;12351;184;4;1672694736890;0.0
APPROXIMATION;12352;184;4;1672694736890;0.0
APPROXIMATION;12350;184;4;1672694736890;0.0
APPROXIMATION;12349;184;4;1672694736890;0.0
APPROXIMATION;12345;184;5;1672694736890;0.0
APPROXIMATION;12346;184;5;1672694736890;0.0
APPROXIMATION;12348;184;5;1672694736890;0.0
APPROXIMATION;12350;184;5;1672694736890;0.0
APPROXIMATION;12351;184;5;1672694736891;0.0
APPROXIMATION;12352;184;5;1672694736891;0.0
APPROXIMATION;12349;184;5;1672694736891;0.0
APPROXIMATION;12346;184;6;1672694736891;0.0
APPROXIMATION;12345;184;6;1672694736891;0.0
APPROXIMATION;12348;184;6;1672694736891;0.0
APPROXIMATION;12351;184;6;1672694736891;0.0
APPROXIMATION;12350;184;6;1672694736891;0.0
APPROXIMATION;12352;184;6;1672694736891;0.0
APPROXIMATION;12349;184;6;1672694736891;0.0
APPROXIMATION;12346;184;7;1672694736891;0.0
APPROXIMATION;12348;184;7;1672694736892;0.0
APPROXIMATION;12345;184;7;1672694736892;0.0
APPROXIMATION;12351;184;7;1672694736892;0.0
APPROXIMATION;12350;184;7;1672694736892;0.0
APPROXIMATION;12349;184;7;1672694736892;0.0
APPROXIMATION;12352;184;7;1672694736892;0.0
APPROXIMATION;12345;184;8;1672694736892;0.0
APPROXIMATION;12346;184;8;1672694736892;0.0
APPROXIMATION;12348;184;8;1672694736892;0.0
APPROXIMATION;12349;184;8;1672694736892;0.0
APPROXIMATION;12350;184;8;1672694736892;0.0
APPROXIMATION;12352;184;8;1672694736892;0.0
APPROXIMATION;12351;184;8;1672694736892;0.0
APPROXIMATION;12346;184;9;1672694736893;0.0
APPROXIMATION;12345;184;9;1672694736893;0.0
APPROXIMATION;12348;184;9;1672694736893;0.0
APPROXIMATION;12352;184;9;1672694736893;0.0
APPROXIMATION;12350;184;9;1672694736893;0.0
APPROXIMATION;12351;184;9;1672694736893;0.0
APPROXIMATION;12349;184;9;1672694736893;0.0
APPROXIMATION;12346;184;10;1672694736893;0.0
APPROXIMATION;12348;184;10;1672694736893;0.0
APPROXIMATION;12352;184;10;1672694736893;0.0
APPROXIMATION;12351;184;10;1672694736893;0.0
APPROXIMATION;12350;184;10;1672694736893;0.0
APPROXIMATION;12345;184;10;1672694736893;0.0
APPROXIMATION;12349;184;10;1672694736893;0.0
APPROXIMATION;12346;184;11;1672694736893;0.0
APPROXIMATION;12348;184;11;1672694736893;0.0
APPROXIMATION;12349;184;11;1672694736893;0.0
APPROXIMATION;12350;184;11;1672694736893;0.0
APPROXIMATION;12351;184;11;1672694736894;0.0
APPROXIMATION;12352;184;11;1672694736894;0.0
APPROXIMATION;12345;184;11;1672694736894;0.0
APPROXIMATION;12346;184;12;1672694736894;0.0
APPROXIMATION;12348;184;12;1672694736894;0.0
APPROXIMATION;12349;184;12;1672694736894;0.0
APPROXIMATION;12350;184;12;1672694736894;0.0
APPROXIMATION;12351;184;12;1672694736894;0.0
APPROXIMATION;12352;184;12;1672694736894;0.0
APPROXIMATION;12345;184;12;1672694736894;0.0
APPROXIMATION;12346;184;13;1672694736894;0.0
APPROXIMATION;12348;184;13;1672694736894;0.0
APPROXIMATION;12349;184;13;1672694736894;0.0
APPROXIMATION;12350;184;13;1672694736894;0.0
APPROXIMATION;12351;184;13;1672694736894;0.0
APPROXIMATION;12352;184;13;1672694736895;0.0
APPROXIMATION;12345;184;13;1672694736895;0.0
HALTED;12346;184;14;1672694736895;0.0
HALTED;12348;184;14;1672694736895;0.0
HALTED;12349;184;14;1672694736895;0.0
HALTED;12350;184;14;1672694736895;0.0
HALTED;12351;184;14;1672694736895;0.0
HALTED;12352;184;14;1672694736895;0.0
HALTED;12345;184;14;1672694736895;0.0
INITIALIZATION;12345;185;0;1672694736996;0.0
INITIALIZATION;12346;185;0;1672694736996;0.0
INITIALIZATION;12348;185;0;1672694736997;0.0
INITIALIZATION;12349;185;0;1672694736997;0.0
INITIALIZATION;12350;185;0;1672694736997;0.0
INITIALIZATION;12352;185;0;1672694736997;0.0
INITIALIZATION;12351;185;0;1672694736997;0.0
APPROXIMATION;12345;185;1;1672694736997;0.0
APPROXIMATION;12346;185;1;1672694736997;0.0
APPROXIMATION;12348;185;1;1672694736997;0.0
APPROXIMATION;12349;185;1;1672694736997;0.0
APPROXIMATION;12352;185;1;1672694736997;0.0
APPROXIMATION;12351;185;1;1672694736997;0.0
APPROXIMATION;12350;185;1;1672694736997;0.0
APPROXIMATION;12345;185;2;1672694736997;0.0
APPROXIMATION;12346;185;2;1672694736997;0.0
APPROXIMATION;12348;185;2;1672694736998;0.0
APPROXIMATION;12350;185;2;1672694736998;0.0
APPROXIMATION;12352;185;2;1672694736998;0.0
APPROXIMATION;12345;185;3;1672694736998;0.0
APPROXIMATION;12346;185;3;1672694736998;0.0
APPROXIMATION;12348;185;3;1672694736998;0.0
APPROXIMATION;12352;185;3;1672694736999;0.0
APPROXIMATION;12351;185;2;1672694737039;0.0
APPROXIMATION;12350;185;3;1672694737039;0.0
APPROXIMATION;12349;185;2;1672694737039;0.0
APPROXIMATION;12351;185;3;1672694737039;0.0
APPROXIMATION;12349;185;3;1672694737040;0.0
APPROXIMATION;12345;185;4;1672694737040;0.0
APPROXIMATION;12346;185;4;1672694737040;0.0
APPROXIMATION;12348;185;4;1672694737040;0.0
APPROXIMATION;12350;185;4;1672694737040;0.0
APPROXIMATION;12351;185;4;1672694737040;0.0
APPROXIMATION;12352;185;4;1672694737040;0.0
APPROXIMATION;12349;185;4;1672694737040;0.0
APPROXIMATION;12345;185;5;1672694737040;0.0
APPROXIMATION;12346;185;5;1672694737040;0.0
APPROXIMATION;12348;185;5;1672694737040;0.0
APPROXIMATION;12352;185;5;1672694737040;0.0
APPROXIMATION;12349;185;5;1672694737040;0.0
APPROXIMATION;12350;185;5;1672694737040;0.0
APPROXIMATION;12351;185;5;1672694737040;0.0
APPROXIMATION;12345;185;6;1672694737041;0.0
APPROXIMATION;12348;185;6;1672694737041;0.0
APPROXIMATION;12349;185;6;1672694737041;0.0
APPROXIMATION;12351;185;6;1672694737041;0.0
APPROXIMATION;12350;185;6;1672694737041;0.0
APPROXIMATION;12346;185;6;1672694737041;0.0
APPROXIMATION;12352;185;6;1672694737041;0.0
APPROXIMATION;12345;185;7;1672694737041;0.0
APPROXIMATION;12348;185;7;1672694737042;0.0
APPROXIMATION;12346;185;7;1672694737042;0.0
APPROXIMATION;12349;185;7;1672694737042;0.0
APPROXIMATION;12351;185;7;1672694737042;0.0
APPROXIMATION;12350;185;7;1672694737042;0.0
APPROXIMATION;12352;185;7;1672694737042;0.0
APPROXIMATION;12345;185;8;1672694737042;0.0
APPROXIMATION;12346;185;8;1672694737042;0.0
APPROXIMATION;12348;185;8;1672694737042;0.0
APPROXIMATION;12351;185;8;1672694737042;0.0
APPROXIMATION;12352;185;8;1672694737042;0.0
APPROXIMATION;12350;185;8;1672694737042;0.0
APPROXIMATION;12349;185;8;1672694737042;0.0
APPROXIMATION;12345;185;9;1672694737042;0.0
APPROXIMATION;12346;185;9;1672694737042;0.0
APPROXIMATION;12351;185;9;1672694737042;0.0
APPROXIMATION;12350;185;9;1672694737043;0.0
APPROXIMATION;12348;185;9;1672694737043;0.0
APPROXIMATION;12352;185;9;1672694737043;0.0
APPROXIMATION;12349;185;9;1672694737043;0.0
APPROXIMATION;12346;185;10;1672694737043;0.0
APPROXIMATION;12345;185;10;1672694737043;0.0
APPROXIMATION;12351;185;10;1672694737043;0.0
APPROXIMATION;12352;185;10;1672694737043;0.0
APPROXIMATION;12350;185;10;1672694737043;0.0
APPROXIMATION;12349;185;10;1672694737043;0.0
APPROXIMATION;12348;185;10;1672694737043;0.0
APPROXIMATION;12346;185;11;1672694737043;0.0
APPROXIMATION;12345;185;11;1672694737043;0.0
APPROXIMATION;12351;185;11;1672694737043;0.0
APPROXIMATION;12349;185;11;1672694737043;0.0
APPROXIMATION;12352;185;11;1672694737043;0.0
APPROXIMATION;12350;185;11;1672694737043;0.0
APPROXIMATION;12348;185;11;1672694737044;0.0
APPROXIMATION;12346;185;12;1672694737044;0.0
APPROXIMATION;12345;185;12;1672694737044;0.0
APPROXIMATION;12349;185;12;1672694737044;0.0
APPROXIMATION;12350;185;12;1672694737044;0.0
APPROXIMATION;12351;185;12;1672694737044;0.0
APPROXIMATION;12352;185;12;1672694737044;0.0
APPROXIMATION;12348;185;12;1672694737044;0.0
APPROXIMATION;12346;185;13;1672694737044;0.0
APPROXIMATION;12345;185;13;1672694737044;0.0
APPROXIMATION;12349;185;13;1672694737044;0.0
APPROXIMATION;12350;185;13;1672694737044;0.0
APPROXIMATION;12348;185;13;1672694737044;0.0
APPROXIMATION;12352;185;13;1672694737044;0.0
APPROXIMATION;12351;185;13;1672694737044;0.0
HALTED;12346;185;14;1672694737044;0.0
HALTED;12345;185;14;1672694737045;0.0
HALTED;12349;185;14;1672694737045;0.0
HALTED;12351;185;14;1672694737045;0.0
HALTED;12350;185;14;1672694737045;0.0
HALTED;12352;185;14;1672694737045;0.0
HALTED;12348;185;14;1672694737045;0.0
INITIALIZATION;12345;186;0;1672694737145;0.0
INITIALIZATION;12346;186;0;1672694737146;0.0
INITIALIZATION;12352;186;0;1672694737146;0.0
INITIALIZATION;12349;186;0;1672694737146;0.0
INITIALIZATION;12350;186;0;1672694737146;0.0
INITIALIZATION;12351;186;0;1672694737146;0.0
INITIALIZATION;12348;186;0;1672694737146;0.0
APPROXIMATION;12345;186;1;1672694737146;0.0
APPROXIMATION;12346;186;1;1672694737146;0.0
APPROXIMATION;12348;186;1;1672694737147;0.0
APPROXIMATION;12351;186;1;1672694737147;0.0
APPROXIMATION;12350;186;1;1672694737147;0.0
APPROXIMATION;12349;186;1;1672694737147;0.0
APPROXIMATION;12352;186;1;1672694737147;0.0
APPROXIMATION;12345;186;2;1672694737147;0.0
APPROXIMATION;12346;186;2;1672694737147;0.0
APPROXIMATION;12348;186;2;1672694737147;0.0
APPROXIMATION;12350;186;2;1672694737147;0.0
APPROXIMATION;12351;186;2;1672694737147;0.0
APPROXIMATION;12352;186;2;1672694737147;0.0
APPROXIMATION;12349;186;2;1672694737147;0.0
APPROXIMATION;12346;186;3;1672694737147;0.0
APPROXIMATION;12348;186;3;1672694737148;0.0
APPROXIMATION;12350;186;3;1672694737148;0.0
APPROXIMATION;12352;186;3;1672694737148;0.0
APPROXIMATION;12349;186;3;1672694737148;0.0
APPROXIMATION;12345;186;3;1672694737190;0.0
APPROXIMATION;12351;186;3;1672694737190;0.0
APPROXIMATION;12346;186;4;1672694737190;0.0
APPROXIMATION;12348;186;4;1672694737190;0.0
APPROXIMATION;12349;186;4;1672694737190;0.0
APPROXIMATION;12345;186;4;1672694737190;0.0
APPROXIMATION;12350;186;4;1672694737190;0.0
APPROXIMATION;12352;186;4;1672694737190;0.0
APPROXIMATION;12351;186;4;1672694737190;0.0
APPROXIMATION;12346;186;5;1672694737190;0.0
APPROXIMATION;12345;186;5;1672694737191;0.0
APPROXIMATION;12352;186;5;1672694737191;0.0
APPROXIMATION;12351;186;5;1672694737191;0.0
APPROXIMATION;12348;186;5;1672694737191;0.0
APPROXIMATION;12350;186;5;1672694737191;0.0
APPROXIMATION;12349;186;5;1672694737191;0.0
APPROXIMATION;12345;186;6;1672694737191;0.0
APPROXIMATION;12346;186;6;1672694737191;0.0
APPROXIMATION;12348;186;6;1672694737191;0.0
APPROXIMATION;12350;186;6;1672694737191;0.0
APPROXIMATION;12351;186;6;1672694737191;0.0
APPROXIMATION;12352;186;6;1672694737191;0.0
APPROXIMATION;12349;186;6;1672694737191;0.0
APPROXIMATION;12346;186;7;1672694737192;0.0
APPROXIMATION;12345;186;7;1672694737192;0.0
APPROXIMATION;12348;186;7;1672694737192;0.0
APPROXIMATION;12350;186;7;1672694737192;0.0
APPROXIMATION;12351;186;7;1672694737192;0.0
APPROXIMATION;12352;186;7;1672694737192;0.0
APPROXIMATION;12349;186;7;1672694737192;0.0
APPROXIMATION;12345;186;8;1672694737192;0.0
APPROXIMATION;12346;186;8;1672694737192;0.0
APPROXIMATION;12348;186;8;1672694737192;0.0
APPROXIMATION;12351;186;8;1672694737192;0.0
APPROXIMATION;12352;186;8;1672694737192;0.0
APPROXIMATION;12350;186;8;1672694737192;0.0
APPROXIMATION;12349;186;8;1672694737192;0.0
APPROXIMATION;12346;186;9;1672694737192;0.0
APPROXIMATION;12345;186;9;1672694737192;0.0
APPROXIMATION;12348;186;9;1672694737193;0.0
APPROXIMATION;12351;186;9;1672694737193;0.0
APPROXIMATION;12352;186;9;1672694737193;0.0
APPROXIMATION;12350;186;9;1672694737193;0.0
APPROXIMATION;12349;186;9;1672694737193;0.0
APPROXIMATION;12346;186;10;1672694737193;0.0
APPROXIMATION;12345;186;10;1672694737193;0.0
APPROXIMATION;12348;186;10;1672694737193;0.0
APPROXIMATION;12351;186;10;1672694737193;0.0
APPROXIMATION;12350;186;10;1672694737193;0.0
APPROXIMATION;12352;186;10;1672694737193;0.0
APPROXIMATION;12349;186;10;1672694737193;0.0
APPROXIMATION;12346;186;11;1672694737193;0.0
APPROXIMATION;12345;186;11;1672694737193;0.0
APPROXIMATION;12348;186;11;1672694737193;0.0
APPROXIMATION;12350;186;11;1672694737193;0.0
APPROXIMATION;12351;186;11;1672694737193;0.0
APPROXIMATION;12352;186;11;1672694737194;0.0
APPROXIMATION;12349;186;11;1672694737194;0.0
APPROXIMATION;12346;186;12;1672694737194;0.0
APPROXIMATION;12345;186;12;1672694737194;0.0
APPROXIMATION;12348;186;12;1672694737194;0.0
APPROXIMATION;12350;186;12;1672694737194;0.0
APPROXIMATION;12351;186;12;1672694737194;0.0
APPROXIMATION;12352;186;12;1672694737194;0.0
APPROXIMATION;12349;186;12;1672694737194;0.0
APPROXIMATION;12345;186;13;1672694737194;0.0
APPROXIMATION;12346;186;13;1672694737194;0.0
APPROXIMATION;12350;186;13;1672694737194;0.0
APPROXIMATION;12348;186;13;1672694737194;0.0
APPROXIMATION;12351;186;13;1672694737194;0.0
APPROXIMATION;12352;186;13;1672694737194;0.0
APPROXIMATION;12349;186;13;1672694737194;0.0
HALTED;12345;186;14;1672694737194;0.0
HALTED;12346;186;14;1672694737194;0.0
HALTED;12350;186;14;1672694737195;0.0
HALTED;12348;186;14;1672694737195;0.0
HALTED;12352;186;14;1672694737195;0.0
HALTED;12351;186;14;1672694737195;0.0
HALTED;12349;186;14;1672694737195;0.0
INITIALIZATION;12345;187;0;1672694737295;0.0
INITIALIZATION;12346;187;0;1672694737296;0.0
INITIALIZATION;12349;187;0;1672694737296;0.0
INITIALIZATION;12348;187;0;1672694737296;0.0
INITIALIZATION;12351;187;0;1672694737296;0.0
INITIALIZATION;12352;187;0;1672694737296;0.0
INITIALIZATION;12350;187;0;1672694737296;0.0
APPROXIMATION;12345;187;1;1672694737296;0.0
APPROXIMATION;12346;187;1;1672694737296;0.0
APPROXIMATION;12351;187;1;1672694737297;0.0
APPROXIMATION;12349;187;1;1672694737297;0.0
APPROXIMATION;12350;187;1;1672694737297;0.0
APPROXIMATION;12345;187;2;1672694737297;0.0
APPROXIMATION;12348;187;1;1672694737297;0.0
APPROXIMATION;12352;187;1;1672694737297;0.0
APPROXIMATION;12350;187;2;1672694737297;0.0
APPROXIMATION;12351;187;2;1672694737297;0.0
APPROXIMATION;12346;187;2;1672694737297;0.0
APPROXIMATION;12349;187;2;1672694737297;0.0
APPROXIMATION;12348;187;2;1672694737297;0.0
APPROXIMATION;12345;187;3;1672694737297;0.0
APPROXIMATION;12352;187;2;1672694737297;0.0
APPROXIMATION;12349;187;3;1672694737298;0.0
APPROXIMATION;12350;187;3;1672694737298;0.0
APPROXIMATION;12351;187;3;1672694737298;0.0
APPROXIMATION;12346;187;3;1672694737298;0.0
APPROXIMATION;12348;187;3;1672694737298;0.0
APPROXIMATION;12352;187;3;1672694737298;0.0
APPROXIMATION;12349;187;4;1672694737298;0.0
APPROXIMATION;12345;187;4;1672694737298;0.0
APPROXIMATION;12350;187;4;1672694737298;0.0
APPROXIMATION;12351;187;4;1672694737298;0.0
APPROXIMATION;12346;187;4;1672694737298;0.0
APPROXIMATION;12348;187;4;1672694737298;0.0
APPROXIMATION;12352;187;4;1672694737298;0.0
APPROXIMATION;12349;187;5;1672694737298;0.0
APPROXIMATION;12350;187;5;1672694737298;0.0
APPROXIMATION;12345;187;5;1672694737298;0.0
APPROXIMATION;12351;187;5;1672694737299;0.0
APPROXIMATION;12348;187;5;1672694737299;0.0
APPROXIMATION;12346;187;5;1672694737299;0.0
APPROXIMATION;12352;187;5;1672694737299;0.0
APPROXIMATION;12349;187;6;1672694737299;0.0
APPROXIMATION;12350;187;6;1672694737299;0.0
APPROXIMATION;12348;187;6;1672694737299;0.0
APPROXIMATION;12351;187;6;1672694737299;0.0
APPROXIMATION;12346;187;6;1672694737299;0.0
APPROXIMATION;12345;187;6;1672694737299;0.0
APPROXIMATION;12352;187;6;1672694737299;0.0
APPROXIMATION;12348;187;7;1672694737299;0.0
APPROXIMATION;12346;187;7;1672694737299;0.0
APPROXIMATION;12349;187;7;1672694737299;0.0
APPROXIMATION;12351;187;7;1672694737300;0.0
APPROXIMATION;12350;187;7;1672694737300;0.0
APPROXIMATION;12352;187;7;1672694737300;0.0
APPROXIMATION;12345;187;7;1672694737300;0.0
APPROXIMATION;12346;187;8;1672694737300;0.0
APPROXIMATION;12348;187;8;1672694737300;0.0
APPROXIMATION;12349;187;8;1672694737300;0.0
APPROXIMATION;12350;187;8;1672694737300;0.0
APPROXIMATION;12351;187;8;1672694737300;0.0
APPROXIMATION;12352;187;8;1672694737300;0.0
APPROXIMATION;12345;187;8;1672694737300;0.0
APPROXIMATION;12346;187;9;1672694737300;0.0
APPROXIMATION;12348;187;9;1672694737300;0.0
APPROXIMATION;12349;187;9;1672694737300;0.0
APPROXIMATION;12350;187;9;1672694737301;0.0
APPROXIMATION;12351;187;9;1672694737301;0.0
APPROXIMATION;12352;187;9;1672694737301;0.0
APPROXIMATION;12345;187;9;1672694737301;0.0
APPROXIMATION;12346;187;10;1672694737301;0.0
APPROXIMATION;12348;187;10;1672694737301;0.0
APPROXIMATION;12349;187;10;1672694737301;0.0
APPROXIMATION;12350;187;10;1672694737301;0.0
APPROXIMATION;12351;187;10;1672694737301;0.0
APPROXIMATION;12352;187;10;1672694737301;0.0
APPROXIMATION;12345;187;10;1672694737301;0.0
APPROXIMATION;12346;187;11;1672694737301;0.0
APPROXIMATION;12348;187;11;1672694737301;0.0
APPROXIMATION;12349;187;11;1672694737302;0.0
APPROXIMATION;12350;187;11;1672694737302;0.0
APPROXIMATION;12351;187;11;1672694737302;0.0
APPROXIMATION;12352;187;11;1672694737302;0.0
APPROXIMATION;12345;187;11;1672694737302;0.0
APPROXIMATION;12346;187;12;1672694737302;0.0
APPROXIMATION;12348;187;12;1672694737302;0.0
APPROXIMATION;12349;187;12;1672694737302;0.0
APPROXIMATION;12350;187;12;1672694737302;0.0
APPROXIMATION;12351;187;12;1672694737302;0.0
APPROXIMATION;12352;187;12;1672694737302;0.0
APPROXIMATION;12345;187;12;1672694737302;0.0
APPROXIMATION;12346;187;13;1672694737302;0.0
APPROXIMATION;12348;187;13;1672694737302;0.0
APPROXIMATION;12349;187;13;1672694737302;0.0
APPROXIMATION;12350;187;13;1672694737303;0.0
APPROXIMATION;12351;187;13;1672694737303;0.0
APPROXIMATION;12352;187;13;1672694737303;0.0
APPROXIMATION;12345;187;13;1672694737303;0.0
HALTED;12346;187;14;1672694737303;0.0
HALTED;12348;187;14;1672694737303;0.0
HALTED;12349;187;14;1672694737303;0.0
HALTED;12350;187;14;1672694737303;0.0
HALTED;12351;187;14;1672694737303;0.0
HALTED;12352;187;14;1672694737303;0.0
HALTED;12345;187;14;1672694737303;0.0
INITIALIZATION;12345;188;0;1672694737404;0.0
INITIALIZATION;12346;188;0;1672694737405;0.0
INITIALIZATION;12348;188;0;1672694737405;0.0
INITIALIZATION;12350;188;0;1672694737405;0.0
INITIALIZATION;12349;188;0;1672694737405;0.0
INITIALIZATION;12351;188;0;1672694737405;0.0
INITIALIZATION;12352;188;0;1672694737405;0.0
APPROXIMATION;12345;188;1;1672694737406;0.0
APPROXIMATION;12346;188;1;1672694737406;0.0
APPROXIMATION;12348;188;1;1672694737406;0.0
APPROXIMATION;12349;188;1;1672694737406;0.0
APPROXIMATION;12352;188;1;1672694737406;0.0
APPROXIMATION;12345;188;2;1672694737406;0.0
APPROXIMATION;12350;188;1;1672694737406;0.0
APPROXIMATION;12351;188;1;1672694737406;0.0
APPROXIMATION;12346;188;2;1672694737407;0.0
APPROXIMATION;12348;188;2;1672694737407;0.0
APPROXIMATION;12352;188;2;1672694737407;0.0
APPROXIMATION;12351;188;2;1672694737407;0.0
APPROXIMATION;12350;188;2;1672694737407;0.0
APPROXIMATION;12349;188;2;1672694737407;0.0
APPROXIMATION;12348;188;3;1672694737407;0.0
APPROXIMATION;12350;188;3;1672694737407;0.0
APPROXIMATION;12352;188;3;1672694737407;0.0
APPROXIMATION;12349;188;3;1672694737407;0.0
APPROXIMATION;12346;188;3;1672694737450;0.0
APPROXIMATION;12351;188;3;1672694737450;0.0
APPROXIMATION;12345;188;3;1672694737450;0.0
APPROXIMATION;12348;188;4;1672694737450;0.0
APPROXIMATION;12349;188;4;1672694737450;0.0
APPROXIMATION;12346;188;4;1672694737450;0.0
APPROXIMATION;12351;188;4;1672694737450;0.0
APPROXIMATION;12350;188;4;1672694737450;0.0
APPROXIMATION;12345;188;4;1672694737450;0.0
APPROXIMATION;12352;188;4;1672694737450;0.0
APPROXIMATION;12348;188;5;1672694737451;0.0
APPROXIMATION;12349;188;5;1672694737451;0.0
APPROXIMATION;12345;188;5;1672694737451;0.0
APPROXIMATION;12350;188;5;1672694737451;0.0
APPROXIMATION;12346;188;5;1672694737451;0.0
APPROXIMATION;12351;188;5;1672694737451;0.0
APPROXIMATION;12352;188;5;1672694737451;0.0
APPROXIMATION;12348;188;6;1672694737451;0.0
APPROXIMATION;12349;188;6;1672694737451;0.0
APPROXIMATION;12345;188;6;1672694737451;0.0
APPROXIMATION;12350;188;6;1672694737451;0.0
APPROXIMATION;12346;188;6;1672694737451;0.0
APPROXIMATION;12351;188;6;1672694737452;0.0
APPROXIMATION;12352;188;6;1672694737452;0.0
APPROXIMATION;12348;188;7;1672694737452;0.0
APPROXIMATION;12349;188;7;1672694737452;0.0
APPROXIMATION;12345;188;7;1672694737452;0.0
APPROXIMATION;12350;188;7;1672694737452;0.0
APPROXIMATION;12346;188;7;1672694737452;0.0
APPROXIMATION;12351;188;7;1672694737452;0.0
APPROXIMATION;12352;188;7;1672694737452;0.0
APPROXIMATION;12348;188;8;1672694737452;0.0
APPROXIMATION;12345;188;8;1672694737452;0.0
APPROXIMATION;12346;188;8;1672694737452;0.0
APPROXIMATION;12349;188;8;1672694737452;0.0
APPROXIMATION;12350;188;8;1672694737452;0.0
APPROXIMATION;12351;188;8;1672694737453;0.0
APPROXIMATION;12352;188;8;1672694737453;0.0
APPROXIMATION;12345;188;9;1672694737453;0.0
APPROXIMATION;12346;188;9;1672694737453;0.0
APPROXIMATION;12348;188;9;1672694737453;0.0
APPROXIMATION;12350;188;9;1672694737453;0.0
APPROXIMATION;12351;188;9;1672694737453;0.0
APPROXIMATION;12349;188;9;1672694737453;0.0
APPROXIMATION;12352;188;9;1672694737453;0.0
APPROXIMATION;12345;188;10;1672694737453;0.0
APPROXIMATION;12346;188;10;1672694737453;0.0
APPROXIMATION;12348;188;10;1672694737453;0.0
APPROXIMATION;12350;188;10;1672694737453;0.0
APPROXIMATION;12351;188;10;1672694737453;0.0
APPROXIMATION;12352;188;10;1672694737453;0.0
APPROXIMATION;12349;188;10;1672694737453;0.0
APPROXIMATION;12345;188;11;1672694737453;0.0
APPROXIMATION;12346;188;11;1672694737453;0.0
APPROXIMATION;12348;188;11;1672694737454;0.0
APPROXIMATION;12350;188;11;1672694737454;0.0
APPROXIMATION;12351;188;11;1672694737454;0.0
APPROXIMATION;12352;188;11;1672694737454;0.0
APPROXIMATION;12349;188;11;1672694737454;0.0
APPROXIMATION;12345;188;12;1672694737454;0.0
APPROXIMATION;12346;188;12;1672694737454;0.0
APPROXIMATION;12348;188;12;1672694737454;0.0
APPROXIMATION;12350;188;12;1672694737454;0.0
APPROXIMATION;12352;188;12;1672694737454;0.0
APPROXIMATION;12351;188;12;1672694737454;0.0
APPROXIMATION;12349;188;12;1672694737454;0.0
APPROXIMATION;12345;188;13;1672694737454;0.0
APPROXIMATION;12346;188;13;1672694737454;0.0
APPROXIMATION;12348;188;13;1672694737454;0.0
APPROXIMATION;12350;188;13;1672694737454;0.0
APPROXIMATION;12351;188;13;1672694737455;0.0
APPROXIMATION;12352;188;13;1672694737455;0.0
APPROXIMATION;12349;188;13;1672694737455;0.0
HALTED;12345;188;14;1672694737455;0.0
HALTED;12346;188;14;1672694737455;0.0
HALTED;12348;188;14;1672694737455;0.0
HALTED;12350;188;14;1672694737455;0.0
HALTED;12351;188;14;1672694737455;0.0
HALTED;12352;188;14;1672694737455;0.0
HALTED;12349;188;14;1672694737455;0.0
INITIALIZATION;12345;189;0;1672694737555;0.0
INITIALIZATION;12346;189;0;1672694737556;0.0
INITIALIZATION;12349;189;0;1672694737556;0.0
INITIALIZATION;12348;189;0;1672694737556;0.0
INITIALIZATION;12350;189;0;1672694737556;0.0
INITIALIZATION;12351;189;0;1672694737556;0.0
INITIALIZATION;12352;189;0;1672694737557;0.0
APPROXIMATION;12345;189;1;1672694737557;0.0
APPROXIMATION;12346;189;1;1672694737557;0.0
APPROXIMATION;12348;189;1;1672694737557;0.0
APPROXIMATION;12352;189;1;1672694737557;0.0
APPROXIMATION;12350;189;1;1672694737557;0.0
APPROXIMATION;12351;189;1;1672694737557;0.0
APPROXIMATION;12349;189;1;1672694737557;0.0
APPROXIMATION;12345;189;2;1672694737558;0.0
APPROXIMATION;12351;189;2;1672694737558;0.0
APPROXIMATION;12348;189;2;1672694737558;0.0
APPROXIMATION;12346;189;2;1672694737558;0.0
APPROXIMATION;12349;189;2;1672694737558;0.0
APPROXIMATION;12352;189;2;1672694737558;0.0
APPROXIMATION;12350;189;2;1672694737558;0.0
APPROXIMATION;12345;189;3;1672694737558;0.0
APPROXIMATION;12350;189;3;1672694737558;0.0
APPROXIMATION;12351;189;3;1672694737558;0.0
APPROXIMATION;12352;189;3;1672694737558;0.0
APPROXIMATION;12346;189;3;1672694737600;0.0
APPROXIMATION;12348;189;3;1672694737600;0.0
APPROXIMATION;12349;189;3;1672694737600;0.0
APPROXIMATION;12345;189;4;1672694737600;0.0
APPROXIMATION;12348;189;4;1672694737600;0.0
APPROXIMATION;12346;189;4;1672694737600;0.0
APPROXIMATION;12350;189;4;1672694737600;0.0
APPROXIMATION;12351;189;4;1672694737600;0.0
APPROXIMATION;12349;189;4;1672694737600;0.0
APPROXIMATION;12352;189;4;1672694737600;0.0
APPROXIMATION;12345;189;5;1672694737600;0.0
APPROXIMATION;12346;189;5;1672694737601;0.0
APPROXIMATION;12348;189;5;1672694737601;0.0
APPROXIMATION;12350;189;5;1672694737601;0.0
APPROXIMATION;12349;189;5;1672694737601;0.0
APPROXIMATION;12351;189;5;1672694737601;0.0
APPROXIMATION;12352;189;5;1672694737601;0.0
APPROXIMATION;12345;189;6;1672694737601;0.0
APPROXIMATION;12346;189;6;1672694737601;0.0
APPROXIMATION;12348;189;6;1672694737601;0.0
APPROXIMATION;12350;189;6;1672694737601;0.0
APPROXIMATION;12349;189;6;1672694737601;0.0
APPROXIMATION;12351;189;6;1672694737601;0.0
APPROXIMATION;12352;189;6;1672694737601;0.0
APPROXIMATION;12346;189;7;1672694737601;0.0
APPROXIMATION;12345;189;7;1672694737601;0.0
APPROXIMATION;12348;189;7;1672694737601;0.0
APPROXIMATION;12351;189;7;1672694737602;0.0
APPROXIMATION;12352;189;7;1672694737602;0.0
APPROXIMATION;12350;189;7;1672694737602;0.0
APPROXIMATION;12349;189;7;1672694737602;0.0
APPROXIMATION;12345;189;8;1672694737602;0.0
APPROXIMATION;12346;189;8;1672694737602;0.0
APPROXIMATION;12348;189;8;1672694737602;0.0
APPROXIMATION;12351;189;8;1672694737602;0.0
APPROXIMATION;12352;189;8;1672694737602;0.0
APPROXIMATION;12349;189;8;1672694737602;0.0
APPROXIMATION;12350;189;8;1672694737602;0.0
APPROXIMATION;12345;189;9;1672694737602;0.0
APPROXIMATION;12346;189;9;1672694737602;0.0
APPROXIMATION;12348;189;9;1672694737602;0.0
APPROXIMATION;12351;189;9;1672694737602;0.0
APPROXIMATION;12349;189;9;1672694737602;0.0
APPROXIMATION;12352;189;9;1672694737602;0.0
APPROXIMATION;12350;189;9;1672694737602;0.0
APPROXIMATION;12345;189;10;1672694737603;0.0
APPROXIMATION;12346;189;10;1672694737603;0.0
APPROXIMATION;12348;189;10;1672694737603;0.0
APPROXIMATION;12351;189;10;1672694737603;0.0
APPROXIMATION;12349;189;10;1672694737603;0.0
APPROXIMATION;12352;189;10;1672694737603;0.0
APPROXIMATION;12350;189;10;1672694737603;0.0
APPROXIMATION;12346;189;11;1672694737603;0.0
APPROXIMATION;12345;189;11;1672694737603;0.0
APPROXIMATION;12348;189;11;1672694737603;0.0
APPROXIMATION;12349;189;11;1672694737603;0.0
APPROXIMATION;12351;189;11;1672694737603;0.0
APPROXIMATION;12352;189;11;1672694737603;0.0
APPROXIMATION;12350;189;11;1672694737603;0.0
APPROXIMATION;12346;189;12;1672694737603;0.0
APPROXIMATION;12345;189;12;1672694737603;0.0
APPROXIMATION;12348;189;12;1672694737604;0.0
APPROXIMATION;12349;189;12;1672694737604;0.0
APPROXIMATION;12351;189;12;1672694737604;0.0
APPROXIMATION;12350;189;12;1672694737604;0.0
APPROXIMATION;12352;189;12;1672694737604;0.0
APPROXIMATION;12346;189;13;1672694737604;0.0
APPROXIMATION;12345;189;13;1672694737604;0.0
APPROXIMATION;12348;189;13;1672694737604;0.0
APPROXIMATION;12352;189;13;1672694737604;0.0
APPROXIMATION;12349;189;13;1672694737604;0.0
APPROXIMATION;12350;189;13;1672694737604;0.0
APPROXIMATION;12351;189;13;1672694737604;0.0
HALTED;12346;189;14;1672694737604;0.0
HALTED;12345;189;14;1672694737604;0.0
HALTED;12348;189;14;1672694737604;0.0
HALTED;12349;189;14;1672694737604;0.0
HALTED;12352;189;14;1672694737604;0.0
HALTED;12351;189;14;1672694737604;0.0
HALTED;12350;189;14;1672694737604;0.0
INITIALIZATION;12345;190;0;1672694737705;0.0
INITIALIZATION;12349;190;0;1672694737706;0.0
INITIALIZATION;12348;190;0;1672694737706;0.0
INITIALIZATION;12350;190;0;1672694737706;0.0
INITIALIZATION;12346;190;0;1672694737706;0.0
INITIALIZATION;12352;190;0;1672694737706;0.0
INITIALIZATION;12351;190;0;1672694737706;0.0
APPROXIMATION;12345;190;1;1672694737706;0.0
APPROXIMATION;12346;190;1;1672694737706;0.0
APPROXIMATION;12348;190;1;1672694737707;0.0
APPROXIMATION;12352;190;1;1672694737707;0.0
APPROXIMATION;12349;190;1;1672694737707;0.0
APPROXIMATION;12350;190;1;1672694737707;0.0
APPROXIMATION;12351;190;1;1672694737707;0.0
APPROXIMATION;12345;190;2;1672694737707;0.0
APPROXIMATION;12346;190;2;1672694737707;0.0
APPROXIMATION;12348;190;2;1672694737707;0.0
APPROXIMATION;12349;190;2;1672694737707;0.0
APPROXIMATION;12350;190;2;1672694737707;0.0
APPROXIMATION;12351;190;2;1672694737707;0.0
APPROXIMATION;12345;190;3;1672694737708;0.0
APPROXIMATION;12352;190;2;1672694737708;0.0
APPROXIMATION;12346;190;3;1672694737708;0.0
APPROXIMATION;12349;190;3;1672694737708;0.0
APPROXIMATION;12350;190;3;1672694737708;0.0
APPROXIMATION;12348;190;3;1672694737708;0.0
APPROXIMATION;12351;190;3;1672694737708;0.0
APPROXIMATION;12352;190;3;1672694737708;0.0
APPROXIMATION;12345;190;4;1672694737708;0.0
APPROXIMATION;12346;190;4;1672694737708;0.0
APPROXIMATION;12349;190;4;1672694737708;0.0
APPROXIMATION;12350;190;4;1672694737708;0.0
APPROXIMATION;12351;190;4;1672694737708;0.0
APPROXIMATION;12352;190;4;1672694737708;0.0
APPROXIMATION;12348;190;4;1672694737708;0.0
APPROXIMATION;12346;190;5;1672694737709;0.0
APPROXIMATION;12345;190;5;1672694737709;0.0
APPROXIMATION;12350;190;5;1672694737709;0.0
APPROXIMATION;12349;190;5;1672694737709;0.0
APPROXIMATION;12351;190;5;1672694737709;0.0
APPROXIMATION;12352;190;5;1672694737709;0.0
APPROXIMATION;12348;190;5;1672694737709;0.0
APPROXIMATION;12346;190;6;1672694737709;0.0
APPROXIMATION;12345;190;6;1672694737709;0.0
APPROXIMATION;12350;190;6;1672694737709;0.0
APPROXIMATION;12349;190;6;1672694737709;0.0
APPROXIMATION;12351;190;6;1672694737709;0.0
APPROXIMATION;12352;190;6;1672694737709;0.0
APPROXIMATION;12348;190;6;1672694737709;0.0
APPROXIMATION;12346;190;7;1672694737709;0.0
APPROXIMATION;12350;190;7;1672694737710;0.0
APPROXIMATION;12351;190;7;1672694737710;0.0
APPROXIMATION;12345;190;7;1672694737710;0.0
APPROXIMATION;12348;190;7;1672694737710;0.0
APPROXIMATION;12352;190;7;1672694737710;0.0
APPROXIMATION;12349;190;7;1672694737710;0.0
APPROXIMATION;12346;190;8;1672694737710;0.0
APPROXIMATION;12348;190;8;1672694737710;0.0
APPROXIMATION;12350;190;8;1672694737710;0.0
APPROXIMATION;12351;190;8;1672694737710;0.0
APPROXIMATION;12352;190;8;1672694737710;0.0
APPROXIMATION;12345;190;8;1672694737710;0.0
APPROXIMATION;12349;190;8;1672694737710;0.0
APPROXIMATION;12346;190;9;1672694737711;0.0
APPROXIMATION;12348;190;9;1672694737711;0.0
APPROXIMATION;12351;190;9;1672694737711;0.0
APPROXIMATION;12350;190;9;1672694737711;0.0
APPROXIMATION;12352;190;9;1672694737711;0.0
APPROXIMATION;12345;190;9;1672694737711;0.0
APPROXIMATION;12349;190;9;1672694737711;0.0
APPROXIMATION;12346;190;10;1672694737711;0.0
APPROXIMATION;12348;190;10;1672694737711;0.0
APPROXIMATION;12351;190;10;1672694737711;0.0
APPROXIMATION;12350;190;10;1672694737711;0.0
APPROXIMATION;12352;190;10;1672694737711;0.0
APPROXIMATION;12345;190;10;1672694737711;0.0
APPROXIMATION;12349;190;10;1672694737711;0.0
APPROXIMATION;12346;190;11;1672694737711;0.0
APPROXIMATION;12348;190;11;1672694737712;0.0
APPROXIMATION;12350;190;11;1672694737712;0.0
APPROXIMATION;12351;190;11;1672694737712;0.0
APPROXIMATION;12349;190;11;1672694737712;0.0
APPROXIMATION;12352;190;11;1672694737712;0.0
APPROXIMATION;12345;190;11;1672694737712;0.0
APPROXIMATION;12346;190;12;1672694737712;0.0
APPROXIMATION;12348;190;12;1672694737712;0.0
APPROXIMATION;12350;190;12;1672694737712;0.0
APPROXIMATION;12351;190;12;1672694737712;0.0
APPROXIMATION;12349;190;12;1672694737712;0.0
APPROXIMATION;12352;190;12;1672694737712;0.0
APPROXIMATION;12345;190;12;1672694737712;0.0
APPROXIMATION;12346;190;13;1672694737712;0.0
APPROXIMATION;12348;190;13;1672694737713;0.0
APPROXIMATION;12349;190;13;1672694737713;0.0
APPROXIMATION;12350;190;13;1672694737713;0.0
APPROXIMATION;12352;190;13;1672694737713;0.0
APPROXIMATION;12351;190;13;1672694737713;0.0
APPROXIMATION;12345;190;13;1672694737713;0.0
HALTED;12346;190;14;1672694737713;0.0
HALTED;12348;190;14;1672694737713;0.0
HALTED;12349;190;14;1672694737713;0.0
HALTED;12350;190;14;1672694737713;0.0
HALTED;12351;190;14;1672694737713;0.0
HALTED;12352;190;14;1672694737713;0.0
HALTED;12345;190;14;1672694737713;0.0
INITIALIZATION;12345;191;0;1672694737814;0.0
INITIALIZATION;12346;191;0;1672694737815;0.0
INITIALIZATION;12349;191;0;1672694737815;0.0
INITIALIZATION;12348;191;0;1672694737815;0.0
INITIALIZATION;12351;191;0;1672694737815;0.0
INITIALIZATION;12350;191;0;1672694737815;0.0
INITIALIZATION;12352;191;0;1672694737815;0.0
APPROXIMATION;12345;191;1;1672694737815;0.0
APPROXIMATION;12346;191;1;1672694737815;0.0
APPROXIMATION;12348;191;1;1672694737815;0.0
APPROXIMATION;12349;191;1;1672694737816;0.0
APPROXIMATION;12350;191;1;1672694737816;0.0
APPROXIMATION;12351;191;1;1672694737816;0.0
APPROXIMATION;12352;191;1;1672694737816;0.0
APPROXIMATION;12346;191;2;1672694737816;0.0
APPROXIMATION;12348;191;2;1672694737816;0.0
APPROXIMATION;12345;191;2;1672694737816;0.0
APPROXIMATION;12350;191;2;1672694737816;0.0
APPROXIMATION;12349;191;2;1672694737816;0.0
APPROXIMATION;12351;191;2;1672694737816;0.0
APPROXIMATION;12352;191;2;1672694737816;0.0
APPROXIMATION;12346;191;3;1672694737816;0.0
APPROXIMATION;12350;191;3;1672694737817;0.0
APPROXIMATION;12351;191;3;1672694737817;0.0
APPROXIMATION;12349;191;3;1672694737817;0.0
APPROXIMATION;12352;191;3;1672694737817;0.0
APPROXIMATION;12348;191;3;1672694737859;0.0
APPROXIMATION;12345;191;3;1672694737860;0.0
APPROXIMATION;12346;191;4;1672694737860;0.0
APPROXIMATION;12348;191;4;1672694737860;0.0
APPROXIMATION;12345;191;4;1672694737860;0.0
APPROXIMATION;12349;191;4;1672694737860;0.0
APPROXIMATION;12352;191;4;1672694737860;0.0
APPROXIMATION;12351;191;4;1672694737860;0.0
APPROXIMATION;12350;191;4;1672694737860;0.0
APPROXIMATION;12346;191;5;1672694737860;0.0
APPROXIMATION;12348;191;5;1672694737860;0.0
APPROXIMATION;12345;191;5;1672694737860;0.0
APPROXIMATION;12349;191;5;1672694737860;0.0
APPROXIMATION;12351;191;5;1672694737860;0.0
APPROXIMATION;12350;191;5;1672694737861;0.0
APPROXIMATION;12352;191;5;1672694737861;0.0
APPROXIMATION;12346;191;6;1672694737861;0.0
APPROXIMATION;12348;191;6;1672694737861;0.0
APPROXIMATION;12345;191;6;1672694737861;0.0
APPROXIMATION;12352;191;6;1672694737861;0.0
APPROXIMATION;12351;191;6;1672694737861;0.0
APPROXIMATION;12350;191;6;1672694737861;0.0
APPROXIMATION;12346;191;7;1672694737861;0.0
APPROXIMATION;12345;191;7;1672694737909;0.0
APPROXIMATION;12352;191;7;1672694737909;0.0
APPROXIMATION;12348;191;7;1672694737909;0.0
APPROXIMATION;12350;191;7;1672694737909;0.0
APPROXIMATION;12349;191;6;1672694737909;0.0
APPROXIMATION;12351;191;7;1672694737910;0.0
APPROXIMATION;12349;191;7;1672694737910;0.0
APPROXIMATION;12345;191;8;1672694737910;0.0
APPROXIMATION;12346;191;8;1672694737910;0.0
APPROXIMATION;12348;191;8;1672694737910;0.0
APPROXIMATION;12351;191;8;1672694737910;0.0
APPROXIMATION;12350;191;8;1672694737910;0.0
APPROXIMATION;12352;191;8;1672694737910;0.0
APPROXIMATION;12349;191;8;1672694737910;0.0
APPROXIMATION;12346;191;9;1672694737910;0.0
APPROXIMATION;12345;191;9;1672694737910;0.0
APPROXIMATION;12348;191;9;1672694737910;0.0
APPROXIMATION;12352;191;9;1672694737911;0.0
APPROXIMATION;12350;191;9;1672694737911;0.0
APPROXIMATION;12351;191;9;1672694737911;0.0
APPROXIMATION;12349;191;9;1672694737911;0.0
APPROXIMATION;12345;191;10;1672694737911;0.0
APPROXIMATION;12346;191;10;1672694737911;0.0
APPROXIMATION;12348;191;10;1672694737911;0.0
APPROXIMATION;12350;191;10;1672694737911;0.0
APPROXIMATION;12351;191;10;1672694737911;0.0
APPROXIMATION;12352;191;10;1672694737911;0.0
APPROXIMATION;12349;191;10;1672694737911;0.0
APPROXIMATION;12345;191;11;1672694737912;0.0
APPROXIMATION;12346;191;11;1672694737912;0.0
APPROXIMATION;12348;191;11;1672694737912;0.0
APPROXIMATION;12351;191;11;1672694737912;0.0
APPROXIMATION;12350;191;11;1672694737912;0.0
APPROXIMATION;12352;191;11;1672694737912;0.0
APPROXIMATION;12349;191;11;1672694737912;0.0
APPROXIMATION;12346;191;12;1672694737912;0.0
APPROXIMATION;12345;191;12;1672694737912;0.0
APPROXIMATION;12348;191;12;1672694737912;0.0
APPROXIMATION;12350;191;12;1672694737912;0.0
APPROXIMATION;12351;191;12;1672694737912;0.0
APPROXIMATION;12352;191;12;1672694737912;0.0
APPROXIMATION;12349;191;12;1672694737912;0.0
APPROXIMATION;12346;191;13;1672694737912;0.0
APPROXIMATION;12345;191;13;1672694737913;0.0
APPROXIMATION;12348;191;13;1672694737913;0.0
APPROXIMATION;12350;191;13;1672694737913;0.0
APPROXIMATION;12351;191;13;1672694737913;0.0
APPROXIMATION;12352;191;13;1672694737913;0.0
APPROXIMATION;12349;191;13;1672694737913;0.0
HALTED;12346;191;14;1672694737913;0.0
HALTED;12345;191;14;1672694737913;0.0
HALTED;12348;191;14;1672694737913;0.0
HALTED;12350;191;14;1672694737913;0.0
HALTED;12351;191;14;1672694737913;0.0
HALTED;12352;191;14;1672694737913;0.0
HALTED;12349;191;14;1672694737913;0.0
INITIALIZATION;12345;192;0;1672694738014;0.0
INITIALIZATION;12346;192;0;1672694738015;0.0
INITIALIZATION;12348;192;0;1672694738015;0.0
INITIALIZATION;12350;192;0;1672694738015;0.0
INITIALIZATION;12351;192;0;1672694738016;0.0
INITIALIZATION;12352;192;0;1672694738016;0.0
INITIALIZATION;12349;192;0;1672694738016;0.0
APPROXIMATION;12345;192;1;1672694738016;0.0
APPROXIMATION;12346;192;1;1672694738017;0.0
APPROXIMATION;12348;192;1;1672694738017;0.0
APPROXIMATION;12351;192;1;1672694738018;0.0
APPROXIMATION;12350;192;1;1672694738018;0.0
APPROXIMATION;12352;192;1;1672694738018;0.0
APPROXIMATION;12345;192;2;1672694738019;0.0
APPROXIMATION;12349;192;1;1672694738019;0.0
APPROXIMATION;12346;192;2;1672694738020;0.0
APPROXIMATION;12348;192;2;1672694738020;0.0
APPROXIMATION;12350;192;2;1672694738020;0.0
APPROXIMATION;12351;192;2;1672694738020;0.0
APPROXIMATION;12349;192;2;1672694738020;0.0
APPROXIMATION;12352;192;2;1672694738020;0.0
APPROXIMATION;12345;192;3;1672694738020;0.0
APPROXIMATION;12346;192;3;1672694738020;0.0
APPROXIMATION;12348;192;3;1672694738020;0.0
APPROXIMATION;12350;192;3;1672694738020;0.0
APPROXIMATION;12351;192;3;1672694738020;0.0
APPROXIMATION;12349;192;3;1672694738020;0.0
APPROXIMATION;12352;192;3;1672694738021;0.0
APPROXIMATION;12346;192;4;1672694738021;0.0
APPROXIMATION;12345;192;4;1672694738021;0.0
APPROXIMATION;12350;192;4;1672694738021;0.0
APPROXIMATION;12351;192;4;1672694738021;0.0
APPROXIMATION;12349;192;4;1672694738021;0.0
APPROXIMATION;12352;192;4;1672694738021;0.0
APPROXIMATION;12348;192;4;1672694738021;0.0
APPROXIMATION;12346;192;5;1672694738021;0.0
APPROXIMATION;12345;192;5;1672694738021;0.0
APPROXIMATION;12349;192;5;1672694738021;0.0
APPROXIMATION;12350;192;5;1672694738021;0.0
APPROXIMATION;12351;192;5;1672694738022;0.0
APPROXIMATION;12352;192;5;1672694738022;0.0
APPROXIMATION;12348;192;5;1672694738022;0.0
APPROXIMATION;12346;192;6;1672694738022;0.0
APPROXIMATION;12345;192;6;1672694738022;0.0
APPROXIMATION;12349;192;6;1672694738022;0.0
APPROXIMATION;12350;192;6;1672694738022;0.0
APPROXIMATION;12351;192;6;1672694738022;0.0
APPROXIMATION;12352;192;6;1672694738022;0.0
APPROXIMATION;12348;192;6;1672694738022;0.0
APPROXIMATION;12346;192;7;1672694738022;0.0
APPROXIMATION;12345;192;7;1672694738022;0.0
APPROXIMATION;12349;192;7;1672694738022;0.0
APPROXIMATION;12350;192;7;1672694738022;0.0
APPROXIMATION;12351;192;7;1672694738022;0.0
APPROXIMATION;12352;192;7;1672694738023;0.0
APPROXIMATION;12348;192;7;1672694738023;0.0
APPROXIMATION;12346;192;8;1672694738023;0.0
APPROXIMATION;12345;192;8;1672694738023;0.0
APPROXIMATION;12349;192;8;1672694738023;0.0
APPROXIMATION;12350;192;8;1672694738023;0.0
APPROXIMATION;12351;192;8;1672694738023;0.0
APPROXIMATION;12352;192;8;1672694738023;0.0
APPROXIMATION;12348;192;8;1672694738023;0.0
APPROXIMATION;12346;192;9;1672694738023;0.0
APPROXIMATION;12345;192;9;1672694738023;0.0
APPROXIMATION;12349;192;9;1672694738023;0.0
APPROXIMATION;12350;192;9;1672694738023;0.0
APPROXIMATION;12351;192;9;1672694738023;0.0
APPROXIMATION;12352;192;9;1672694738023;0.0
APPROXIMATION;12348;192;9;1672694738023;0.0
APPROXIMATION;12346;192;10;1672694738024;0.0
APPROXIMATION;12345;192;10;1672694738024;0.0
APPROXIMATION;12349;192;10;1672694738024;0.0
APPROXIMATION;12350;192;10;1672694738024;0.0
APPROXIMATION;12351;192;10;1672694738024;0.0
APPROXIMATION;12352;192;10;1672694738024;0.0
APPROXIMATION;12348;192;10;1672694738024;0.0
APPROXIMATION;12346;192;11;1672694738024;0.0
APPROXIMATION;12345;192;11;1672694738024;0.0
APPROXIMATION;12349;192;11;1672694738024;0.0
APPROXIMATION;12350;192;11;1672694738024;0.0
APPROXIMATION;12351;192;11;1672694738024;0.0
APPROXIMATION;12352;192;11;1672694738024;0.0
APPROXIMATION;12348;192;11;1672694738024;0.0
APPROXIMATION;12346;192;12;1672694738024;0.0
APPROXIMATION;12345;192;12;1672694738025;0.0
APPROXIMATION;12349;192;12;1672694738025;0.0
APPROXIMATION;12350;192;12;1672694738025;0.0
APPROXIMATION;12351;192;12;1672694738025;0.0
APPROXIMATION;12352;192;12;1672694738025;0.0
APPROXIMATION;12348;192;12;1672694738025;0.0
APPROXIMATION;12346;192;13;1672694738025;0.0
APPROXIMATION;12345;192;13;1672694738025;0.0
APPROXIMATION;12349;192;13;1672694738025;0.0
APPROXIMATION;12350;192;13;1672694738025;0.0
APPROXIMATION;12351;192;13;1672694738025;0.0
APPROXIMATION;12352;192;13;1672694738025;0.0
APPROXIMATION;12348;192;13;1672694738025;0.0
HALTED;12346;192;14;1672694738025;0.0
HALTED;12349;192;14;1672694738025;0.0
HALTED;12345;192;14;1672694738026;0.0
HALTED;12350;192;14;1672694738026;0.0
HALTED;12351;192;14;1672694738026;0.0
HALTED;12348;192;14;1672694738026;0.0
HALTED;12352;192;14;1672694738026;0.0
INITIALIZATION;12345;193;0;1672694738126;0.0
INITIALIZATION;12346;193;0;1672694738127;0.0
INITIALIZATION;12348;193;0;1672694738127;0.0
INITIALIZATION;12350;193;0;1672694738127;0.0
INITIALIZATION;12349;193;0;1672694738127;0.0
INITIALIZATION;12352;193;0;1672694738127;0.0
INITIALIZATION;12351;193;0;1672694738127;0.0
APPROXIMATION;12345;193;1;1672694738127;0.0
APPROXIMATION;12346;193;1;1672694738128;0.0
APPROXIMATION;12348;193;1;1672694738128;0.0
APPROXIMATION;12349;193;1;1672694738128;0.0
APPROXIMATION;12350;193;1;1672694738128;0.0
APPROXIMATION;12351;193;1;1672694738128;0.0
APPROXIMATION;12352;193;1;1672694738128;0.0
APPROXIMATION;12345;193;2;1672694738128;0.0
APPROXIMATION;12346;193;2;1672694738128;0.0
APPROXIMATION;12348;193;2;1672694738128;0.0
APPROXIMATION;12349;193;2;1672694738128;0.0
APPROXIMATION;12352;193;2;1672694738129;0.0
APPROXIMATION;12350;193;2;1672694738129;0.0
APPROXIMATION;12351;193;2;1672694738129;0.0
APPROXIMATION;12346;193;3;1672694738129;0.0
APPROXIMATION;12345;193;3;1672694738129;0.0
APPROXIMATION;12348;193;3;1672694738129;0.0
APPROXIMATION;12349;193;3;1672694738129;0.0
APPROXIMATION;12351;193;3;1672694738129;0.0
APPROXIMATION;12350;193;3;1672694738129;0.0
APPROXIMATION;12352;193;3;1672694738129;0.0
APPROXIMATION;12346;193;4;1672694738129;0.0
APPROXIMATION;12348;193;4;1672694738129;0.0
APPROXIMATION;12345;193;4;1672694738129;0.0
APPROXIMATION;12350;193;4;1672694738129;0.0
APPROXIMATION;12351;193;4;1672694738129;0.0
APPROXIMATION;12349;193;4;1672694738129;0.0
APPROXIMATION;12352;193;4;1672694738129;0.0
APPROXIMATION;12346;193;5;1672694738130;0.0
APPROXIMATION;12348;193;5;1672694738130;0.0
APPROXIMATION;12350;193;5;1672694738130;0.0
APPROXIMATION;12351;193;5;1672694738130;0.0
APPROXIMATION;12345;193;5;1672694738130;0.0
APPROXIMATION;12352;193;5;1672694738130;0.0
APPROXIMATION;12349;193;5;1672694738130;0.0
APPROXIMATION;12346;193;6;1672694738130;0.0
APPROXIMATION;12348;193;6;1672694738130;0.0
APPROXIMATION;12350;193;6;1672694738130;0.0
APPROXIMATION;12351;193;6;1672694738130;0.0
APPROXIMATION;12352;193;6;1672694738130;0.0
APPROXIMATION;12349;193;6;1672694738130;0.0
APPROXIMATION;12345;193;6;1672694738130;0.0
APPROXIMATION;12346;193;7;1672694738131;0.0
APPROXIMATION;12348;193;7;1672694738131;0.0
APPROXIMATION;12350;193;7;1672694738131;0.0
APPROXIMATION;12351;193;7;1672694738131;0.0
APPROXIMATION;12349;193;7;1672694738131;0.0
APPROXIMATION;12352;193;7;1672694738131;0.0
APPROXIMATION;12345;193;7;1672694738131;0.0
APPROXIMATION;12346;193;8;1672694738131;0.0
APPROXIMATION;12348;193;8;1672694738131;0.0
APPROXIMATION;12350;193;8;1672694738131;0.0
APPROXIMATION;12349;193;8;1672694738131;0.0
APPROXIMATION;12351;193;8;1672694738131;0.0
APPROXIMATION;12345;193;8;1672694738131;0.0
APPROXIMATION;12352;193;8;1672694738131;0.0
APPROXIMATION;12346;193;9;1672694738132;0.0
APPROXIMATION;12348;193;9;1672694738132;0.0
APPROXIMATION;12349;193;9;1672694738132;0.0
APPROXIMATION;12350;193;9;1672694738132;0.0
APPROXIMATION;12351;193;9;1672694738132;0.0
APPROXIMATION;12352;193;9;1672694738132;0.0
APPROXIMATION;12345;193;9;1672694738132;0.0
APPROXIMATION;12346;193;10;1672694738132;0.0
APPROXIMATION;12348;193;10;1672694738132;0.0
APPROXIMATION;12349;193;10;1672694738132;0.0
APPROXIMATION;12350;193;10;1672694738132;0.0
APPROXIMATION;12351;193;10;1672694738132;0.0
APPROXIMATION;12352;193;10;1672694738132;0.0
APPROXIMATION;12345;193;10;1672694738132;0.0
APPROXIMATION;12346;193;11;1672694738133;0.0
APPROXIMATION;12348;193;11;1672694738133;0.0
APPROXIMATION;12349;193;11;1672694738133;0.0
APPROXIMATION;12350;193;11;1672694738133;0.0
APPROXIMATION;12351;193;11;1672694738133;0.0
APPROXIMATION;12352;193;11;1672694738133;0.0
APPROXIMATION;12345;193;11;1672694738133;0.0
APPROXIMATION;12346;193;12;1672694738133;0.0
APPROXIMATION;12348;193;12;1672694738133;0.0
APPROXIMATION;12349;193;12;1672694738133;0.0
APPROXIMATION;12351;193;12;1672694738133;0.0
APPROXIMATION;12350;193;12;1672694738133;0.0
APPROXIMATION;12352;193;12;1672694738134;0.0
APPROXIMATION;12345;193;12;1672694738134;0.0
APPROXIMATION;12346;193;13;1672694738134;0.0
APPROXIMATION;12348;193;13;1672694738134;0.0
APPROXIMATION;12349;193;13;1672694738134;0.0
APPROXIMATION;12350;193;13;1672694738134;0.0
APPROXIMATION;12351;193;13;1672694738134;0.0
APPROXIMATION;12352;193;13;1672694738134;0.0
APPROXIMATION;12345;193;13;1672694738134;0.0
HALTED;12346;193;14;1672694738134;0.0
HALTED;12348;193;14;1672694738134;0.0
HALTED;12349;193;14;1672694738134;0.0
HALTED;12350;193;14;1672694738134;0.0
HALTED;12351;193;14;1672694738134;0.0
HALTED;12352;193;14;1672694738134;0.0
HALTED;12345;193;14;1672694738134;0.0
INITIALIZATION;12345;194;0;1672694738235;0.0
INITIALIZATION;12346;194;0;1672694738236;0.0
INITIALIZATION;12348;194;0;1672694738236;0.0
INITIALIZATION;12351;194;0;1672694738236;0.0
INITIALIZATION;12352;194;0;1672694738236;0.0
INITIALIZATION;12350;194;0;1672694738236;0.0
APPROXIMATION;12345;194;1;1672694738236;0.0
INITIALIZATION;12349;194;0;1672694738237;0.0
APPROXIMATION;12346;194;1;1672694738237;0.0
APPROXIMATION;12348;194;1;1672694738237;0.0
APPROXIMATION;12350;194;1;1672694738237;0.0
APPROXIMATION;12349;194;1;1672694738237;0.0
APPROXIMATION;12351;194;1;1672694738238;0.0
APPROXIMATION;12352;194;1;1672694738238;0.0
APPROXIMATION;12345;194;2;1672694738238;0.0
APPROXIMATION;12346;194;2;1672694738238;0.0
APPROXIMATION;12348;194;2;1672694738238;0.0
APPROXIMATION;12349;194;2;1672694738238;0.0
APPROXIMATION;12350;194;2;1672694738238;0.0
APPROXIMATION;12352;194;2;1672694738238;0.0
APPROXIMATION;12351;194;2;1672694738238;0.0
APPROXIMATION;12346;194;3;1672694738238;0.0
APPROXIMATION;12345;194;3;1672694738238;0.0
APPROXIMATION;12348;194;3;1672694738238;0.0
APPROXIMATION;12349;194;3;1672694738238;0.0
APPROXIMATION;12350;194;3;1672694738239;0.0
APPROXIMATION;12352;194;3;1672694738239;0.0
APPROXIMATION;12351;194;3;1672694738239;0.0
APPROXIMATION;12348;194;4;1672694738239;0.0
APPROXIMATION;12345;194;4;1672694738239;0.0
APPROXIMATION;12346;194;4;1672694738239;0.0
APPROXIMATION;12349;194;4;1672694738239;0.0
APPROXIMATION;12351;194;4;1672694738239;0.0
APPROXIMATION;12352;194;4;1672694738239;0.0
APPROXIMATION;12350;194;4;1672694738239;0.0
APPROXIMATION;12346;194;5;1672694738239;0.0
APPROXIMATION;12348;194;5;1672694738239;0.0
APPROXIMATION;12345;194;5;1672694738239;0.0
APPROXIMATION;12351;194;5;1672694738239;0.0
APPROXIMATION;12349;194;5;1672694738239;0.0
APPROXIMATION;12352;194;5;1672694738239;0.0
APPROXIMATION;12350;194;5;1672694738239;0.0
APPROXIMATION;12346;194;6;1672694738240;0.0
APPROXIMATION;12348;194;6;1672694738240;0.0
APPROXIMATION;12349;194;6;1672694738240;0.0
APPROXIMATION;12352;194;6;1672694738240;0.0
APPROXIMATION;12345;194;6;1672694738240;0.0
APPROXIMATION;12351;194;6;1672694738240;0.0
APPROXIMATION;12350;194;6;1672694738240;0.0
APPROXIMATION;12346;194;7;1672694738240;0.0
APPROXIMATION;12348;194;7;1672694738240;0.0
APPROXIMATION;12349;194;7;1672694738240;0.0
APPROXIMATION;12351;194;7;1672694738240;0.0
APPROXIMATION;12352;194;7;1672694738240;0.0
APPROXIMATION;12350;194;7;1672694738240;0.0
APPROXIMATION;12345;194;7;1672694738240;0.0
APPROXIMATION;12346;194;8;1672694738240;0.0
APPROXIMATION;12348;194;8;1672694738241;0.0
APPROXIMATION;12349;194;8;1672694738241;0.0
APPROXIMATION;12350;194;8;1672694738241;0.0
APPROXIMATION;12351;194;8;1672694738241;0.0
APPROXIMATION;12352;194;8;1672694738241;0.0
APPROXIMATION;12345;194;8;1672694738241;0.0
APPROXIMATION;12346;194;9;1672694738241;0.0
APPROXIMATION;12348;194;9;1672694738241;0.0
APPROXIMATION;12349;194;9;1672694738241;0.0
APPROXIMATION;12350;194;9;1672694738241;0.0
APPROXIMATION;12351;194;9;1672694738241;0.0
APPROXIMATION;12352;194;9;1672694738241;0.0
APPROXIMATION;12345;194;9;1672694738241;0.0
APPROXIMATION;12346;194;10;1672694738241;0.0
APPROXIMATION;12348;194;10;1672694738242;0.0
APPROXIMATION;12349;194;10;1672694738242;0.0
APPROXIMATION;12350;194;10;1672694738242;0.0
APPROXIMATION;12351;194;10;1672694738242;0.0
APPROXIMATION;12352;194;10;1672694738242;0.0
APPROXIMATION;12345;194;10;1672694738242;0.0
APPROXIMATION;12346;194;11;1672694738242;0.0
APPROXIMATION;12348;194;11;1672694738242;0.0
APPROXIMATION;12349;194;11;1672694738242;0.0
APPROXIMATION;12351;194;11;1672694738242;0.0
APPROXIMATION;12352;194;11;1672694738242;0.0
APPROXIMATION;12350;194;11;1672694738242;0.0
APPROXIMATION;12345;194;11;1672694738242;0.0
APPROXIMATION;12346;194;12;1672694738242;0.0
APPROXIMATION;12348;194;12;1672694738243;0.0
APPROXIMATION;12349;194;12;1672694738243;0.0
APPROXIMATION;12351;194;12;1672694738243;0.0
APPROXIMATION;12350;194;12;1672694738243;0.0
APPROXIMATION;12352;194;12;1672694738243;0.0
APPROXIMATION;12345;194;12;1672694738243;0.0
APPROXIMATION;12346;194;13;1672694738243;0.0
APPROXIMATION;12348;194;13;1672694738243;0.0
APPROXIMATION;12349;194;13;1672694738243;0.0
APPROXIMATION;12350;194;13;1672694738243;0.0
APPROXIMATION;12351;194;13;1672694738243;0.0
APPROXIMATION;12352;194;13;1672694738243;0.0
APPROXIMATION;12345;194;13;1672694738243;0.0
HALTED;12346;194;14;1672694738243;0.0
HALTED;12348;194;14;1672694738244;0.0
HALTED;12349;194;14;1672694738244;0.0
HALTED;12351;194;14;1672694738244;0.0
HALTED;12350;194;14;1672694738244;0.0
HALTED;12352;194;14;1672694738244;0.0
HALTED;12345;194;14;1672694738244;0.0
INITIALIZATION;12345;195;0;1672694738345;0.0
INITIALIZATION;12346;195;0;1672694738345;0.0
INITIALIZATION;12350;195;0;1672694738345;0.0
INITIALIZATION;12349;195;0;1672694738345;0.0
INITIALIZATION;12348;195;0;1672694738345;0.0
INITIALIZATION;12352;195;0;1672694738345;0.0
APPROXIMATION;12345;195;1;1672694738346;0.0
INITIALIZATION;12351;195;0;1672694738346;0.0
APPROXIMATION;12346;195;1;1672694738346;0.0
APPROXIMATION;12348;195;1;1672694738346;0.0
APPROXIMATION;12349;195;1;1672694738346;0.0
APPROXIMATION;12350;195;1;1672694738346;0.0
APPROXIMATION;12352;195;1;1672694738346;0.0
APPROXIMATION;12351;195;1;1672694738346;0.0
APPROXIMATION;12345;195;2;1672694738346;0.0
APPROXIMATION;12346;195;2;1672694738347;0.0
APPROXIMATION;12348;195;2;1672694738347;0.0
APPROXIMATION;12349;195;2;1672694738347;0.0
APPROXIMATION;12350;195;2;1672694738347;0.0
APPROXIMATION;12351;195;2;1672694738347;0.0
APPROXIMATION;12352;195;2;1672694738347;0.0
APPROXIMATION;12345;195;3;1672694738347;0.0
APPROXIMATION;12346;195;3;1672694738347;0.0
APPROXIMATION;12348;195;3;1672694738347;0.0
APPROXIMATION;12349;195;3;1672694738347;0.0
APPROXIMATION;12350;195;3;1672694738347;0.0
APPROXIMATION;12352;195;3;1672694738347;0.0
APPROXIMATION;12351;195;3;1672694738347;0.0
APPROXIMATION;12345;195;4;1672694738347;0.0
APPROXIMATION;12346;195;4;1672694738348;0.0
APPROXIMATION;12348;195;4;1672694738348;0.0
APPROXIMATION;12352;195;4;1672694738348;0.0
APPROXIMATION;12349;195;4;1672694738348;0.0
APPROXIMATION;12350;195;4;1672694738348;0.0
APPROXIMATION;12351;195;4;1672694738348;0.0
APPROXIMATION;12345;195;5;1672694738348;0.0
APPROXIMATION;12346;195;5;1672694738348;0.0
APPROXIMATION;12351;195;5;1672694738348;0.0
APPROXIMATION;12349;195;5;1672694738348;0.0
APPROXIMATION;12352;195;5;1672694738348;0.0
APPROXIMATION;12350;195;5;1672694738348;0.0
APPROXIMATION;12348;195;5;1672694738348;0.0
APPROXIMATION;12346;195;6;1672694738348;0.0
APPROXIMATION;12345;195;6;1672694738348;0.0
APPROXIMATION;12350;195;6;1672694738349;0.0
APPROXIMATION;12351;195;6;1672694738349;0.0
APPROXIMATION;12352;195;6;1672694738349;0.0
APPROXIMATION;12349;195;6;1672694738349;0.0
APPROXIMATION;12348;195;6;1672694738349;0.0
APPROXIMATION;12346;195;7;1672694738349;0.0
APPROXIMATION;12345;195;7;1672694738349;0.0
APPROXIMATION;12351;195;7;1672694738349;0.0
APPROXIMATION;12350;195;7;1672694738349;0.0
APPROXIMATION;12352;195;7;1672694738349;0.0
APPROXIMATION;12348;195;7;1672694738349;0.0
APPROXIMATION;12349;195;7;1672694738349;0.0
APPROXIMATION;12346;195;8;1672694738349;0.0
APPROXIMATION;12345;195;8;1672694738349;0.0
APPROXIMATION;12351;195;8;1672694738349;0.0
APPROXIMATION;12350;195;8;1672694738349;0.0
APPROXIMATION;12352;195;8;1672694738350;0.0
APPROXIMATION;12349;195;8;1672694738350;0.0
APPROXIMATION;12348;195;8;1672694738350;0.0
APPROXIMATION;12346;195;9;1672694738350;0.0
APPROXIMATION;12345;195;9;1672694738350;0.0
APPROXIMATION;12351;195;9;1672694738350;0.0
APPROXIMATION;12350;195;9;1672694738350;0.0
APPROXIMATION;12349;195;9;1672694738350;0.0
APPROXIMATION;12352;195;9;1672694738350;0.0
APPROXIMATION;12348;195;9;1672694738350;0.0
APPROXIMATION;12346;195;10;1672694738350;0.0
APPROXIMATION;12345;195;10;1672694738350;0.0
APPROXIMATION;12350;195;10;1672694738350;0.0
APPROXIMATION;12349;195;10;1672694738350;0.0
APPROXIMATION;12351;195;10;1672694738350;0.0
APPROXIMATION;12348;195;10;1672694738351;0.0
APPROXIMATION;12352;195;10;1672694738351;0.0
APPROXIMATION;12346;195;11;1672694738351;0.0
APPROXIMATION;12345;195;11;1672694738351;0.0
APPROXIMATION;12349;195;11;1672694738351;0.0
APPROXIMATION;12348;195;11;1672694738351;0.0
APPROXIMATION;12350;195;11;1672694738351;0.0
APPROXIMATION;12352;195;11;1672694738351;0.0
APPROXIMATION;12351;195;11;1672694738351;0.0
APPROXIMATION;12346;195;12;1672694738351;0.0
APPROXIMATION;12345;195;12;1672694738351;0.0
APPROXIMATION;12349;195;12;1672694738351;0.0
APPROXIMATION;12348;195;12;1672694738351;0.0
APPROXIMATION;12351;195;12;1672694738351;0.0
APPROXIMATION;12352;195;12;1672694738351;0.0
APPROXIMATION;12350;195;12;1672694738351;0.0
APPROXIMATION;12346;195;13;1672694738351;0.0
APPROXIMATION;12345;195;13;1672694738352;0.0
APPROXIMATION;12351;195;13;1672694738352;0.0
APPROXIMATION;12349;195;13;1672694738352;0.0
APPROXIMATION;12352;195;13;1672694738352;0.0
APPROXIMATION;12350;195;13;1672694738352;0.0
APPROXIMATION;12348;195;13;1672694738352;0.0
HALTED;12346;195;14;1672694738352;0.0
HALTED;12345;195;14;1672694738352;0.0
HALTED;12349;195;14;1672694738352;0.0
HALTED;12350;195;14;1672694738352;0.0
HALTED;12351;195;14;1672694738352;0.0
HALTED;12352;195;14;1672694738352;0.0
HALTED;12348;195;14;1672694738352;0.0
INITIALIZATION;12345;196;0;1672694738453;0.0
INITIALIZATION;12348;196;0;1672694738454;0.0
INITIALIZATION;12349;196;0;1672694738454;0.0
INITIALIZATION;12350;196;0;1672694738454;0.0
INITIALIZATION;12346;196;0;1672694738454;0.0
APPROXIMATION;12345;196;1;1672694738454;0.0
INITIALIZATION;12352;196;0;1672694738454;0.0
INITIALIZATION;12351;196;0;1672694738454;0.0
APPROXIMATION;12348;196;1;1672694738455;0.0
APPROXIMATION;12349;196;1;1672694738455;0.0
APPROXIMATION;12350;196;1;1672694738455;0.0
APPROXIMATION;12346;196;1;1672694738455;0.0
APPROXIMATION;12351;196;1;1672694738455;0.0
APPROXIMATION;12352;196;1;1672694738455;0.0
APPROXIMATION;12345;196;2;1672694738455;0.0
APPROXIMATION;12346;196;2;1672694738455;0.0
APPROXIMATION;12348;196;2;1672694738455;0.0
APPROXIMATION;12349;196;2;1672694738455;0.0
APPROXIMATION;12350;196;2;1672694738455;0.0
APPROXIMATION;12351;196;2;1672694738456;0.0
APPROXIMATION;12352;196;2;1672694738456;0.0
APPROXIMATION;12345;196;3;1672694738456;0.0
APPROXIMATION;12346;196;3;1672694738456;0.0
APPROXIMATION;12350;196;3;1672694738456;0.0
APPROXIMATION;12351;196;3;1672694738456;0.0
APPROXIMATION;12348;196;3;1672694738456;0.0
APPROXIMATION;12352;196;3;1672694738456;0.0
APPROXIMATION;12349;196;3;1672694738456;0.0
APPROXIMATION;12346;196;4;1672694738456;0.0
APPROXIMATION;12345;196;4;1672694738456;0.0
APPROXIMATION;12350;196;4;1672694738456;0.0
APPROXIMATION;12351;196;4;1672694738456;0.0
APPROXIMATION;12348;196;4;1672694738456;0.0
APPROXIMATION;12352;196;4;1672694738456;0.0
APPROXIMATION;12349;196;4;1672694738457;0.0
APPROXIMATION;12346;196;5;1672694738457;0.0
APPROXIMATION;12345;196;5;1672694738457;0.0
APPROXIMATION;12351;196;5;1672694738457;0.0
APPROXIMATION;12350;196;5;1672694738457;0.0
APPROXIMATION;12352;196;5;1672694738457;0.0
APPROXIMATION;12349;196;5;1672694738457;0.0
APPROXIMATION;12348;196;5;1672694738457;0.0
APPROXIMATION;12346;196;6;1672694738457;0.0
APPROXIMATION;12345;196;6;1672694738457;0.0
APPROXIMATION;12350;196;6;1672694738457;0.0
APPROXIMATION;12351;196;6;1672694738457;0.0
APPROXIMATION;12349;196;6;1672694738457;0.0
APPROXIMATION;12352;196;6;1672694738457;0.0
APPROXIMATION;12348;196;6;1672694738458;0.0
APPROXIMATION;12346;196;7;1672694738458;0.0
APPROXIMATION;12345;196;7;1672694738458;0.0
APPROXIMATION;12350;196;7;1672694738458;0.0
APPROXIMATION;12349;196;7;1672694738458;0.0
APPROXIMATION;12351;196;7;1672694738458;0.0
APPROXIMATION;12352;196;7;1672694738458;0.0
APPROXIMATION;12348;196;7;1672694738458;0.0
APPROXIMATION;12346;196;8;1672694738458;0.0
APPROXIMATION;12345;196;8;1672694738458;0.0
APPROXIMATION;12350;196;8;1672694738458;0.0
APPROXIMATION;12349;196;8;1672694738458;0.0
APPROXIMATION;12351;196;8;1672694738458;0.0
APPROXIMATION;12352;196;8;1672694738458;0.0
APPROXIMATION;12348;196;8;1672694738458;0.0
APPROXIMATION;12346;196;9;1672694738459;0.0
APPROXIMATION;12345;196;9;1672694738459;0.0
APPROXIMATION;12350;196;9;1672694738459;0.0
APPROXIMATION;12349;196;9;1672694738459;0.0
APPROXIMATION;12351;196;9;1672694738459;0.0
APPROXIMATION;12352;196;9;1672694738459;0.0
APPROXIMATION;12348;196;9;1672694738459;0.0
APPROXIMATION;12346;196;10;1672694738459;0.0
APPROXIMATION;12345;196;10;1672694738459;0.0
APPROXIMATION;12349;196;10;1672694738459;0.0
APPROXIMATION;12350;196;10;1672694738459;0.0
APPROXIMATION;12351;196;10;1672694738459;0.0
APPROXIMATION;12352;196;10;1672694738459;0.0
APPROXIMATION;12348;196;10;1672694738459;0.0
APPROXIMATION;12346;196;11;1672694738460;0.0
APPROXIMATION;12345;196;11;1672694738460;0.0
APPROXIMATION;12349;196;11;1672694738460;0.0
APPROXIMATION;12350;196;11;1672694738460;0.0
APPROXIMATION;12351;196;11;1672694738460;0.0
APPROXIMATION;12352;196;11;1672694738460;0.0
APPROXIMATION;12348;196;11;1672694738460;0.0
APPROXIMATION;12346;196;12;1672694738460;0.0
APPROXIMATION;12345;196;12;1672694738460;0.0
APPROXIMATION;12349;196;12;1672694738460;0.0
APPROXIMATION;12350;196;12;1672694738460;0.0
APPROXIMATION;12351;196;12;1672694738460;0.0
APPROXIMATION;12352;196;12;1672694738460;0.0
APPROXIMATION;12348;196;12;1672694738460;0.0
APPROXIMATION;12346;196;13;1672694738460;0.0
APPROXIMATION;12345;196;13;1672694738461;0.0
APPROXIMATION;12349;196;13;1672694738461;0.0
APPROXIMATION;12350;196;13;1672694738461;0.0
APPROXIMATION;12351;196;13;1672694738461;0.0
APPROXIMATION;12352;196;13;1672694738461;0.0
APPROXIMATION;12348;196;13;1672694738461;0.0
HALTED;12346;196;14;1672694738461;0.0
HALTED;12345;196;14;1672694738461;0.0
HALTED;12349;196;14;1672694738461;0.0
HALTED;12350;196;14;1672694738461;0.0
HALTED;12351;196;14;1672694738461;0.0
HALTED;12352;196;14;1672694738461;0.0
HALTED;12348;196;14;1672694738461;0.0
INITIALIZATION;12345;197;0;1672694738562;0.0
INITIALIZATION;12346;197;0;1672694738562;0.0
INITIALIZATION;12348;197;0;1672694738563;0.0
INITIALIZATION;12349;197;0;1672694738563;0.0
INITIALIZATION;12351;197;0;1672694738563;0.0
INITIALIZATION;12352;197;0;1672694738563;0.0
INITIALIZATION;12350;197;0;1672694738563;0.0
APPROXIMATION;12345;197;1;1672694738563;0.0
APPROXIMATION;12346;197;1;1672694738563;0.0
APPROXIMATION;12349;197;1;1672694738564;0.0
APPROXIMATION;12352;197;1;1672694738564;0.0
APPROXIMATION;12350;197;1;1672694738564;0.0
APPROXIMATION;12351;197;1;1672694738564;0.0
APPROXIMATION;12348;197;1;1672694738564;0.0
APPROXIMATION;12345;197;2;1672694738564;0.0
APPROXIMATION;12346;197;2;1672694738564;0.0
APPROXIMATION;12350;197;2;1672694738564;0.0
APPROXIMATION;12348;197;2;1672694738564;0.0
APPROXIMATION;12349;197;2;1672694738564;0.0
APPROXIMATION;12351;197;2;1672694738564;0.0
APPROXIMATION;12352;197;2;1672694738564;0.0
APPROXIMATION;12345;197;3;1672694738564;0.0
APPROXIMATION;12346;197;3;1672694738565;0.0
APPROXIMATION;12348;197;3;1672694738565;0.0
APPROXIMATION;12349;197;3;1672694738565;0.0
APPROXIMATION;12350;197;3;1672694738565;0.0
APPROXIMATION;12345;197;4;1672694738565;0.0
APPROXIMATION;12346;197;4;1672694738565;0.0
APPROXIMATION;12351;197;3;1672694738565;0.0
APPROXIMATION;12352;197;3;1672694738565;0.0
APPROXIMATION;12348;197;4;1672694738565;0.0
APPROXIMATION;12349;197;4;1672694738565;0.0
APPROXIMATION;12350;197;4;1672694738565;0.0
APPROXIMATION;12345;197;5;1672694738565;0.0
APPROXIMATION;12351;197;4;1672694738565;0.0
APPROXIMATION;12352;197;4;1672694738565;0.0
APPROXIMATION;12346;197;5;1672694738565;0.0
APPROXIMATION;12348;197;5;1672694738566;0.0
APPROXIMATION;12349;197;5;1672694738566;0.0
APPROXIMATION;12350;197;5;1672694738566;0.0
APPROXIMATION;12351;197;5;1672694738566;0.0
APPROXIMATION;12352;197;5;1672694738566;0.0
APPROXIMATION;12345;197;6;1672694738566;0.0
APPROXIMATION;12346;197;6;1672694738566;0.0
APPROXIMATION;12348;197;6;1672694738566;0.0
APPROXIMATION;12349;197;6;1672694738566;0.0
APPROXIMATION;12350;197;6;1672694738566;0.0
APPROXIMATION;12352;197;6;1672694738566;0.0
APPROXIMATION;12351;197;6;1672694738566;0.0
APPROXIMATION;12345;197;7;1672694738566;0.0
APPROXIMATION;12346;197;7;1672694738566;0.0
APPROXIMATION;12348;197;7;1672694738566;0.0
APPROXIMATION;12349;197;7;1672694738566;0.0
APPROXIMATION;12351;197;7;1672694738566;0.0
APPROXIMATION;12350;197;7;1672694738566;0.0
APPROXIMATION;12352;197;7;1672694738566;0.0
APPROXIMATION;12346;197;8;1672694738567;0.0
APPROXIMATION;12345;197;8;1672694738567;0.0
APPROXIMATION;12348;197;8;1672694738567;0.0
APPROXIMATION;12349;197;8;1672694738567;0.0
APPROXIMATION;12351;197;8;1672694738567;0.0
APPROXIMATION;12352;197;8;1672694738567;0.0
APPROXIMATION;12350;197;8;1672694738567;0.0
APPROXIMATION;12346;197;9;1672694738567;0.0
APPROXIMATION;12348;197;9;1672694738567;0.0
APPROXIMATION;12345;197;9;1672694738567;0.0
APPROXIMATION;12349;197;9;1672694738567;0.0
APPROXIMATION;12351;197;9;1672694738567;0.0
APPROXIMATION;12352;197;9;1672694738567;0.0
APPROXIMATION;12350;197;9;1672694738567;0.0
APPROXIMATION;12346;197;10;1672694738567;0.0
APPROXIMATION;12348;197;10;1672694738568;0.0
APPROXIMATION;12349;197;10;1672694738568;0.0
APPROXIMATION;12345;197;10;1672694738568;0.0
APPROXIMATION;12352;197;10;1672694738568;0.0
APPROXIMATION;12351;197;10;1672694738568;0.0
APPROXIMATION;12350;197;10;1672694738568;0.0
APPROXIMATION;12346;197;11;1672694738568;0.0
APPROXIMATION;12348;197;11;1672694738568;0.0
APPROXIMATION;12351;197;11;1672694738568;0.0
APPROXIMATION;12349;197;11;1672694738568;0.0
APPROXIMATION;12345;197;11;1672694738568;0.0
APPROXIMATION;12352;197;11;1672694738568;0.0
APPROXIMATION;12350;197;11;1672694738568;0.0
APPROXIMATION;12346;197;12;1672694738568;0.0
APPROXIMATION;12348;197;12;1672694738568;0.0
APPROXIMATION;12349;197;12;1672694738568;0.0
APPROXIMATION;12351;197;12;1672694738568;0.0
APPROXIMATION;12352;197;12;1672694738568;0.0
APPROXIMATION;12345;197;12;1672694738569;0.0
APPROXIMATION;12350;197;12;1672694738569;0.0
APPROXIMATION;12346;197;13;1672694738569;0.0
APPROXIMATION;12348;197;13;1672694738569;0.0
APPROXIMATION;12349;197;13;1672694738569;0.0
APPROXIMATION;12351;197;13;1672694738569;0.0
APPROXIMATION;12350;197;13;1672694738569;0.0
APPROXIMATION;12345;197;13;1672694738569;0.0
APPROXIMATION;12352;197;13;1672694738569;0.0
HALTED;12346;197;14;1672694738569;0.0
HALTED;12348;197;14;1672694738569;0.0
HALTED;12349;197;14;1672694738569;0.0
HALTED;12351;197;14;1672694738569;0.0
HALTED;12350;197;14;1672694738569;0.0
HALTED;12345;197;14;1672694738569;0.0
HALTED;12352;197;14;1672694738570;0.0
INITIALIZATION;12345;198;0;1672694738670;0.0
INITIALIZATION;12346;198;0;1672694738671;0.0
INITIALIZATION;12349;198;0;1672694738671;0.0
INITIALIZATION;12350;198;0;1672694738671;0.0
INITIALIZATION;12351;198;0;1672694738671;0.0
INITIALIZATION;12348;198;0;1672694738671;0.0
INITIALIZATION;12352;198;0;1672694738671;0.0
APPROXIMATION;12345;198;1;1672694738671;0.0
APPROXIMATION;12346;198;1;1672694738671;0.0
APPROXIMATION;12349;198;1;1672694738672;0.0
APPROXIMATION;12351;198;1;1672694738672;0.0
APPROXIMATION;12350;198;1;1672694738672;0.0
APPROXIMATION;12348;198;1;1672694738672;0.0
APPROXIMATION;12352;198;1;1672694738672;0.0
APPROXIMATION;12346;198;2;1672694738672;0.0
APPROXIMATION;12348;198;2;1672694738672;0.0
APPROXIMATION;12352;198;2;1672694738672;0.0
APPROXIMATION;12349;198;2;1672694738672;0.0
APPROXIMATION;12350;198;2;1672694738672;0.0
APPROXIMATION;12351;198;2;1672694738672;0.0
APPROXIMATION;12349;198;3;1672694738719;0.0
APPROXIMATION;12346;198;3;1672694738719;0.0
APPROXIMATION;12345;198;2;1672694738719;0.0
APPROXIMATION;12348;198;3;1672694738719;0.0
APPROXIMATION;12351;198;3;1672694738719;0.0
APPROXIMATION;12352;198;3;1672694738719;0.0
APPROXIMATION;12345;198;3;1672694738719;0.0
APPROXIMATION;12350;198;3;1672694738720;0.0
APPROXIMATION;12346;198;4;1672694738720;0.0
APPROXIMATION;12345;198;4;1672694738720;0.0
APPROXIMATION;12348;198;4;1672694738720;0.0
APPROXIMATION;12349;198;4;1672694738720;0.0
APPROXIMATION;12351;198;4;1672694738720;0.0
APPROXIMATION;12352;198;4;1672694738720;0.0
APPROXIMATION;12345;198;5;1672694738720;0.0
APPROXIMATION;12350;198;4;1672694738720;0.0
APPROXIMATION;12346;198;5;1672694738720;0.0
APPROXIMATION;12348;198;5;1672694738720;0.0
APPROXIMATION;12350;198;5;1672694738721;0.0
APPROXIMATION;12351;198;5;1672694738721;0.0
APPROXIMATION;12352;198;5;1672694738721;0.0
APPROXIMATION;12349;198;5;1672694738721;0.0
APPROXIMATION;12345;198;6;1672694738721;0.0
APPROXIMATION;12346;198;6;1672694738721;0.0
APPROXIMATION;12348;198;6;1672694738721;0.0
APPROXIMATION;12350;198;6;1672694738721;0.0
APPROXIMATION;12352;198;6;1672694738721;0.0
APPROXIMATION;12351;198;6;1672694738721;0.0
APPROXIMATION;12349;198;6;1672694738721;0.0
APPROXIMATION;12345;198;7;1672694738721;0.0
APPROXIMATION;12346;198;7;1672694738721;0.0
APPROXIMATION;12348;198;7;1672694738721;0.0
APPROXIMATION;12350;198;7;1672694738722;0.0
APPROXIMATION;12351;198;7;1672694738722;0.0
APPROXIMATION;12352;198;7;1672694738722;0.0
APPROXIMATION;12349;198;7;1672694738722;0.0
APPROXIMATION;12345;198;8;1672694738722;0.0
APPROXIMATION;12346;198;8;1672694738722;0.0
APPROXIMATION;12350;198;8;1672694738722;0.0
APPROXIMATION;12348;198;8;1672694738722;0.0
APPROXIMATION;12351;198;8;1672694738722;0.0
APPROXIMATION;12352;198;8;1672694738722;0.0
APPROXIMATION;12349;198;8;1672694738722;0.0
APPROXIMATION;12346;198;9;1672694738722;0.0
APPROXIMATION;12345;198;9;1672694738722;0.0
APPROXIMATION;12348;198;9;1672694738722;0.0
APPROXIMATION;12350;198;9;1672694738722;0.0
APPROXIMATION;12351;198;9;1672694738722;0.0
APPROXIMATION;12352;198;9;1672694738722;0.0
APPROXIMATION;12349;198;9;1672694738722;0.0
APPROXIMATION;12345;198;10;1672694738723;0.0
APPROXIMATION;12346;198;10;1672694738723;0.0
APPROXIMATION;12348;198;10;1672694738723;0.0
APPROXIMATION;12352;198;10;1672694738723;0.0
APPROXIMATION;12350;198;10;1672694738723;0.0
APPROXIMATION;12351;198;10;1672694738723;0.0
APPROXIMATION;12349;198;10;1672694738723;0.0
APPROXIMATION;12345;198;11;1672694738723;0.0
APPROXIMATION;12346;198;11;1672694738723;0.0
APPROXIMATION;12351;198;11;1672694738723;0.0
APPROXIMATION;12348;198;11;1672694738723;0.0
APPROXIMATION;12350;198;11;1672694738723;0.0
APPROXIMATION;12349;198;11;1672694738723;0.0
APPROXIMATION;12352;198;11;1672694738723;0.0
APPROXIMATION;12345;198;12;1672694738723;0.0
APPROXIMATION;12346;198;12;1672694738723;0.0
APPROXIMATION;12350;198;12;1672694738724;0.0
APPROXIMATION;12351;198;12;1672694738724;0.0
APPROXIMATION;12348;198;12;1672694738724;0.0
APPROXIMATION;12349;198;12;1672694738724;0.0
APPROXIMATION;12352;198;12;1672694738724;0.0
APPROXIMATION;12345;198;13;1672694738724;0.0
APPROXIMATION;12346;198;13;1672694738724;0.0
APPROXIMATION;12350;198;13;1672694738724;0.0
APPROXIMATION;12349;198;13;1672694738724;0.0
APPROXIMATION;12351;198;13;1672694738724;0.0
APPROXIMATION;12352;198;13;1672694738724;0.0
APPROXIMATION;12348;198;13;1672694738724;0.0
HALTED;12345;198;14;1672694738724;0.0
HALTED;12346;198;14;1672694738724;0.0
HALTED;12350;198;14;1672694738724;0.0
HALTED;12349;198;14;1672694738724;0.0
HALTED;12351;198;14;1672694738725;0.0
HALTED;12352;198;14;1672694738725;0.0
HALTED;12348;198;14;1672694738725;0.0
INITIALIZATION;12345;199;0;1672694738825;0.0
INITIALIZATION;12346;199;0;1672694738826;0.0
INITIALIZATION;12348;199;0;1672694738826;0.0
INITIALIZATION;12350;199;0;1672694738826;0.0
INITIALIZATION;12349;199;0;1672694738826;0.0
INITIALIZATION;12351;199;0;1672694738827;0.0
INITIALIZATION;12352;199;0;1672694738827;0.0
APPROXIMATION;12346;199;1;1672694738827;0.0
APPROXIMATION;12345;199;1;1672694738827;0.0
APPROXIMATION;12348;199;1;1672694738828;0.0
APPROXIMATION;12350;199;1;1672694738828;0.0
APPROXIMATION;12349;199;1;1672694738828;0.0
APPROXIMATION;12351;199;1;1672694738829;0.0
APPROXIMATION;12352;199;1;1672694738829;0.0
APPROXIMATION;12346;199;2;1672694738829;0.0
APPROXIMATION;12345;199;2;1672694738829;0.0
APPROXIMATION;12348;199;2;1672694738830;0.0
APPROXIMATION;12349;199;2;1672694738830;0.0
APPROXIMATION;12350;199;2;1672694738830;0.0
APPROXIMATION;12351;199;2;1672694738830;0.0
APPROXIMATION;12352;199;2;1672694738831;0.0
APPROXIMATION;12345;199;3;1672694738831;0.0
APPROXIMATION;12346;199;3;1672694738831;0.0
APPROXIMATION;12348;199;3;1672694738831;0.0
APPROXIMATION;12352;199;3;1672694738831;0.0
APPROXIMATION;12349;199;3;1672694738831;0.0
APPROXIMATION;12351;199;3;1672694738831;0.0
APPROXIMATION;12350;199;3;1672694738831;0.0
APPROXIMATION;12345;199;4;1672694738831;0.0
APPROXIMATION;12346;199;4;1672694738831;0.0
APPROXIMATION;12349;199;4;1672694738831;0.0
APPROXIMATION;12348;199;4;1672694738832;0.0
APPROXIMATION;12350;199;4;1672694738832;0.0
APPROXIMATION;12351;199;4;1672694738832;0.0
APPROXIMATION;12352;199;4;1672694738832;0.0
APPROXIMATION;12345;199;5;1672694738832;0.0
APPROXIMATION;12346;199;5;1672694738832;0.0
APPROXIMATION;12349;199;5;1672694738832;0.0
APPROXIMATION;12350;199;5;1672694738832;0.0
APPROXIMATION;12348;199;5;1672694738832;0.0
APPROXIMATION;12351;199;5;1672694738832;0.0
APPROXIMATION;12352;199;5;1672694738832;0.0
APPROXIMATION;12345;199;6;1672694738832;0.0
APPROXIMATION;12346;199;6;1672694738832;0.0
APPROXIMATION;12349;199;6;1672694738832;0.0
APPROXIMATION;12350;199;6;1672694738832;0.0
APPROXIMATION;12351;199;6;1672694738832;0.0
APPROXIMATION;12352;199;6;1672694738832;0.0
APPROXIMATION;12348;199;6;1672694738833;0.0
APPROXIMATION;12346;199;7;1672694738833;0.0
APPROXIMATION;12349;199;7;1672694738833;0.0
APPROXIMATION;12345;199;7;1672694738833;0.0
APPROXIMATION;12350;199;7;1672694738833;0.0
APPROXIMATION;12351;199;7;1672694738833;0.0
APPROXIMATION;12352;199;7;1672694738833;0.0
APPROXIMATION;12348;199;7;1672694738833;0.0
APPROXIMATION;12346;199;8;1672694738833;0.0
APPROXIMATION;12349;199;8;1672694738833;0.0
APPROXIMATION;12345;199;8;1672694738833;0.0
APPROXIMATION;12350;199;8;1672694738833;0.0
APPROXIMATION;12351;199;8;1672694738833;0.0
APPROXIMATION;12352;199;8;1672694738833;0.0
APPROXIMATION;12348;199;8;1672694738833;0.0
APPROXIMATION;12346;199;9;1672694738834;0.0
APPROXIMATION;12349;199;9;1672694738834;0.0
APPROXIMATION;12350;199;9;1672694738834;0.0
APPROXIMATION;12351;199;9;1672694738834;0.0
APPROXIMATION;12345;199;9;1672694738834;0.0
APPROXIMATION;12352;199;9;1672694738834;0.0
APPROXIMATION;12348;199;9;1672694738834;0.0
APPROXIMATION;12346;199;10;1672694738834;0.0
APPROXIMATION;12345;199;10;1672694738834;0.0
APPROXIMATION;12350;199;10;1672694738834;0.0
APPROXIMATION;12349;199;10;1672694738834;0.0
APPROXIMATION;12351;199;10;1672694738834;0.0
APPROXIMATION;12352;199;10;1672694738834;0.0
APPROXIMATION;12348;199;10;1672694738834;0.0
APPROXIMATION;12346;199;11;1672694738834;0.0
APPROXIMATION;12349;199;11;1672694738835;0.0
APPROXIMATION;12345;199;11;1672694738835;0.0
APPROXIMATION;12350;199;11;1672694738835;0.0
APPROXIMATION;12351;199;11;1672694738835;0.0
APPROXIMATION;12352;199;11;1672694738835;0.0
APPROXIMATION;12348;199;11;1672694738835;0.0
APPROXIMATION;12346;199;12;1672694738835;0.0
APPROXIMATION;12349;199;12;1672694738835;0.0
APPROXIMATION;12345;199;12;1672694738835;0.0
APPROXIMATION;12350;199;12;1672694738835;0.0
APPROXIMATION;12351;199;12;1672694738835;0.0
APPROXIMATION;12352;199;12;1672694738835;0.0
APPROXIMATION;12348;199;12;1672694738835;0.0
APPROXIMATION;12346;199;13;1672694738835;0.0
APPROXIMATION;12349;199;13;1672694738835;0.0
APPROXIMATION;12350;199;13;1672694738835;0.0
APPROXIMATION;12351;199;13;1672694738835;0.0
APPROXIMATION;12345;199;13;1672694738835;0.0
APPROXIMATION;12352;199;13;1672694738836;0.0
APPROXIMATION;12348;199;13;1672694738836;0.0
HALTED;12346;199;14;1672694738836;0.0
HALTED;12349;199;14;1672694738836;0.0
HALTED;12350;199;14;1672694738836;0.0
HALTED;12351;199;14;1672694738836;0.0
HALTED;12352;199;14;1672694738836;0.0
HALTED;12345;199;14;1672694738836;0.0
HALTED;12348;199;14;1672694738836;0.0
INITIALIZATION;12345;200;0;1672694738937;0.0
INITIALIZATION;12346;200;0;1672694738937;0.0
INITIALIZATION;12349;200;0;1672694738938;0.0
INITIALIZATION;12348;200;0;1672694738938;0.0
INITIALIZATION;12351;200;0;1672694738938;0.0
INITIALIZATION;12352;200;0;1672694738938;0.0
INITIALIZATION;12350;200;0;1672694738938;0.0
APPROXIMATION;12345;200;1;1672694738938;0.0
APPROXIMATION;12346;200;1;1672694738938;0.0
APPROXIMATION;12348;200;1;1672694738938;0.0
APPROXIMATION;12349;200;1;1672694738938;0.0
APPROXIMATION;12351;200;1;1672694738938;0.0
APPROXIMATION;12352;200;1;1672694738938;0.0
APPROXIMATION;12350;200;1;1672694738938;0.0
APPROXIMATION;12345;200;2;1672694738938;0.0
APPROXIMATION;12346;200;2;1672694738938;0.0
APPROXIMATION;12348;200;2;1672694738939;0.0
APPROXIMATION;12351;200;2;1672694738939;0.0
APPROXIMATION;12350;200;2;1672694738939;0.0
APPROXIMATION;12349;200;2;1672694738939;0.0
APPROXIMATION;12352;200;2;1672694738939;0.0
APPROXIMATION;12345;200;3;1672694738939;0.0
APPROXIMATION;12346;200;3;1672694738939;0.0
APPROXIMATION;12348;200;3;1672694738939;0.0
APPROXIMATION;12349;200;3;1672694738939;0.0
APPROXIMATION;12350;200;3;1672694738939;0.0
APPROXIMATION;12345;200;4;1672694738939;0.0
APPROXIMATION;12351;200;3;1672694738939;0.0
APPROXIMATION;12352;200;3;1672694738939;0.0
APPROXIMATION;12346;200;4;1672694738940;0.0
APPROXIMATION;12348;200;4;1672694738940;0.0
APPROXIMATION;12349;200;4;1672694738940;0.0
APPROXIMATION;12350;200;4;1672694738940;0.0
APPROXIMATION;12345;200;5;1672694738940;0.0
APPROXIMATION;12351;200;4;1672694738940;0.0
APPROXIMATION;12352;200;4;1672694738940;0.0
APPROXIMATION;12346;200;5;1672694738940;0.0
APPROXIMATION;12348;200;5;1672694738940;0.0
APPROXIMATION;12349;200;5;1672694738940;0.0
APPROXIMATION;12350;200;5;1672694738940;0.0
APPROXIMATION;12351;200;5;1672694738940;0.0
APPROXIMATION;12352;200;5;1672694738940;0.0
APPROXIMATION;12345;200;6;1672694738940;0.0
APPROXIMATION;12346;200;6;1672694738940;0.0
APPROXIMATION;12348;200;6;1672694738941;0.0
APPROXIMATION;12350;200;6;1672694738941;0.0
APPROXIMATION;12351;200;6;1672694738941;0.0
APPROXIMATION;12352;200;6;1672694738941;0.0
APPROXIMATION;12349;200;6;1672694738941;0.0
APPROXIMATION;12345;200;7;1672694738941;0.0
APPROXIMATION;12348;200;7;1672694738941;0.0
APPROXIMATION;12346;200;7;1672694738941;0.0
APPROXIMATION;12350;200;7;1672694738941;0.0
APPROXIMATION;12351;200;7;1672694738941;0.0
APPROXIMATION;12352;200;7;1672694738941;0.0
APPROXIMATION;12349;200;7;1672694738941;0.0
APPROXIMATION;12345;200;8;1672694738941;0.0
APPROXIMATION;12346;200;8;1672694738941;0.0
APPROXIMATION;12348;200;8;1672694738941;0.0
APPROXIMATION;12350;200;8;1672694738941;0.0
APPROXIMATION;12351;200;8;1672694738941;0.0
APPROXIMATION;12352;200;8;1672694738942;0.0
APPROXIMATION;12349;200;8;1672694738942;0.0
APPROXIMATION;12345;200;9;1672694738942;0.0
APPROXIMATION;12346;200;9;1672694738942;0.0
APPROXIMATION;12348;200;9;1672694738942;0.0
APPROXIMATION;12351;200;9;1672694738942;0.0
APPROXIMATION;12350;200;9;1672694738942;0.0
APPROXIMATION;12352;200;9;1672694738942;0.0
APPROXIMATION;12349;200;9;1672694738942;0.0
APPROXIMATION;12346;200;10;1672694738942;0.0
APPROXIMATION;12348;200;10;1672694738942;0.0
APPROXIMATION;12345;200;10;1672694738942;0.0
APPROXIMATION;12351;200;10;1672694738942;0.0
APPROXIMATION;12350;200;10;1672694738942;0.0
APPROXIMATION;12352;200;10;1672694738942;0.0
APPROXIMATION;12349;200;10;1672694738942;0.0
APPROXIMATION;12346;200;11;1672694738943;0.0
APPROXIMATION;12348;200;11;1672694738943;0.0
APPROXIMATION;12345;200;11;1672694738943;0.0
APPROXIMATION;12351;200;11;1672694738943;0.0
APPROXIMATION;12350;200;11;1672694738943;0.0
APPROXIMATION;12352;200;11;1672694738943;0.0
APPROXIMATION;12349;200;11;1672694738943;0.0
APPROXIMATION;12346;200;12;1672694738943;0.0
APPROXIMATION;12348;200;12;1672694738943;0.0
APPROXIMATION;12351;200;12;1672694738943;0.0
APPROXIMATION;12350;200;12;1672694738943;0.0
APPROXIMATION;12352;200;12;1672694738943;0.0
APPROXIMATION;12345;200;12;1672694738943;0.0
APPROXIMATION;12349;200;12;1672694738943;0.0
APPROXIMATION;12346;200;13;1672694738943;0.0
APPROXIMATION;12348;200;13;1672694738943;0.0
APPROXIMATION;12350;200;13;1672694738944;0.0
APPROXIMATION;12351;200;13;1672694738944;0.0
APPROXIMATION;12352;200;13;1672694738944;0.0
APPROXIMATION;12349;200;13;1672694738944;0.0
APPROXIMATION;12345;200;13;1672694738944;0.0
HALTED;12346;200;14;1672694738944;0.0
HALTED;12348;200;14;1672694738944;0.0
HALTED;12350;200;14;1672694738944;0.0
HALTED;12349;200;14;1672694738944;0.0
HALTED;12351;200;14;1672694738944;0.0
HALTED;12345;200;14;1672694738944;0.0
HALTED;12352;200;14;1672694738944;0.0
INITIALIZATION;12345;201;0;1672694739045;0.0
INITIALIZATION;12346;201;0;1672694739046;0.0
INITIALIZATION;12349;201;0;1672694739046;0.0
INITIALIZATION;12350;201;0;1672694739046;0.0
INITIALIZATION;12348;201;0;1672694739046;0.0
INITIALIZATION;12352;201;0;1672694739046;0.0
INITIALIZATION;12351;201;0;1672694739046;0.0
APPROXIMATION;12345;201;1;1672694739046;0.0
APPROXIMATION;12346;201;1;1672694739046;0.0
APPROXIMATION;12348;201;1;1672694739046;0.0
APPROXIMATION;12349;201;1;1672694739046;0.0
APPROXIMATION;12350;201;1;1672694739046;0.0
APPROXIMATION;12352;201;1;1672694739046;0.0
APPROXIMATION;12351;201;1;1672694739046;0.0
APPROXIMATION;12345;201;2;1672694739047;0.0
APPROXIMATION;12346;201;2;1672694739047;0.0
APPROXIMATION;12348;201;2;1672694739047;0.0
APPROXIMATION;12350;201;2;1672694739047;0.0
APPROXIMATION;12349;201;2;1672694739047;0.0
APPROXIMATION;12352;201;2;1672694739047;0.0
APPROXIMATION;12351;201;2;1672694739048;0.0
APPROXIMATION;12348;201;3;1672694739048;0.0
APPROXIMATION;12349;201;3;1672694739048;0.0
APPROXIMATION;12350;201;3;1672694739048;0.0
APPROXIMATION;12351;201;3;1672694739048;0.0
APPROXIMATION;12352;201;3;1672694739048;0.0
APPROXIMATION;12346;201;3;1672694739090;0.0
APPROXIMATION;12345;201;3;1672694739090;0.0
APPROXIMATION;12348;201;4;1672694739090;0.0
APPROXIMATION;12349;201;4;1672694739090;0.0
APPROXIMATION;12346;201;4;1672694739090;0.0
APPROXIMATION;12350;201;4;1672694739090;0.0
APPROXIMATION;12345;201;4;1672694739090;0.0
APPROXIMATION;12351;201;4;1672694739090;0.0
APPROXIMATION;12352;201;4;1672694739090;0.0
APPROXIMATION;12346;201;5;1672694739090;0.0
APPROXIMATION;12345;201;5;1672694739090;0.0
APPROXIMATION;12348;201;5;1672694739090;0.0
APPROXIMATION;12349;201;5;1672694739091;0.0
APPROXIMATION;12350;201;5;1672694739091;0.0
APPROXIMATION;12351;201;5;1672694739091;0.0
APPROXIMATION;12352;201;5;1672694739091;0.0
APPROXIMATION;12346;201;6;1672694739091;0.0
APPROXIMATION;12345;201;6;1672694739091;0.0
APPROXIMATION;12349;201;6;1672694739091;0.0
APPROXIMATION;12350;201;6;1672694739091;0.0
APPROXIMATION;12351;201;6;1672694739091;0.0
APPROXIMATION;12352;201;6;1672694739091;0.0
APPROXIMATION;12345;201;7;1672694739139;0.0
APPROXIMATION;12349;201;7;1672694739139;0.0
APPROXIMATION;12346;201;7;1672694739139;0.0
APPROXIMATION;12352;201;7;1672694739139;0.0
APPROXIMATION;12350;201;7;1672694739139;0.0
APPROXIMATION;12348;201;6;1672694739139;0.0
APPROXIMATION;12351;201;7;1672694739139;0.0
APPROXIMATION;12348;201;7;1672694739140;0.0
APPROXIMATION;12345;201;8;1672694739140;0.0
APPROXIMATION;12346;201;8;1672694739140;0.0
APPROXIMATION;12349;201;8;1672694739140;0.0
APPROXIMATION;12350;201;8;1672694739140;0.0
APPROXIMATION;12345;201;9;1672694739141;0.0
APPROXIMATION;12351;201;8;1672694739141;0.0
APPROXIMATION;12348;201;8;1672694739141;0.0
APPROXIMATION;12352;201;8;1672694739141;0.0
APPROXIMATION;12346;201;9;1672694739141;0.0
APPROXIMATION;12349;201;9;1672694739141;0.0
APPROXIMATION;12350;201;9;1672694739141;0.0
APPROXIMATION;12348;201;9;1672694739141;0.0
APPROXIMATION;12351;201;9;1672694739141;0.0
APPROXIMATION;12352;201;9;1672694739141;0.0
APPROXIMATION;12345;201;10;1672694739142;0.0
APPROXIMATION;12346;201;10;1672694739142;0.0
APPROXIMATION;12348;201;10;1672694739142;0.0
APPROXIMATION;12349;201;10;1672694739142;0.0
APPROXIMATION;12350;201;10;1672694739142;0.0
APPROXIMATION;12352;201;10;1672694739142;0.0
APPROXIMATION;12351;201;10;1672694739142;0.0
APPROXIMATION;12346;201;11;1672694739143;0.0
APPROXIMATION;12345;201;11;1672694739143;0.0
APPROXIMATION;12348;201;11;1672694739143;0.0
APPROXIMATION;12349;201;11;1672694739143;0.0
APPROXIMATION;12352;201;11;1672694739143;0.0
APPROXIMATION;12350;201;11;1672694739143;0.0
APPROXIMATION;12351;201;11;1672694739143;0.0
APPROXIMATION;12346;201;12;1672694739143;0.0
APPROXIMATION;12345;201;12;1672694739143;0.0
APPROXIMATION;12351;201;12;1672694739143;0.0
APPROXIMATION;12349;201;12;1672694739143;0.0
APPROXIMATION;12350;201;12;1672694739143;0.0
APPROXIMATION;12348;201;12;1672694739143;0.0
APPROXIMATION;12352;201;12;1672694739143;0.0
APPROXIMATION;12346;201;13;1672694739143;0.0
APPROXIMATION;12348;201;13;1672694739144;0.0
APPROXIMATION;12345;201;13;1672694739144;0.0
APPROXIMATION;12349;201;13;1672694739144;0.0
APPROXIMATION;12350;201;13;1672694739144;0.0
APPROXIMATION;12352;201;13;1672694739144;0.0
APPROXIMATION;12351;201;13;1672694739144;0.0
HALTED;12346;201;14;1672694739144;0.0
HALTED;12348;201;14;1672694739144;0.0
HALTED;12345;201;14;1672694739144;0.0
HALTED;12349;201;14;1672694739144;0.0
HALTED;12352;201;14;1672694739144;0.0
HALTED;12350;201;14;1672694739144;0.0
HALTED;12351;201;14;1672694739144;0.0
INITIALIZATION;12345;202;0;1672694739245;0.0
INITIALIZATION;12346;202;0;1672694739246;0.0
INITIALIZATION;12348;202;0;1672694739246;0.0
INITIALIZATION;12351;202;0;1672694739246;0.0
INITIALIZATION;12350;202;0;1672694739246;0.0
INITIALIZATION;12352;202;0;1672694739246;0.0
INITIALIZATION;12349;202;0;1672694739246;0.0
APPROXIMATION;12345;202;1;1672694739246;0.0
APPROXIMATION;12346;202;1;1672694739246;0.0
APPROXIMATION;12348;202;1;1672694739246;0.0
APPROXIMATION;12350;202;1;1672694739247;0.0
APPROXIMATION;12349;202;1;1672694739247;0.0
APPROXIMATION;12352;202;1;1672694739247;0.0
APPROXIMATION;12351;202;1;1672694739247;0.0
APPROXIMATION;12345;202;2;1672694739247;0.0
APPROXIMATION;12346;202;2;1672694739247;0.0
APPROXIMATION;12348;202;2;1672694739247;0.0
APPROXIMATION;12349;202;2;1672694739247;0.0
APPROXIMATION;12350;202;2;1672694739247;0.0
APPROXIMATION;12351;202;2;1672694739248;0.0
APPROXIMATION;12352;202;2;1672694739248;0.0
APPROXIMATION;12346;202;3;1672694739248;0.0
APPROXIMATION;12348;202;3;1672694739248;0.0
APPROXIMATION;12349;202;3;1672694739248;0.0
APPROXIMATION;12351;202;3;1672694739248;0.0
APPROXIMATION;12345;202;3;1672694739290;0.0
APPROXIMATION;12352;202;3;1672694739290;0.0
APPROXIMATION;12350;202;3;1672694739290;0.0
APPROXIMATION;12346;202;4;1672694739290;0.0
APPROXIMATION;12345;202;4;1672694739290;0.0
APPROXIMATION;12348;202;4;1672694739290;0.0
APPROXIMATION;12349;202;4;1672694739290;0.0
APPROXIMATION;12351;202;4;1672694739290;0.0
APPROXIMATION;12352;202;4;1672694739291;0.0
APPROXIMATION;12349;202;5;1672694739291;0.0
APPROXIMATION;12350;202;4;1672694739291;0.0
APPROXIMATION;12348;202;5;1672694739291;0.0
APPROXIMATION;12351;202;5;1672694739291;0.0
APPROXIMATION;12345;202;5;1672694739291;0.0
APPROXIMATION;12350;202;5;1672694739291;0.0
APPROXIMATION;12346;202;5;1672694739291;0.0
APPROXIMATION;12352;202;5;1672694739291;0.0
APPROXIMATION;12346;202;6;1672694739291;0.0
APPROXIMATION;12345;202;6;1672694739291;0.0
APPROXIMATION;12348;202;6;1672694739292;0.0
APPROXIMATION;12349;202;6;1672694739292;0.0
APPROXIMATION;12350;202;6;1672694739292;0.0
APPROXIMATION;12351;202;6;1672694739292;0.0
APPROXIMATION;12352;202;6;1672694739292;0.0
APPROXIMATION;12345;202;7;1672694739292;0.0
APPROXIMATION;12346;202;7;1672694739292;0.0
APPROXIMATION;12348;202;7;1672694739292;0.0
APPROXIMATION;12349;202;7;1672694739292;0.0
APPROXIMATION;12352;202;7;1672694739292;0.0
APPROXIMATION;12351;202;7;1672694739292;0.0
APPROXIMATION;12350;202;7;1672694739292;0.0
APPROXIMATION;12345;202;8;1672694739292;0.0
APPROXIMATION;12346;202;8;1672694739292;0.0
APPROXIMATION;12349;202;8;1672694739292;0.0
APPROXIMATION;12348;202;8;1672694739292;0.0
APPROXIMATION;12351;202;8;1672694739293;0.0
APPROXIMATION;12350;202;8;1672694739293;0.0
APPROXIMATION;12352;202;8;1672694739293;0.0
APPROXIMATION;12345;202;9;1672694739293;0.0
APPROXIMATION;12346;202;9;1672694739293;0.0
APPROXIMATION;12349;202;9;1672694739293;0.0
APPROXIMATION;12348;202;9;1672694739293;0.0
APPROXIMATION;12350;202;9;1672694739293;0.0
APPROXIMATION;12351;202;9;1672694739293;0.0
APPROXIMATION;12352;202;9;1672694739293;0.0
APPROXIMATION;12345;202;10;1672694739293;0.0
APPROXIMATION;12346;202;10;1672694739293;0.0
APPROXIMATION;12349;202;10;1672694739293;0.0
APPROXIMATION;12348;202;10;1672694739293;0.0
APPROXIMATION;12352;202;10;1672694739293;0.0
APPROXIMATION;12350;202;10;1672694739293;0.0
APPROXIMATION;12351;202;10;1672694739293;0.0
APPROXIMATION;12345;202;11;1672694739293;0.0
APPROXIMATION;12346;202;11;1672694739294;0.0
APPROXIMATION;12348;202;11;1672694739294;0.0
APPROXIMATION;12352;202;11;1672694739294;0.0
APPROXIMATION;12351;202;11;1672694739294;0.0
APPROXIMATION;12349;202;11;1672694739294;0.0
APPROXIMATION;12350;202;11;1672694739294;0.0
APPROXIMATION;12345;202;12;1672694739294;0.0
APPROXIMATION;12348;202;12;1672694739294;0.0
APPROXIMATION;12351;202;12;1672694739294;0.0
APPROXIMATION;12350;202;12;1672694739294;0.0
APPROXIMATION;12346;202;12;1672694739294;0.0
APPROXIMATION;12349;202;12;1672694739294;0.0
APPROXIMATION;12352;202;12;1672694739294;0.0
APPROXIMATION;12345;202;13;1672694739294;0.0
APPROXIMATION;12348;202;13;1672694739294;0.0
APPROXIMATION;12350;202;13;1672694739294;0.0
APPROXIMATION;12346;202;13;1672694739294;0.0
APPROXIMATION;12352;202;13;1672694739294;0.0
APPROXIMATION;12349;202;13;1672694739294;0.0
APPROXIMATION;12351;202;13;1672694739294;0.0
HALTED;12345;202;14;1672694739295;0.0
HALTED;12348;202;14;1672694739295;0.0
HALTED;12346;202;14;1672694739295;0.0
HALTED;12352;202;14;1672694739295;0.0
HALTED;12350;202;14;1672694739295;0.0
HALTED;12351;202;14;1672694739295;0.0
HALTED;12349;202;14;1672694739295;0.0
INITIALIZATION;12345;203;0;1672694739395;0.0
INITIALIZATION;12346;203;0;1672694739396;0.0
INITIALIZATION;12348;203;0;1672694739396;0.0
INITIALIZATION;12351;203;0;1672694739396;0.0
INITIALIZATION;12350;203;0;1672694739396;0.0
INITIALIZATION;12352;203;0;1672694739396;0.0
INITIALIZATION;12349;203;0;1672694739396;0.0
APPROXIMATION;12345;203;1;1672694739397;0.0
APPROXIMATION;12346;203;1;1672694739397;0.0
APPROXIMATION;12348;203;1;1672694739397;0.0
APPROXIMATION;12349;203;1;1672694739397;0.0
APPROXIMATION;12350;203;1;1672694739397;0.0
APPROXIMATION;12351;203;1;1672694739397;0.0
APPROXIMATION;12352;203;1;1672694739397;0.0
APPROXIMATION;12346;203;2;1672694739397;0.0
APPROXIMATION;12345;203;2;1672694739397;0.0
APPROXIMATION;12348;203;2;1672694739398;0.0
APPROXIMATION;12349;203;2;1672694739398;0.0
APPROXIMATION;12351;203;2;1672694739398;0.0
APPROXIMATION;12350;203;2;1672694739398;0.0
APPROXIMATION;12352;203;2;1672694739398;0.0
APPROXIMATION;12346;203;3;1672694739398;0.0
APPROXIMATION;12345;203;3;1672694739398;0.0
APPROXIMATION;12348;203;3;1672694739398;0.0
APPROXIMATION;12349;203;3;1672694739398;0.0
APPROXIMATION;12350;203;3;1672694739398;0.0
APPROXIMATION;12351;203;3;1672694739398;0.0
APPROXIMATION;12352;203;3;1672694739398;0.0
APPROXIMATION;12346;203;4;1672694739399;0.0
APPROXIMATION;12345;203;4;1672694739399;0.0
APPROXIMATION;12349;203;4;1672694739399;0.0
APPROXIMATION;12348;203;4;1672694739399;0.0
APPROXIMATION;12350;203;4;1672694739399;0.0
APPROXIMATION;12351;203;4;1672694739399;0.0
APPROXIMATION;12352;203;4;1672694739399;0.0
APPROXIMATION;12346;203;5;1672694739399;0.0
APPROXIMATION;12345;203;5;1672694739399;0.0
APPROXIMATION;12349;203;5;1672694739399;0.0
APPROXIMATION;12350;203;5;1672694739399;0.0
APPROXIMATION;12351;203;5;1672694739399;0.0
APPROXIMATION;12348;203;5;1672694739399;0.0
APPROXIMATION;12352;203;5;1672694739399;0.0
APPROXIMATION;12346;203;6;1672694739399;0.0
APPROXIMATION;12349;203;6;1672694739400;0.0
APPROXIMATION;12350;203;6;1672694739400;0.0
APPROXIMATION;12345;203;6;1672694739400;0.0
APPROXIMATION;12348;203;6;1672694739400;0.0
APPROXIMATION;12352;203;6;1672694739400;0.0
APPROXIMATION;12351;203;6;1672694739400;0.0
APPROXIMATION;12346;203;7;1672694739400;0.0
APPROXIMATION;12349;203;7;1672694739400;0.0
APPROXIMATION;12350;203;7;1672694739400;0.0
APPROXIMATION;12351;203;7;1672694739400;0.0
APPROXIMATION;12352;203;7;1672694739400;0.0
APPROXIMATION;12345;203;7;1672694739400;0.0
APPROXIMATION;12348;203;7;1672694739400;0.0
APPROXIMATION;12346;203;8;1672694739400;0.0
APPROXIMATION;12349;203;8;1672694739400;0.0
APPROXIMATION;12350;203;8;1672694739401;0.0
APPROXIMATION;12351;203;8;1672694739401;0.0
APPROXIMATION;12345;203;8;1672694739401;0.0
APPROXIMATION;12352;203;8;1672694739401;0.0
APPROXIMATION;12348;203;8;1672694739401;0.0
APPROXIMATION;12346;203;9;1672694739401;0.0
APPROXIMATION;12349;203;9;1672694739401;0.0
APPROXIMATION;12350;203;9;1672694739401;0.0
APPROXIMATION;12351;203;9;1672694739401;0.0
APPROXIMATION;12345;203;9;1672694739401;0.0
APPROXIMATION;12352;203;9;1672694739401;0.0
APPROXIMATION;12348;203;9;1672694739401;0.0
APPROXIMATION;12346;203;10;1672694739401;0.0
APPROXIMATION;12349;203;10;1672694739401;0.0
APPROXIMATION;12350;203;10;1672694739402;0.0
APPROXIMATION;12351;203;10;1672694739402;0.0
APPROXIMATION;12348;203;10;1672694739402;0.0
APPROXIMATION;12352;203;10;1672694739402;0.0
APPROXIMATION;12345;203;10;1672694739402;0.0
APPROXIMATION;12346;203;11;1672694739402;0.0
APPROXIMATION;12349;203;11;1672694739402;0.0
APPROXIMATION;12350;203;11;1672694739402;0.0
APPROXIMATION;12351;203;11;1672694739402;0.0
APPROXIMATION;12348;203;11;1672694739402;0.0
APPROXIMATION;12352;203;11;1672694739402;0.0
APPROXIMATION;12345;203;11;1672694739402;0.0
APPROXIMATION;12346;203;12;1672694739402;0.0
APPROXIMATION;12349;203;12;1672694739402;0.0
APPROXIMATION;12348;203;12;1672694739402;0.0
APPROXIMATION;12350;203;12;1672694739402;0.0
APPROXIMATION;12351;203;12;1672694739402;0.0
APPROXIMATION;12345;203;12;1672694739403;0.0
APPROXIMATION;12352;203;12;1672694739403;0.0
APPROXIMATION;12346;203;13;1672694739403;0.0
APPROXIMATION;12349;203;13;1672694739403;0.0
APPROXIMATION;12348;203;13;1672694739403;0.0
APPROXIMATION;12350;203;13;1672694739403;0.0
APPROXIMATION;12351;203;13;1672694739403;0.0
APPROXIMATION;12352;203;13;1672694739403;0.0
APPROXIMATION;12345;203;13;1672694739403;0.0
HALTED;12346;203;14;1672694739403;0.0
HALTED;12348;203;14;1672694739403;0.0
HALTED;12349;203;14;1672694739403;0.0
HALTED;12350;203;14;1672694739403;0.0
HALTED;12351;203;14;1672694739403;0.0
HALTED;12352;203;14;1672694739403;0.0
HALTED;12345;203;14;1672694739404;0.0
INITIALIZATION;12345;204;0;1672694739504;0.0
INITIALIZATION;12346;204;0;1672694739505;0.0
INITIALIZATION;12348;204;0;1672694739505;0.0
INITIALIZATION;12350;204;0;1672694739505;0.0
INITIALIZATION;12351;204;0;1672694739505;0.0
INITIALIZATION;12349;204;0;1672694739505;0.0
INITIALIZATION;12352;204;0;1672694739506;0.0
APPROXIMATION;12345;204;1;1672694739506;0.0
APPROXIMATION;12346;204;1;1672694739506;0.0
APPROXIMATION;12348;204;1;1672694739506;0.0
APPROXIMATION;12349;204;1;1672694739506;0.0
APPROXIMATION;12350;204;1;1672694739506;0.0
APPROXIMATION;12351;204;1;1672694739506;0.0
APPROXIMATION;12345;204;2;1672694739506;0.0
APPROXIMATION;12352;204;1;1672694739506;0.0
APPROXIMATION;12346;204;2;1672694739507;0.0
APPROXIMATION;12349;204;2;1672694739507;0.0
APPROXIMATION;12350;204;2;1672694739507;0.0
APPROXIMATION;12351;204;2;1672694739507;0.0
APPROXIMATION;12348;204;2;1672694739507;0.0
APPROXIMATION;12352;204;2;1672694739507;0.0
APPROXIMATION;12346;204;3;1672694739507;0.0
APPROXIMATION;12349;204;3;1672694739507;0.0
APPROXIMATION;12351;204;3;1672694739507;0.0
APPROXIMATION;12350;204;3;1672694739507;0.0
APPROXIMATION;12348;204;3;1672694739507;0.0
APPROXIMATION;12352;204;3;1672694739550;0.0
APPROXIMATION;12345;204;3;1672694739550;0.0
APPROXIMATION;12346;204;4;1672694739550;0.0
APPROXIMATION;12348;204;4;1672694739550;0.0
APPROXIMATION;12349;204;4;1672694739550;0.0
APPROXIMATION;12350;204;4;1672694739550;0.0
APPROXIMATION;12351;204;4;1672694739550;0.0
APPROXIMATION;12345;204;4;1672694739550;0.0
APPROXIMATION;12352;204;4;1672694739550;0.0
APPROXIMATION;12346;204;5;1672694739550;0.0
APPROXIMATION;12348;204;5;1672694739550;0.0
APPROXIMATION;12350;204;5;1672694739550;0.0
APPROXIMATION;12349;204;5;1672694739550;0.0
APPROXIMATION;12345;204;5;1672694739551;0.0
APPROXIMATION;12352;204;5;1672694739551;0.0
APPROXIMATION;12351;204;5;1672694739551;0.0
APPROXIMATION;12346;204;6;1672694739551;0.0
APPROXIMATION;12348;204;6;1672694739551;0.0
APPROXIMATION;12345;204;6;1672694739551;0.0
APPROXIMATION;12352;204;6;1672694739551;0.0
APPROXIMATION;12350;204;6;1672694739551;0.0
APPROXIMATION;12349;204;6;1672694739551;0.0
APPROXIMATION;12351;204;6;1672694739551;0.0
APPROXIMATION;12346;204;7;1672694739551;0.0
APPROXIMATION;12348;204;7;1672694739551;0.0
APPROXIMATION;12345;204;7;1672694739551;0.0
APPROXIMATION;12350;204;7;1672694739551;0.0
APPROXIMATION;12351;204;7;1672694739551;0.0
APPROXIMATION;12352;204;7;1672694739552;0.0
APPROXIMATION;12346;204;8;1672694739552;0.0
APPROXIMATION;12349;204;7;1672694739552;0.0
APPROXIMATION;12345;204;8;1672694739552;0.0
APPROXIMATION;12348;204;8;1672694739552;0.0
APPROXIMATION;12349;204;8;1672694739552;0.0
APPROXIMATION;12346;204;9;1672694739552;0.0
APPROXIMATION;12350;204;8;1672694739552;0.0
APPROXIMATION;12351;204;8;1672694739552;0.0
APPROXIMATION;12352;204;8;1672694739552;0.0
APPROXIMATION;12345;204;9;1672694739552;0.0
APPROXIMATION;12348;204;9;1672694739552;0.0
APPROXIMATION;12349;204;9;1672694739553;0.0
APPROXIMATION;12346;204;10;1672694739553;0.0
APPROXIMATION;12350;204;9;1672694739553;0.0
APPROXIMATION;12351;204;9;1672694739553;0.0
APPROXIMATION;12352;204;9;1672694739553;0.0
APPROXIMATION;12345;204;10;1672694739553;0.0
APPROXIMATION;12348;204;10;1672694739553;0.0
APPROXIMATION;12350;204;10;1672694739553;0.0
APPROXIMATION;12349;204;10;1672694739553;0.0
APPROXIMATION;12351;204;10;1672694739553;0.0
APPROXIMATION;12346;204;11;1672694739553;0.0
APPROXIMATION;12352;204;10;1672694739553;0.0
APPROXIMATION;12345;204;11;1672694739553;0.0
APPROXIMATION;12350;204;11;1672694739553;0.0
APPROXIMATION;12351;204;11;1672694739553;0.0
APPROXIMATION;12348;204;11;1672694739553;0.0
APPROXIMATION;12352;204;11;1672694739553;0.0
APPROXIMATION;12349;204;11;1672694739553;0.0
APPROXIMATION;12345;204;12;1672694739553;0.0
APPROXIMATION;12346;204;12;1672694739553;0.0
APPROXIMATION;12350;204;12;1672694739554;0.0
APPROXIMATION;12351;204;12;1672694739554;0.0
APPROXIMATION;12352;204;12;1672694739554;0.0
APPROXIMATION;12348;204;12;1672694739554;0.0
APPROXIMATION;12349;204;12;1672694739554;0.0
APPROXIMATION;12345;204;13;1672694739554;0.0
APPROXIMATION;12346;204;13;1672694739554;0.0
APPROXIMATION;12350;204;13;1672694739554;0.0
APPROXIMATION;12351;204;13;1672694739554;0.0
APPROXIMATION;12348;204;13;1672694739554;0.0
APPROXIMATION;12352;204;13;1672694739554;0.0
APPROXIMATION;12349;204;13;1672694739554;0.0
HALTED;12346;204;14;1672694739554;0.0
HALTED;12345;204;14;1672694739554;0.0
HALTED;12350;204;14;1672694739555;0.0
HALTED;12351;204;14;1672694739555;0.0
HALTED;12352;204;14;1672694739555;0.0
HALTED;12348;204;14;1672694739555;0.0
HALTED;12349;204;14;1672694739555;0.0
INITIALIZATION;12345;205;0;1672694739655;0.0
INITIALIZATION;12346;205;0;1672694739656;0.0
INITIALIZATION;12349;205;0;1672694739656;0.0
INITIALIZATION;12351;205;0;1672694739656;0.0
INITIALIZATION;12350;205;0;1672694739656;0.0
INITIALIZATION;12352;205;0;1672694739656;0.0
APPROXIMATION;12345;205;1;1672694739657;0.0
INITIALIZATION;12348;205;0;1672694739657;0.0
APPROXIMATION;12346;205;1;1672694739657;0.0
APPROXIMATION;12349;205;1;1672694739657;0.0
APPROXIMATION;12350;205;1;1672694739657;0.0
APPROXIMATION;12351;205;1;1672694739657;0.0
APPROXIMATION;12348;205;1;1672694739657;0.0
APPROXIMATION;12352;205;1;1672694739657;0.0
APPROXIMATION;12345;205;2;1672694739657;0.0
APPROXIMATION;12346;205;2;1672694739657;0.0
APPROXIMATION;12349;205;2;1672694739658;0.0
APPROXIMATION;12348;205;2;1672694739658;0.0
APPROXIMATION;12350;205;2;1672694739658;0.0
APPROXIMATION;12352;205;2;1672694739658;0.0
APPROXIMATION;12351;205;2;1672694739658;0.0
APPROXIMATION;12345;205;3;1672694739658;0.0
APPROXIMATION;12348;205;3;1672694739658;0.0
APPROXIMATION;12346;205;3;1672694739658;0.0
APPROXIMATION;12349;205;3;1672694739658;0.0
APPROXIMATION;12350;205;3;1672694739658;0.0
APPROXIMATION;12351;205;3;1672694739658;0.0
APPROXIMATION;12352;205;3;1672694739658;0.0
APPROXIMATION;12345;205;4;1672694739659;0.0
APPROXIMATION;12346;205;4;1672694739659;0.0
APPROXIMATION;12348;205;4;1672694739659;0.0
APPROXIMATION;12349;205;4;1672694739659;0.0
APPROXIMATION;12350;205;4;1672694739659;0.0
APPROXIMATION;12345;205;5;1672694739659;0.0
APPROXIMATION;12351;205;4;1672694739659;0.0
APPROXIMATION;12352;205;4;1672694739659;0.0
APPROXIMATION;12346;205;5;1672694739659;0.0
APPROXIMATION;12348;205;5;1672694739659;0.0
APPROXIMATION;12349;205;5;1672694739659;0.0
APPROXIMATION;12350;205;5;1672694739659;0.0
APPROXIMATION;12351;205;5;1672694739659;0.0
APPROXIMATION;12352;205;5;1672694739660;0.0
APPROXIMATION;12345;205;6;1672694739660;0.0
APPROXIMATION;12346;205;6;1672694739660;0.0
APPROXIMATION;12348;205;6;1672694739660;0.0
APPROXIMATION;12349;205;6;1672694739660;0.0
APPROXIMATION;12350;205;6;1672694739660;0.0
APPROXIMATION;12351;205;6;1672694739660;0.0
APPROXIMATION;12352;205;6;1672694739660;0.0
APPROXIMATION;12346;205;7;1672694739660;0.0
APPROXIMATION;12348;205;7;1672694739660;0.0
APPROXIMATION;12349;205;7;1672694739660;0.0
APPROXIMATION;12345;205;7;1672694739660;0.0
APPROXIMATION;12350;205;7;1672694739660;0.0
APPROXIMATION;12351;205;7;1672694739660;0.0
APPROXIMATION;12352;205;7;1672694739660;0.0
APPROXIMATION;12346;205;8;1672694739660;0.0
APPROXIMATION;12348;205;8;1672694739660;0.0
APPROXIMATION;12349;205;8;1672694739660;0.0
APPROXIMATION;12350;205;8;1672694739661;0.0
APPROXIMATION;12352;205;8;1672694739661;0.0
APPROXIMATION;12351;205;8;1672694739661;0.0
APPROXIMATION;12345;205;8;1672694739661;0.0
APPROXIMATION;12346;205;9;1672694739661;0.0
APPROXIMATION;12348;205;9;1672694739661;0.0
APPROXIMATION;12349;205;9;1672694739661;0.0
APPROXIMATION;12350;205;9;1672694739661;0.0
APPROXIMATION;12351;205;9;1672694739661;0.0
APPROXIMATION;12352;205;9;1672694739661;0.0
APPROXIMATION;12345;205;9;1672694739661;0.0
APPROXIMATION;12346;205;10;1672694739661;0.0
APPROXIMATION;12348;205;10;1672694739661;0.0
APPROXIMATION;12349;205;10;1672694739661;0.0
APPROXIMATION;12350;205;10;1672694739661;0.0
APPROXIMATION;12351;205;10;1672694739662;0.0
APPROXIMATION;12352;205;10;1672694739662;0.0
APPROXIMATION;12345;205;10;1672694739662;0.0
APPROXIMATION;12346;205;11;1672694739662;0.0
APPROXIMATION;12348;205;11;1672694739662;0.0
APPROXIMATION;12349;205;11;1672694739662;0.0
APPROXIMATION;12350;205;11;1672694739662;0.0
APPROXIMATION;12351;205;11;1672694739662;0.0
APPROXIMATION;12352;205;11;1672694739662;0.0
APPROXIMATION;12345;205;11;1672694739662;0.0
APPROXIMATION;12346;205;12;1672694739662;0.0
APPROXIMATION;12348;205;12;1672694739662;0.0
APPROXIMATION;12349;205;12;1672694739662;0.0
APPROXIMATION;12350;205;12;1672694739662;0.0
APPROXIMATION;12351;205;12;1672694739662;0.0
APPROXIMATION;12352;205;12;1672694739663;0.0
APPROXIMATION;12345;205;12;1672694739663;0.0
APPROXIMATION;12346;205;13;1672694739663;0.0
APPROXIMATION;12348;205;13;1672694739663;0.0
APPROXIMATION;12349;205;13;1672694739663;0.0
APPROXIMATION;12350;205;13;1672694739663;0.0
APPROXIMATION;12351;205;13;1672694739663;0.0
APPROXIMATION;12352;205;13;1672694739663;0.0
APPROXIMATION;12345;205;13;1672694739663;0.0
HALTED;12346;205;14;1672694739663;0.0
HALTED;12348;205;14;1672694739663;0.0
HALTED;12349;205;14;1672694739663;0.0
HALTED;12350;205;14;1672694739663;0.0
HALTED;12351;205;14;1672694739664;0.0
HALTED;12352;205;14;1672694739664;0.0
HALTED;12345;205;14;1672694739664;0.0
INITIALIZATION;12345;206;0;1672694739764;0.0
INITIALIZATION;12346;206;0;1672694739765;0.0
INITIALIZATION;12349;206;0;1672694739765;0.0
INITIALIZATION;12348;206;0;1672694739765;0.0
INITIALIZATION;12351;206;0;1672694739765;0.0
INITIALIZATION;12350;206;0;1672694739765;0.0
INITIALIZATION;12352;206;0;1672694739765;0.0
APPROXIMATION;12345;206;1;1672694739766;0.0
APPROXIMATION;12346;206;1;1672694739766;0.0
APPROXIMATION;12348;206;1;1672694739766;0.0
APPROXIMATION;12350;206;1;1672694739766;0.0
APPROXIMATION;12349;206;1;1672694739766;0.0
APPROXIMATION;12351;206;1;1672694739766;0.0
APPROXIMATION;12352;206;1;1672694739766;0.0
APPROXIMATION;12345;206;2;1672694739766;0.0
APPROXIMATION;12346;206;2;1672694739766;0.0
APPROXIMATION;12350;206;2;1672694739766;0.0
APPROXIMATION;12348;206;2;1672694739766;0.0
APPROXIMATION;12352;206;2;1672694739767;0.0
APPROXIMATION;12351;206;2;1672694739767;0.0
APPROXIMATION;12349;206;2;1672694739767;0.0
APPROXIMATION;12346;206;3;1672694739767;0.0
APPROXIMATION;12345;206;3;1672694739767;0.0
APPROXIMATION;12350;206;3;1672694739767;0.0
APPROXIMATION;12349;206;3;1672694739767;0.0
APPROXIMATION;12352;206;3;1672694739767;0.0
APPROXIMATION;12351;206;3;1672694739810;0.0
APPROXIMATION;12348;206;3;1672694739810;0.0
APPROXIMATION;12345;206;4;1672694739810;0.0
APPROXIMATION;12346;206;4;1672694739810;0.0
APPROXIMATION;12349;206;4;1672694739810;0.0
APPROXIMATION;12351;206;4;1672694739810;0.0
APPROXIMATION;12352;206;4;1672694739810;0.0
APPROXIMATION;12348;206;4;1672694739810;0.0
APPROXIMATION;12345;206;5;1672694739810;0.0
APPROXIMATION;12350;206;4;1672694739810;0.0
APPROXIMATION;12349;206;5;1672694739811;0.0
APPROXIMATION;12346;206;5;1672694739811;0.0
APPROXIMATION;12352;206;5;1672694739811;0.0
APPROXIMATION;12348;206;5;1672694739811;0.0
APPROXIMATION;12350;206;5;1672694739811;0.0
APPROXIMATION;12345;206;6;1672694739811;0.0
APPROXIMATION;12351;206;5;1672694739812;0.0
APPROXIMATION;12346;206;6;1672694739812;0.0
APPROXIMATION;12349;206;6;1672694739812;0.0
APPROXIMATION;12348;206;6;1672694739812;0.0
APPROXIMATION;12350;206;6;1672694739812;0.0
APPROXIMATION;12352;206;6;1672694739812;0.0
APPROXIMATION;12351;206;6;1672694739812;0.0
APPROXIMATION;12345;206;7;1672694739812;0.0
APPROXIMATION;12346;206;7;1672694739812;0.0
APPROXIMATION;12348;206;7;1672694739812;0.0
APPROXIMATION;12349;206;7;1672694739812;0.0
APPROXIMATION;12350;206;7;1672694739812;0.0
APPROXIMATION;12351;206;7;1672694739812;0.0
APPROXIMATION;12352;206;7;1672694739812;0.0
APPROXIMATION;12345;206;8;1672694739812;0.0
APPROXIMATION;12346;206;8;1672694739813;0.0
APPROXIMATION;12348;206;8;1672694739813;0.0
APPROXIMATION;12350;206;8;1672694739813;0.0
APPROXIMATION;12351;206;8;1672694739813;0.0
APPROXIMATION;12352;206;8;1672694739813;0.0
APPROXIMATION;12349;206;8;1672694739813;0.0
APPROXIMATION;12345;206;9;1672694739813;0.0
APPROXIMATION;12346;206;9;1672694739813;0.0
APPROXIMATION;12348;206;9;1672694739813;0.0
APPROXIMATION;12351;206;9;1672694739813;0.0
APPROXIMATION;12350;206;9;1672694739813;0.0
APPROXIMATION;12352;206;9;1672694739813;0.0
APPROXIMATION;12349;206;9;1672694739813;0.0
APPROXIMATION;12345;206;10;1672694739813;0.0
APPROXIMATION;12346;206;10;1672694739813;0.0
APPROXIMATION;12348;206;10;1672694739814;0.0
APPROXIMATION;12350;206;10;1672694739814;0.0
APPROXIMATION;12351;206;10;1672694739814;0.0
APPROXIMATION;12352;206;10;1672694739814;0.0
APPROXIMATION;12349;206;10;1672694739814;0.0
APPROXIMATION;12345;206;11;1672694739814;0.0
APPROXIMATION;12346;206;11;1672694739814;0.0
APPROXIMATION;12348;206;11;1672694739814;0.0
APPROXIMATION;12351;206;11;1672694739814;0.0
APPROXIMATION;12350;206;11;1672694739814;0.0
APPROXIMATION;12352;206;11;1672694739814;0.0
APPROXIMATION;12349;206;11;1672694739814;0.0
APPROXIMATION;12346;206;12;1672694739814;0.0
APPROXIMATION;12345;206;12;1672694739814;0.0
APPROXIMATION;12348;206;12;1672694739814;0.0
APPROXIMATION;12350;206;12;1672694739814;0.0
APPROXIMATION;12351;206;12;1672694739814;0.0
APPROXIMATION;12352;206;12;1672694739815;0.0
APPROXIMATION;12349;206;12;1672694739815;0.0
APPROXIMATION;12346;206;13;1672694739815;0.0
APPROXIMATION;12345;206;13;1672694739815;0.0
APPROXIMATION;12348;206;13;1672694739815;0.0
APPROXIMATION;12350;206;13;1672694739815;0.0
APPROXIMATION;12351;206;13;1672694739815;0.0
APPROXIMATION;12352;206;13;1672694739815;0.0
APPROXIMATION;12349;206;13;1672694739815;0.0
HALTED;12346;206;14;1672694739815;0.0
HALTED;12345;206;14;1672694739815;0.0
HALTED;12348;206;14;1672694739815;0.0
HALTED;12351;206;14;1672694739815;0.0
HALTED;12352;206;14;1672694739815;0.0
HALTED;12350;206;14;1672694739815;0.0
HALTED;12349;206;14;1672694739815;0.0
INITIALIZATION;12345;207;0;1672694739916;0.0
INITIALIZATION;12346;207;0;1672694739916;0.0
INITIALIZATION;12349;207;0;1672694739917;0.0
INITIALIZATION;12350;207;0;1672694739917;0.0
INITIALIZATION;12352;207;0;1672694739917;0.0
INITIALIZATION;12351;207;0;1672694739917;0.0
INITIALIZATION;12348;207;0;1672694739917;0.0
APPROXIMATION;12345;207;1;1672694739917;0.0
APPROXIMATION;12346;207;1;1672694739917;0.0
APPROXIMATION;12350;207;1;1672694739917;0.0
APPROXIMATION;12349;207;1;1672694739917;0.0
APPROXIMATION;12348;207;1;1672694739917;0.0
APPROXIMATION;12351;207;1;1672694739917;0.0
APPROXIMATION;12352;207;1;1672694739917;0.0
APPROXIMATION;12346;207;2;1672694739917;0.0
APPROXIMATION;12345;207;2;1672694739918;0.0
APPROXIMATION;12349;207;2;1672694739918;0.0
APPROXIMATION;12348;207;2;1672694739918;0.0
APPROXIMATION;12350;207;2;1672694739918;0.0
APPROXIMATION;12351;207;2;1672694739918;0.0
APPROXIMATION;12352;207;2;1672694739918;0.0
APPROXIMATION;12346;207;3;1672694739918;0.0
APPROXIMATION;12348;207;3;1672694739918;0.0
APPROXIMATION;12345;207;3;1672694739959;0.0
APPROXIMATION;12352;207;3;1672694739960;0.0
APPROXIMATION;12351;207;3;1672694739960;0.0
APPROXIMATION;12350;207;3;1672694739960;0.0
APPROXIMATION;12349;207;3;1672694739960;0.0
APPROXIMATION;12345;207;4;1672694739960;0.0
APPROXIMATION;12346;207;4;1672694739960;0.0
APPROXIMATION;12348;207;4;1672694739960;0.0
APPROXIMATION;12351;207;4;1672694739960;0.0
APPROXIMATION;12350;207;4;1672694739960;0.0
APPROXIMATION;12352;207;4;1672694739961;0.0
APPROXIMATION;12349;207;4;1672694739961;0.0
APPROXIMATION;12345;207;5;1672694739961;0.0
APPROXIMATION;12346;207;5;1672694739961;0.0
APPROXIMATION;12348;207;5;1672694739961;0.0
APPROXIMATION;12350;207;5;1672694739961;0.0
APPROXIMATION;12349;207;5;1672694739961;0.0
APPROXIMATION;12351;207;5;1672694739961;0.0
APPROXIMATION;12352;207;5;1672694739962;0.0
APPROXIMATION;12345;207;6;1672694739962;0.0
APPROXIMATION;12346;207;6;1672694739962;0.0
APPROXIMATION;12348;207;6;1672694739962;0.0
APPROXIMATION;12349;207;6;1672694739962;0.0
APPROXIMATION;12350;207;6;1672694739962;0.0
APPROXIMATION;12352;207;6;1672694739962;0.0
APPROXIMATION;12351;207;6;1672694739963;0.0
APPROXIMATION;12345;207;7;1672694739963;0.0
APPROXIMATION;12349;207;7;1672694739963;0.0
APPROXIMATION;12350;207;7;1672694739963;0.0
APPROXIMATION;12351;207;7;1672694739963;0.0
APPROXIMATION;12352;207;7;1672694739963;0.0
APPROXIMATION;12346;207;7;1672694740010;0.0
APPROXIMATION;12348;207;7;1672694740010;0.0
APPROXIMATION;12345;207;8;1672694740010;0.0
APPROXIMATION;12349;207;8;1672694740010;0.0
APPROXIMATION;12346;207;8;1672694740010;0.0
APPROXIMATION;12348;207;8;1672694740010;0.0
APPROXIMATION;12351;207;8;1672694740010;0.0
APPROXIMATION;12350;207;8;1672694740010;0.0
APPROXIMATION;12352;207;8;1672694740010;0.0
APPROXIMATION;12345;207;9;1672694740010;0.0
APPROXIMATION;12346;207;9;1672694740010;0.0
APPROXIMATION;12348;207;9;1672694740011;0.0
APPROXIMATION;12349;207;9;1672694740011;0.0
APPROXIMATION;12351;207;9;1672694740011;0.0
APPROXIMATION;12352;207;9;1672694740011;0.0
APPROXIMATION;12350;207;9;1672694740011;0.0
APPROXIMATION;12345;207;10;1672694740011;0.0
APPROXIMATION;12346;207;10;1672694740011;0.0
APPROXIMATION;12348;207;10;1672694740011;0.0
APPROXIMATION;12349;207;10;1672694740011;0.0
APPROXIMATION;12350;207;10;1672694740011;0.0
APPROXIMATION;12345;207;11;1672694740012;0.0
APPROXIMATION;12352;207;10;1672694740012;0.0
APPROXIMATION;12352;207;11;1672694740012;0.0
APPROXIMATION;12348;207;11;1672694740059;0.0
APPROXIMATION;12346;207;11;1672694740059;0.0
APPROXIMATION;12350;207;11;1672694740059;0.0
APPROXIMATION;12349;207;11;1672694740059;0.0
APPROXIMATION;12351;207;10;1672694740059;0.0
APPROXIMATION;12351;207;11;1672694740060;0.0
APPROXIMATION;12345;207;12;1672694740060;0.0
APPROXIMATION;12346;207;12;1672694740060;0.0
APPROXIMATION;12348;207;12;1672694740060;0.0
APPROXIMATION;12351;207;12;1672694740060;0.0
APPROXIMATION;12350;207;12;1672694740060;0.0
APPROXIMATION;12352;207;12;1672694740060;0.0
APPROXIMATION;12349;207;12;1672694740060;0.0
APPROXIMATION;12346;207;13;1672694740060;0.0
APPROXIMATION;12345;207;13;1672694740060;0.0
APPROXIMATION;12351;207;13;1672694740060;0.0
APPROXIMATION;12349;207;13;1672694740060;0.0
APPROXIMATION;12348;207;13;1672694740060;0.0
APPROXIMATION;12352;207;13;1672694740060;0.0
APPROXIMATION;12350;207;13;1672694740061;0.0
HALTED;12346;207;14;1672694740061;0.0
HALTED;12345;207;14;1672694740061;0.0
HALTED;12348;207;14;1672694740061;0.0
HALTED;12351;207;14;1672694740061;0.0
HALTED;12349;207;14;1672694740061;0.0
HALTED;12350;207;14;1672694740061;0.0
HALTED;12352;207;14;1672694740061;0.0
INITIALIZATION;12345;208;0;1672694740162;0.0
INITIALIZATION;12346;208;0;1672694740162;0.0
INITIALIZATION;12348;208;0;1672694740163;0.0
INITIALIZATION;12349;208;0;1672694740163;0.0
INITIALIZATION;12350;208;0;1672694740163;0.0
INITIALIZATION;12352;208;0;1672694740163;0.0
INITIALIZATION;12351;208;0;1672694740163;0.0
APPROXIMATION;12345;208;1;1672694740163;0.0
APPROXIMATION;12346;208;1;1672694740163;0.0
APPROXIMATION;12351;208;1;1672694740163;0.0
APPROXIMATION;12348;208;1;1672694740163;0.0
APPROXIMATION;12352;208;1;1672694740163;0.0
APPROXIMATION;12349;208;1;1672694740163;0.0
APPROXIMATION;12350;208;1;1672694740163;0.0
APPROXIMATION;12346;208;2;1672694740163;0.0
APPROXIMATION;12345;208;2;1672694740163;0.0
APPROXIMATION;12348;208;2;1672694740163;0.0
APPROXIMATION;12349;208;2;1672694740163;0.0
APPROXIMATION;12351;208;2;1672694740164;0.0
APPROXIMATION;12352;208;2;1672694740164;0.0
APPROXIMATION;12350;208;2;1672694740164;0.0
APPROXIMATION;12348;208;3;1672694740164;0.0
APPROXIMATION;12345;208;3;1672694740164;0.0
APPROXIMATION;12349;208;3;1672694740164;0.0
APPROXIMATION;12350;208;3;1672694740164;0.0
APPROXIMATION;12351;208;3;1672694740164;0.0
APPROXIMATION;12346;208;3;1672694740209;0.0
APPROXIMATION;12352;208;3;1672694740210;0.0
APPROXIMATION;12345;208;4;1672694740210;0.0
APPROXIMATION;12348;208;4;1672694740210;0.0
APPROXIMATION;12346;208;4;1672694740210;0.0
APPROXIMATION;12350;208;4;1672694740210;0.0
APPROXIMATION;12351;208;4;1672694740210;0.0
APPROXIMATION;12349;208;4;1672694740210;0.0
APPROXIMATION;12352;208;4;1672694740210;0.0
APPROXIMATION;12345;208;5;1672694740210;0.0
APPROXIMATION;12346;208;5;1672694740210;0.0
APPROXIMATION;12348;208;5;1672694740210;0.0
APPROXIMATION;12350;208;5;1672694740210;0.0
APPROXIMATION;12352;208;5;1672694740210;0.0
APPROXIMATION;12349;208;5;1672694740210;0.0
APPROXIMATION;12351;208;5;1672694740210;0.0
APPROXIMATION;12348;208;6;1672694740211;0.0
APPROXIMATION;12346;208;6;1672694740211;0.0
APPROXIMATION;12349;208;6;1672694740211;0.0
APPROXIMATION;12345;208;6;1672694740211;0.0
APPROXIMATION;12350;208;6;1672694740211;0.0
APPROXIMATION;12352;208;6;1672694740211;0.0
APPROXIMATION;12351;208;6;1672694740211;0.0
APPROXIMATION;12346;208;7;1672694740211;0.0
APPROXIMATION;12349;208;7;1672694740211;0.0
APPROXIMATION;12348;208;7;1672694740211;0.0
APPROXIMATION;12350;208;7;1672694740211;0.0
APPROXIMATION;12351;208;7;1672694740211;0.0
APPROXIMATION;12352;208;7;1672694740211;0.0
APPROXIMATION;12345;208;7;1672694740212;0.0
APPROXIMATION;12346;208;8;1672694740212;0.0
APPROXIMATION;12348;208;8;1672694740212;0.0
APPROXIMATION;12349;208;8;1672694740212;0.0
APPROXIMATION;12350;208;8;1672694740212;0.0
APPROXIMATION;12351;208;8;1672694740212;0.0
APPROXIMATION;12352;208;8;1672694740212;0.0
APPROXIMATION;12345;208;8;1672694740212;0.0
APPROXIMATION;12346;208;9;1672694740212;0.0
APPROXIMATION;12348;208;9;1672694740212;0.0
APPROXIMATION;12349;208;9;1672694740212;0.0
APPROXIMATION;12350;208;9;1672694740212;0.0
APPROXIMATION;12351;208;9;1672694740212;0.0
APPROXIMATION;12352;208;9;1672694740212;0.0
APPROXIMATION;12345;208;9;1672694740213;0.0
APPROXIMATION;12346;208;10;1672694740213;0.0
APPROXIMATION;12348;208;10;1672694740213;0.0
APPROXIMATION;12349;208;10;1672694740213;0.0
APPROXIMATION;12350;208;10;1672694740213;0.0
APPROXIMATION;12351;208;10;1672694740213;0.0
APPROXIMATION;12352;208;10;1672694740213;0.0
APPROXIMATION;12345;208;10;1672694740213;0.0
APPROXIMATION;12346;208;11;1672694740213;0.0
APPROXIMATION;12348;208;11;1672694740213;0.0
APPROXIMATION;12349;208;11;1672694740213;0.0
APPROXIMATION;12350;208;11;1672694740213;0.0
APPROXIMATION;12345;208;11;1672694740213;0.0
APPROXIMATION;12352;208;11;1672694740213;0.0
APPROXIMATION;12351;208;11;1672694740213;0.0
APPROXIMATION;12346;208;12;1672694740214;0.0
APPROXIMATION;12348;208;12;1672694740214;0.0
APPROXIMATION;12349;208;12;1672694740214;0.0
APPROXIMATION;12350;208;12;1672694740214;0.0
APPROXIMATION;12352;208;12;1672694740214;0.0
APPROXIMATION;12351;208;12;1672694740214;0.0
APPROXIMATION;12345;208;12;1672694740214;0.0
APPROXIMATION;12346;208;13;1672694740214;0.0
APPROXIMATION;12348;208;13;1672694740214;0.0
APPROXIMATION;12349;208;13;1672694740214;0.0
APPROXIMATION;12350;208;13;1672694740214;0.0
APPROXIMATION;12351;208;13;1672694740214;0.0
APPROXIMATION;12352;208;13;1672694740214;0.0
APPROXIMATION;12345;208;13;1672694740214;0.0
HALTED;12346;208;14;1672694740215;0.0
HALTED;12348;208;14;1672694740215;0.0
HALTED;12349;208;14;1672694740215;0.0
HALTED;12350;208;14;1672694740215;0.0
HALTED;12351;208;14;1672694740215;0.0
HALTED;12352;208;14;1672694740215;0.0
HALTED;12345;208;14;1672694740215;0.0
INITIALIZATION;12345;209;0;1672694740316;0.0
INITIALIZATION;12346;209;0;1672694740316;0.0
INITIALIZATION;12349;209;0;1672694740317;0.0
INITIALIZATION;12351;209;0;1672694740317;0.0
INITIALIZATION;12348;209;0;1672694740317;0.0
INITIALIZATION;12350;209;0;1672694740317;0.0
INITIALIZATION;12352;209;0;1672694740317;0.0
APPROXIMATION;12345;209;1;1672694740317;0.0
APPROXIMATION;12346;209;1;1672694740317;0.0
APPROXIMATION;12348;209;1;1672694740317;0.0
APPROXIMATION;12349;209;1;1672694740317;0.0
APPROXIMATION;12352;209;1;1672694740317;0.0
APPROXIMATION;12350;209;1;1672694740317;0.0
APPROXIMATION;12351;209;1;1672694740317;0.0
APPROXIMATION;12345;209;2;1672694740317;0.0
APPROXIMATION;12349;209;2;1672694740318;0.0
APPROXIMATION;12350;209;2;1672694740318;0.0
APPROXIMATION;12351;209;2;1672694740318;0.0
APPROXIMATION;12352;209;2;1672694740318;0.0
APPROXIMATION;12348;209;2;1672694740318;0.0
APPROXIMATION;12345;209;3;1672694740318;0.0
APPROXIMATION;12350;209;3;1672694740359;0.0
APPROXIMATION;12351;209;3;1672694740359;0.0
APPROXIMATION;12346;209;2;1672694740359;0.0
APPROXIMATION;12352;209;3;1672694740359;0.0
APPROXIMATION;12349;209;3;1672694740359;0.0
APPROXIMATION;12348;209;3;1672694740359;0.0
APPROXIMATION;12346;209;3;1672694740360;0.0
APPROXIMATION;12345;209;4;1672694740360;0.0
APPROXIMATION;12348;209;4;1672694740360;0.0
APPROXIMATION;12349;209;4;1672694740360;0.0
APPROXIMATION;12350;209;4;1672694740360;0.0
APPROXIMATION;12346;209;4;1672694740360;0.0
APPROXIMATION;12352;209;4;1672694740360;0.0
APPROXIMATION;12345;209;5;1672694740360;0.0
APPROXIMATION;12351;209;4;1672694740360;0.0
APPROXIMATION;12346;209;5;1672694740361;0.0
APPROXIMATION;12348;209;5;1672694740361;0.0
APPROXIMATION;12349;209;5;1672694740361;0.0
APPROXIMATION;12350;209;5;1672694740361;0.0
APPROXIMATION;12352;209;5;1672694740361;0.0
APPROXIMATION;12351;209;5;1672694740361;0.0
APPROXIMATION;12345;209;6;1672694740361;0.0
APPROXIMATION;12346;209;6;1672694740361;0.0
APPROXIMATION;12348;209;6;1672694740362;0.0
APPROXIMATION;12349;209;6;1672694740362;0.0
APPROXIMATION;12352;209;6;1672694740362;0.0
APPROXIMATION;12350;209;6;1672694740362;0.0
APPROXIMATION;12351;209;6;1672694740362;0.0
APPROXIMATION;12345;209;7;1672694740362;0.0
APPROXIMATION;12346;209;7;1672694740362;0.0
APPROXIMATION;12348;209;7;1672694740362;0.0
APPROXIMATION;12349;209;7;1672694740362;0.0
APPROXIMATION;12352;209;7;1672694740362;0.0
APPROXIMATION;12351;209;7;1672694740362;0.0
APPROXIMATION;12350;209;7;1672694740362;0.0
APPROXIMATION;12345;209;8;1672694740362;0.0
APPROXIMATION;12346;209;8;1672694740362;0.0
APPROXIMATION;12348;209;8;1672694740362;0.0
APPROXIMATION;12349;209;8;1672694740363;0.0
APPROXIMATION;12352;209;8;1672694740363;0.0
APPROXIMATION;12351;209;8;1672694740363;0.0
APPROXIMATION;12350;209;8;1672694740363;0.0
APPROXIMATION;12346;209;9;1672694740363;0.0
APPROXIMATION;12345;209;9;1672694740363;0.0
APPROXIMATION;12348;209;9;1672694740363;0.0
APPROXIMATION;12349;209;9;1672694740363;0.0
APPROXIMATION;12351;209;9;1672694740363;0.0
APPROXIMATION;12352;209;9;1672694740363;0.0
APPROXIMATION;12350;209;9;1672694740363;0.0
APPROXIMATION;12345;209;10;1672694740363;0.0
APPROXIMATION;12346;209;10;1672694740363;0.0
APPROXIMATION;12348;209;10;1672694740364;0.0
APPROXIMATION;12349;209;10;1672694740364;0.0
APPROXIMATION;12352;209;10;1672694740364;0.0
APPROXIMATION;12351;209;10;1672694740364;0.0
APPROXIMATION;12350;209;10;1672694740364;0.0
APPROXIMATION;12346;209;11;1672694740364;0.0
APPROXIMATION;12345;209;11;1672694740364;0.0
APPROXIMATION;12348;209;11;1672694740364;0.0
APPROXIMATION;12351;209;11;1672694740364;0.0
APPROXIMATION;12349;209;11;1672694740364;0.0
APPROXIMATION;12352;209;11;1672694740364;0.0
APPROXIMATION;12350;209;11;1672694740364;0.0
APPROXIMATION;12346;209;12;1672694740364;0.0
APPROXIMATION;12345;209;12;1672694740364;0.0
APPROXIMATION;12348;209;12;1672694740364;0.0
APPROXIMATION;12351;209;12;1672694740364;0.0
APPROXIMATION;12349;209;12;1672694740364;0.0
APPROXIMATION;12352;209;12;1672694740364;0.0
APPROXIMATION;12350;209;12;1672694740365;0.0
APPROXIMATION;12346;209;13;1672694740365;0.0
APPROXIMATION;12348;209;13;1672694740365;0.0
APPROXIMATION;12349;209;13;1672694740365;0.0
APPROXIMATION;12351;209;13;1672694740365;0.0
APPROXIMATION;12352;209;13;1672694740365;0.0
APPROXIMATION;12345;209;13;1672694740365;0.0
APPROXIMATION;12350;209;13;1672694740365;0.0
HALTED;12346;209;14;1672694740365;0.0
HALTED;12348;209;14;1672694740365;0.0
HALTED;12349;209;14;1672694740365;0.0
HALTED;12350;209;14;1672694740365;0.0
HALTED;12351;209;14;1672694740365;0.0
HALTED;12352;209;14;1672694740365;0.0
HALTED;12345;209;14;1672694740365;0.0
INITIALIZATION;12345;210;0;1672694740466;0.0
INITIALIZATION;12346;210;0;1672694740467;0.0
INITIALIZATION;12348;210;0;1672694740467;0.0
INITIALIZATION;12350;210;0;1672694740467;0.0
INITIALIZATION;12352;210;0;1672694740467;0.0
INITIALIZATION;12351;210;0;1672694740467;0.0
INITIALIZATION;12349;210;0;1672694740468;0.0
APPROXIMATION;12345;210;1;1672694740468;0.0
APPROXIMATION;12346;210;1;1672694740468;0.0
APPROXIMATION;12348;210;1;1672694740468;0.0
APPROXIMATION;12350;210;1;1672694740469;0.0
APPROXIMATION;12351;210;1;1672694740469;0.0
APPROXIMATION;12352;210;1;1672694740469;0.0
APPROXIMATION;12345;210;2;1672694740469;0.0
APPROXIMATION;12349;210;1;1672694740469;0.0
APPROXIMATION;12346;210;2;1672694740469;0.0
APPROXIMATION;12348;210;2;1672694740469;0.0
APPROXIMATION;12351;210;2;1672694740469;0.0
APPROXIMATION;12350;210;2;1672694740469;0.0
APPROXIMATION;12352;210;2;1672694740469;0.0
APPROXIMATION;12349;210;2;1672694740469;0.0
APPROXIMATION;12345;210;3;1672694740470;0.0
APPROXIMATION;12348;210;3;1672694740470;0.0
APPROXIMATION;12346;210;3;1672694740470;0.0
APPROXIMATION;12349;210;3;1672694740470;0.0
APPROXIMATION;12350;210;3;1672694740470;0.0
APPROXIMATION;12351;210;3;1672694740470;0.0
APPROXIMATION;12352;210;3;1672694740470;0.0
APPROXIMATION;12349;210;4;1672694740471;0.0
APPROXIMATION;12348;210;4;1672694740471;0.0
APPROXIMATION;12345;210;4;1672694740471;0.0
APPROXIMATION;12350;210;4;1672694740471;0.0
APPROXIMATION;12346;210;4;1672694740471;0.0
APPROXIMATION;12351;210;4;1672694740471;0.0
APPROXIMATION;12352;210;4;1672694740471;0.0
APPROXIMATION;12349;210;5;1672694740471;0.0
APPROXIMATION;12348;210;5;1672694740471;0.0
APPROXIMATION;12350;210;5;1672694740471;0.0
APPROXIMATION;12351;210;5;1672694740471;0.0
APPROXIMATION;12346;210;5;1672694740471;0.0
APPROXIMATION;12352;210;5;1672694740471;0.0
APPROXIMATION;12345;210;5;1672694740471;0.0
APPROXIMATION;12348;210;6;1672694740471;0.0
APPROXIMATION;12349;210;6;1672694740471;0.0
APPROXIMATION;12346;210;6;1672694740472;0.0
APPROXIMATION;12350;210;6;1672694740472;0.0
APPROXIMATION;12351;210;6;1672694740472;0.0
APPROXIMATION;12352;210;6;1672694740472;0.0
APPROXIMATION;12345;210;6;1672694740472;0.0
APPROXIMATION;12346;210;7;1672694740472;0.0
APPROXIMATION;12348;210;7;1672694740472;0.0
APPROXIMATION;12349;210;7;1672694740472;0.0
APPROXIMATION;12350;210;7;1672694740472;0.0
APPROXIMATION;12351;210;7;1672694740472;0.0
APPROXIMATION;12352;210;7;1672694740472;0.0
APPROXIMATION;12345;210;7;1672694740472;0.0
APPROXIMATION;12346;210;8;1672694740472;0.0
APPROXIMATION;12348;210;8;1672694740473;0.0
APPROXIMATION;12349;210;8;1672694740473;0.0
APPROXIMATION;12350;210;8;1672694740473;0.0
APPROXIMATION;12351;210;8;1672694740473;0.0
APPROXIMATION;12352;210;8;1672694740473;0.0
APPROXIMATION;12345;210;8;1672694740473;0.0
APPROXIMATION;12346;210;9;1672694740473;0.0
APPROXIMATION;12348;210;9;1672694740473;0.0
APPROXIMATION;12349;210;9;1672694740473;0.0
APPROXIMATION;12351;210;9;1672694740473;0.0
APPROXIMATION;12350;210;9;1672694740473;0.0
APPROXIMATION;12352;210;9;1672694740473;0.0
APPROXIMATION;12345;210;9;1672694740473;0.0
APPROXIMATION;12346;210;10;1672694740473;0.0
APPROXIMATION;12348;210;10;1672694740474;0.0
APPROXIMATION;12349;210;10;1672694740474;0.0
APPROXIMATION;12350;210;10;1672694740474;0.0
APPROXIMATION;12351;210;10;1672694740474;0.0
APPROXIMATION;12352;210;10;1672694740474;0.0
APPROXIMATION;12345;210;10;1672694740474;0.0
APPROXIMATION;12346;210;11;1672694740474;0.0
APPROXIMATION;12348;210;11;1672694740474;0.0
APPROXIMATION;12349;210;11;1672694740474;0.0
APPROXIMATION;12350;210;11;1672694740474;0.0
APPROXIMATION;12351;210;11;1672694740474;0.0
APPROXIMATION;12352;210;11;1672694740474;0.0
APPROXIMATION;12345;210;11;1672694740474;0.0
APPROXIMATION;12346;210;12;1672694740474;0.0
APPROXIMATION;12348;210;12;1672694740475;0.0
APPROXIMATION;12349;210;12;1672694740475;0.0
APPROXIMATION;12350;210;12;1672694740475;0.0
APPROXIMATION;12351;210;12;1672694740475;0.0
APPROXIMATION;12352;210;12;1672694740475;0.0
APPROXIMATION;12345;210;12;1672694740475;0.0
APPROXIMATION;12346;210;13;1672694740475;0.0
APPROXIMATION;12348;210;13;1672694740475;0.0
APPROXIMATION;12349;210;13;1672694740475;0.0
APPROXIMATION;12350;210;13;1672694740475;0.0
APPROXIMATION;12351;210;13;1672694740475;0.0
APPROXIMATION;12352;210;13;1672694740475;0.0
APPROXIMATION;12345;210;13;1672694740475;0.0
HALTED;12346;210;14;1672694740476;0.0
HALTED;12348;210;14;1672694740476;0.0
HALTED;12349;210;14;1672694740476;0.0
HALTED;12351;210;14;1672694740476;0.0
HALTED;12350;210;14;1672694740476;0.0
HALTED;12352;210;14;1672694740476;0.0
HALTED;12345;210;14;1672694740476;0.0
INITIALIZATION;12345;211;0;1672694740577;0.0
INITIALIZATION;12346;211;0;1672694740577;0.0
INITIALIZATION;12348;211;0;1672694740577;0.0
INITIALIZATION;12352;211;0;1672694740578;0.0
INITIALIZATION;12350;211;0;1672694740578;0.0
INITIALIZATION;12351;211;0;1672694740578;0.0
INITIALIZATION;12349;211;0;1672694740578;0.0
APPROXIMATION;12345;211;1;1672694740578;0.0
APPROXIMATION;12346;211;1;1672694740578;0.0
APPROXIMATION;12348;211;1;1672694740578;0.0
APPROXIMATION;12352;211;1;1672694740578;0.0
APPROXIMATION;12350;211;1;1672694740579;0.0
APPROXIMATION;12351;211;1;1672694740579;0.0
APPROXIMATION;12349;211;1;1672694740579;0.0
APPROXIMATION;12345;211;2;1672694740579;0.0
APPROXIMATION;12346;211;2;1672694740579;0.0
APPROXIMATION;12348;211;2;1672694740579;0.0
APPROXIMATION;12349;211;2;1672694740579;0.0
APPROXIMATION;12350;211;2;1672694740579;0.0
APPROXIMATION;12351;211;2;1672694740579;0.0
APPROXIMATION;12352;211;2;1672694740579;0.0
APPROXIMATION;12346;211;3;1672694740579;0.0
APPROXIMATION;12348;211;3;1672694740580;0.0
APPROXIMATION;12349;211;3;1672694740580;0.0
APPROXIMATION;12351;211;3;1672694740580;0.0
APPROXIMATION;12352;211;3;1672694740580;0.0
APPROXIMATION;12345;211;3;1672694740619;0.0
APPROXIMATION;12350;211;3;1672694740620;0.0
APPROXIMATION;12346;211;4;1672694740620;0.0
APPROXIMATION;12348;211;4;1672694740620;0.0
APPROXIMATION;12349;211;4;1672694740620;0.0
APPROXIMATION;12350;211;4;1672694740620;0.0
APPROXIMATION;12352;211;4;1672694740620;0.0
APPROXIMATION;12345;211;4;1672694740620;0.0
APPROXIMATION;12351;211;4;1672694740620;0.0
APPROXIMATION;12345;211;5;1672694740620;0.0
APPROXIMATION;12348;211;5;1672694740621;0.0
APPROXIMATION;12350;211;5;1672694740621;0.0
APPROXIMATION;12346;211;5;1672694740621;0.0
APPROXIMATION;12349;211;5;1672694740621;0.0
APPROXIMATION;12351;211;5;1672694740621;0.0
APPROXIMATION;12352;211;5;1672694740621;0.0
APPROXIMATION;12345;211;6;1672694740621;0.0
APPROXIMATION;12348;211;6;1672694740621;0.0
APPROXIMATION;12346;211;6;1672694740621;0.0
APPROXIMATION;12350;211;6;1672694740621;0.0
APPROXIMATION;12351;211;6;1672694740621;0.0
APPROXIMATION;12352;211;6;1672694740622;0.0
APPROXIMATION;12349;211;6;1672694740622;0.0
APPROXIMATION;12345;211;7;1672694740622;0.0
APPROXIMATION;12346;211;7;1672694740622;0.0
APPROXIMATION;12348;211;7;1672694740622;0.0
APPROXIMATION;12350;211;7;1672694740622;0.0
APPROXIMATION;12351;211;7;1672694740622;0.0
APPROXIMATION;12349;211;7;1672694740622;0.0
APPROXIMATION;12352;211;7;1672694740622;0.0
APPROXIMATION;12345;211;8;1672694740622;0.0
APPROXIMATION;12346;211;8;1672694740622;0.0
APPROXIMATION;12348;211;8;1672694740622;0.0
APPROXIMATION;12350;211;8;1672694740622;0.0
APPROXIMATION;12351;211;8;1672694740622;0.0
APPROXIMATION;12352;211;8;1672694740622;0.0
APPROXIMATION;12349;211;8;1672694740622;0.0
APPROXIMATION;12345;211;9;1672694740623;0.0
APPROXIMATION;12346;211;9;1672694740623;0.0
APPROXIMATION;12348;211;9;1672694740623;0.0
APPROXIMATION;12350;211;9;1672694740623;0.0
APPROXIMATION;12351;211;9;1672694740623;0.0
APPROXIMATION;12352;211;9;1672694740623;0.0
APPROXIMATION;12349;211;9;1672694740623;0.0
APPROXIMATION;12345;211;10;1672694740623;0.0
APPROXIMATION;12346;211;10;1672694740623;0.0
APPROXIMATION;12348;211;10;1672694740623;0.0
APPROXIMATION;12351;211;10;1672694740623;0.0
APPROXIMATION;12350;211;10;1672694740623;0.0
APPROXIMATION;12352;211;10;1672694740623;0.0
APPROXIMATION;12349;211;10;1672694740623;0.0
APPROXIMATION;12345;211;11;1672694740623;0.0
APPROXIMATION;12346;211;11;1672694740623;0.0
APPROXIMATION;12348;211;11;1672694740624;0.0
APPROXIMATION;12351;211;11;1672694740624;0.0
APPROXIMATION;12350;211;11;1672694740624;0.0
APPROXIMATION;12352;211;11;1672694740624;0.0
APPROXIMATION;12349;211;11;1672694740624;0.0
APPROXIMATION;12345;211;12;1672694740624;0.0
APPROXIMATION;12346;211;12;1672694740624;0.0
APPROXIMATION;12348;211;12;1672694740624;0.0
APPROXIMATION;12350;211;12;1672694740624;0.0
APPROXIMATION;12351;211;12;1672694740624;0.0
APPROXIMATION;12352;211;12;1672694740624;0.0
APPROXIMATION;12349;211;12;1672694740624;0.0
APPROXIMATION;12345;211;13;1672694740624;0.0
APPROXIMATION;12346;211;13;1672694740624;0.0
APPROXIMATION;12348;211;13;1672694740624;0.0
APPROXIMATION;12350;211;13;1672694740625;0.0
APPROXIMATION;12351;211;13;1672694740625;0.0
APPROXIMATION;12352;211;13;1672694740625;0.0
APPROXIMATION;12349;211;13;1672694740625;0.0
HALTED;12345;211;14;1672694740625;0.0
HALTED;12346;211;14;1672694740625;0.0
HALTED;12348;211;14;1672694740625;0.0
HALTED;12350;211;14;1672694740625;0.0
HALTED;12351;211;14;1672694740625;0.0
HALTED;12352;211;14;1672694740625;0.0
HALTED;12349;211;14;1672694740625;0.0
INITIALIZATION;12345;212;0;1672694740725;0.0
INITIALIZATION;12346;212;0;1672694740726;0.0
INITIALIZATION;12349;212;0;1672694740726;0.0
INITIALIZATION;12348;212;0;1672694740726;0.0
INITIALIZATION;12350;212;0;1672694740726;0.0
INITIALIZATION;12351;212;0;1672694740726;0.0
APPROXIMATION;12346;212;1;1672694740727;0.0
APPROXIMATION;12345;212;1;1672694740727;0.0
INITIALIZATION;12352;212;0;1672694740727;0.0
APPROXIMATION;12348;212;1;1672694740727;0.0
APPROXIMATION;12349;212;1;1672694740727;0.0
APPROXIMATION;12350;212;1;1672694740727;0.0
APPROXIMATION;12352;212;1;1672694740727;0.0
APPROXIMATION;12351;212;1;1672694740727;0.0
APPROXIMATION;12346;212;2;1672694740727;0.0
APPROXIMATION;12345;212;2;1672694740727;0.0
APPROXIMATION;12348;212;2;1672694740727;0.0
APPROXIMATION;12346;212;3;1672694740728;0.0
APPROXIMATION;12349;212;2;1672694740728;0.0
APPROXIMATION;12350;212;2;1672694740728;0.0
APPROXIMATION;12351;212;2;1672694740728;0.0
APPROXIMATION;12352;212;2;1672694740728;0.0
APPROXIMATION;12348;212;3;1672694740728;0.0
APPROXIMATION;12351;212;3;1672694740728;0.0
APPROXIMATION;12352;212;3;1672694740728;0.0
APPROXIMATION;12349;212;3;1672694740728;0.0
APPROXIMATION;12350;212;3;1672694740728;0.0
APPROXIMATION;12345;212;3;1672694740728;0.0
APPROXIMATION;12346;212;4;1672694740728;0.0
APPROXIMATION;12348;212;4;1672694740728;0.0
APPROXIMATION;12349;212;4;1672694740729;0.0
APPROXIMATION;12351;212;4;1672694740729;0.0
APPROXIMATION;12350;212;4;1672694740729;0.0
APPROXIMATION;12352;212;4;1672694740729;0.0
APPROXIMATION;12345;212;4;1672694740729;0.0
APPROXIMATION;12346;212;5;1672694740729;0.0
APPROXIMATION;12348;212;5;1672694740729;0.0
APPROXIMATION;12349;212;5;1672694740729;0.0
APPROXIMATION;12351;212;5;1672694740729;0.0
APPROXIMATION;12350;212;5;1672694740729;0.0
APPROXIMATION;12352;212;5;1672694740729;0.0
APPROXIMATION;12345;212;5;1672694740729;0.0
APPROXIMATION;12346;212;6;1672694740729;0.0
APPROXIMATION;12348;212;6;1672694740730;0.0
APPROXIMATION;12349;212;6;1672694740730;0.0
APPROXIMATION;12350;212;6;1672694740730;0.0
APPROXIMATION;12351;212;6;1672694740730;0.0
APPROXIMATION;12352;212;6;1672694740730;0.0
APPROXIMATION;12346;212;7;1672694740730;0.0
APPROXIMATION;12345;212;6;1672694740730;0.0
APPROXIMATION;12348;212;7;1672694740730;0.0
APPROXIMATION;12349;212;7;1672694740730;0.0
APPROXIMATION;12351;212;7;1672694740730;0.0
APPROXIMATION;12350;212;7;1672694740730;0.0
APPROXIMATION;12352;212;7;1672694740730;0.0
APPROXIMATION;12345;212;7;1672694740730;0.0
APPROXIMATION;12346;212;8;1672694740730;0.0
APPROXIMATION;12348;212;8;1672694740731;0.0
APPROXIMATION;12349;212;8;1672694740731;0.0
APPROXIMATION;12351;212;8;1672694740731;0.0
APPROXIMATION;12350;212;8;1672694740731;0.0
APPROXIMATION;12352;212;8;1672694740731;0.0
APPROXIMATION;12345;212;8;1672694740731;0.0
APPROXIMATION;12346;212;9;1672694740731;0.0
APPROXIMATION;12348;212;9;1672694740731;0.0
APPROXIMATION;12349;212;9;1672694740731;0.0
APPROXIMATION;12350;212;9;1672694740731;0.0
APPROXIMATION;12351;212;9;1672694740731;0.0
APPROXIMATION;12352;212;9;1672694740731;0.0
APPROXIMATION;12345;212;9;1672694740731;0.0
APPROXIMATION;12346;212;10;1672694740731;0.0
APPROXIMATION;12348;212;10;1672694740732;0.0
APPROXIMATION;12349;212;10;1672694740732;0.0
APPROXIMATION;12350;212;10;1672694740732;0.0
APPROXIMATION;12351;212;10;1672694740732;0.0
APPROXIMATION;12352;212;10;1672694740732;0.0
APPROXIMATION;12345;212;10;1672694740732;0.0
APPROXIMATION;12346;212;11;1672694740732;0.0
APPROXIMATION;12348;212;11;1672694740732;0.0
APPROXIMATION;12349;212;11;1672694740732;0.0
APPROXIMATION;12350;212;11;1672694740732;0.0
APPROXIMATION;12351;212;11;1672694740732;0.0
APPROXIMATION;12352;212;11;1672694740732;0.0
APPROXIMATION;12345;212;11;1672694740732;0.0
APPROXIMATION;12346;212;12;1672694740732;0.0
APPROXIMATION;12348;212;12;1672694740733;0.0
APPROXIMATION;12349;212;12;1672694740733;0.0
APPROXIMATION;12350;212;12;1672694740733;0.0
APPROXIMATION;12351;212;12;1672694740733;0.0
APPROXIMATION;12352;212;12;1672694740733;0.0
APPROXIMATION;12345;212;12;1672694740733;0.0
APPROXIMATION;12346;212;13;1672694740733;0.0
APPROXIMATION;12348;212;13;1672694740733;0.0
APPROXIMATION;12349;212;13;1672694740733;0.0
APPROXIMATION;12350;212;13;1672694740733;0.0
APPROXIMATION;12351;212;13;1672694740733;0.0
APPROXIMATION;12352;212;13;1672694740733;0.0
APPROXIMATION;12345;212;13;1672694740733;0.0
HALTED;12346;212;14;1672694740734;0.0
HALTED;12348;212;14;1672694740734;0.0
HALTED;12349;212;14;1672694740734;0.0
HALTED;12351;212;14;1672694740734;0.0
HALTED;12350;212;14;1672694740734;0.0
HALTED;12352;212;14;1672694740734;0.0
HALTED;12345;212;14;1672694740734;0.0
INITIALIZATION;12345;213;0;1672694740835;0.0
INITIALIZATION;12346;213;0;1672694740835;0.0
INITIALIZATION;12348;213;0;1672694740836;0.0
INITIALIZATION;12349;213;0;1672694740836;0.0
INITIALIZATION;12351;213;0;1672694740836;0.0
INITIALIZATION;12350;213;0;1672694740836;0.0
INITIALIZATION;12352;213;0;1672694740836;0.0
APPROXIMATION;12345;213;1;1672694740836;0.0
APPROXIMATION;12346;213;1;1672694740836;0.0
APPROXIMATION;12348;213;1;1672694740836;0.0
APPROXIMATION;12349;213;1;1672694740836;0.0
APPROXIMATION;12351;213;1;1672694740836;0.0
APPROXIMATION;12350;213;1;1672694740836;0.0
APPROXIMATION;12352;213;1;1672694740836;0.0
APPROXIMATION;12345;213;2;1672694740836;0.0
APPROXIMATION;12348;213;2;1672694740837;0.0
APPROXIMATION;12346;213;2;1672694740837;0.0
APPROXIMATION;12351;213;2;1672694740837;0.0
APPROXIMATION;12349;213;2;1672694740837;0.0
APPROXIMATION;12350;213;2;1672694740837;0.0
APPROXIMATION;12352;213;2;1672694740837;0.0
APPROXIMATION;12345;213;3;1672694740837;0.0
APPROXIMATION;12346;213;3;1672694740837;0.0
APPROXIMATION;12348;213;3;1672694740837;0.0
APPROXIMATION;12349;213;3;1672694740837;0.0
APPROXIMATION;12352;213;3;1672694740837;0.0
APPROXIMATION;12350;213;3;1672694740837;0.0
APPROXIMATION;12351;213;3;1672694740837;0.0
APPROXIMATION;12346;213;4;1672694740837;0.0
APPROXIMATION;12345;213;4;1672694740837;0.0
APPROXIMATION;12348;213;4;1672694740837;0.0
APPROXIMATION;12349;213;4;1672694740838;0.0
APPROXIMATION;12352;213;4;1672694740838;0.0
APPROXIMATION;12350;213;4;1672694740838;0.0
APPROXIMATION;12351;213;4;1672694740838;0.0
APPROXIMATION;12346;213;5;1672694740838;0.0
APPROXIMATION;12345;213;5;1672694740838;0.0
APPROXIMATION;12348;213;5;1672694740838;0.0
APPROXIMATION;12349;213;5;1672694740838;0.0
APPROXIMATION;12350;213;5;1672694740838;0.0
APPROXIMATION;12352;213;5;1672694740838;0.0
APPROXIMATION;12351;213;5;1672694740838;0.0
APPROXIMATION;12346;213;6;1672694740838;0.0
APPROXIMATION;12345;213;6;1672694740838;0.0
APPROXIMATION;12348;213;6;1672694740838;0.0
APPROXIMATION;12349;213;6;1672694740838;0.0
APPROXIMATION;12350;213;6;1672694740839;0.0
APPROXIMATION;12352;213;6;1672694740839;0.0
APPROXIMATION;12351;213;6;1672694740839;0.0
APPROXIMATION;12346;213;7;1672694740839;0.0
APPROXIMATION;12348;213;7;1672694740839;0.0
APPROXIMATION;12349;213;7;1672694740839;0.0
APPROXIMATION;12345;213;7;1672694740839;0.0
APPROXIMATION;12350;213;7;1672694740839;0.0
APPROXIMATION;12352;213;7;1672694740839;0.0
APPROXIMATION;12351;213;7;1672694740839;0.0
APPROXIMATION;12346;213;8;1672694740839;0.0
APPROXIMATION;12348;213;8;1672694740839;0.0
APPROXIMATION;12349;213;8;1672694740839;0.0
APPROXIMATION;12350;213;8;1672694740839;0.0
APPROXIMATION;12351;213;8;1672694740839;0.0
APPROXIMATION;12345;213;8;1672694740839;0.0
APPROXIMATION;12352;213;8;1672694740839;0.0
APPROXIMATION;12346;213;9;1672694740840;0.0
APPROXIMATION;12348;213;9;1672694740840;0.0
APPROXIMATION;12349;213;9;1672694740840;0.0
APPROXIMATION;12350;213;9;1672694740840;0.0
APPROXIMATION;12351;213;9;1672694740840;0.0
APPROXIMATION;12352;213;9;1672694740840;0.0
APPROXIMATION;12345;213;9;1672694740840;0.0
APPROXIMATION;12346;213;10;1672694740840;0.0
APPROXIMATION;12348;213;10;1672694740840;0.0
APPROXIMATION;12349;213;10;1672694740840;0.0
APPROXIMATION;12350;213;10;1672694740840;0.0
APPROXIMATION;12351;213;10;1672694740840;0.0
APPROXIMATION;12352;213;10;1672694740840;0.0
APPROXIMATION;12345;213;10;1672694740840;0.0
APPROXIMATION;12346;213;11;1672694740840;0.0
APPROXIMATION;12348;213;11;1672694740841;0.0
APPROXIMATION;12349;213;11;1672694740841;0.0
APPROXIMATION;12350;213;11;1672694740841;0.0
APPROXIMATION;12345;213;11;1672694740841;0.0
APPROXIMATION;12351;213;11;1672694740841;0.0
APPROXIMATION;12352;213;11;1672694740841;0.0
APPROXIMATION;12346;213;12;1672694740841;0.0
APPROXIMATION;12348;213;12;1672694740841;0.0
APPROXIMATION;12349;213;12;1672694740841;0.0
APPROXIMATION;12350;213;12;1672694740841;0.0
APPROXIMATION;12351;213;12;1672694740841;0.0
APPROXIMATION;12345;213;12;1672694740841;0.0
APPROXIMATION;12352;213;12;1672694740841;0.0
APPROXIMATION;12346;213;13;1672694740841;0.0
APPROXIMATION;12348;213;13;1672694740842;0.0
APPROXIMATION;12350;213;13;1672694740842;0.0
APPROXIMATION;12349;213;13;1672694740842;0.0
APPROXIMATION;12351;213;13;1672694740842;0.0
APPROXIMATION;12345;213;13;1672694740842;0.0
APPROXIMATION;12352;213;13;1672694740842;0.0
HALTED;12346;213;14;1672694740842;0.0
HALTED;12348;213;14;1672694740842;0.0
HALTED;12349;213;14;1672694740842;0.0
HALTED;12350;213;14;1672694740842;0.0
HALTED;12351;213;14;1672694740842;0.0
HALTED;12345;213;14;1672694740842;0.0
HALTED;12352;213;14;1672694740842;0.0
INITIALIZATION;12345;214;0;1672694740943;0.0
INITIALIZATION;12346;214;0;1672694740944;0.0
INITIALIZATION;12348;214;0;1672694740944;0.0
INITIALIZATION;12350;214;0;1672694740944;0.0
INITIALIZATION;12349;214;0;1672694740944;0.0
INITIALIZATION;12351;214;0;1672694740944;0.0
INITIALIZATION;12352;214;0;1672694740944;0.0
APPROXIMATION;12345;214;1;1672694740944;0.0
APPROXIMATION;12346;214;1;1672694740944;0.0
APPROXIMATION;12348;214;1;1672694740944;0.0
APPROXIMATION;12349;214;1;1672694740944;0.0
APPROXIMATION;12352;214;1;1672694740944;0.0
APPROXIMATION;12350;214;1;1672694740944;0.0
APPROXIMATION;12351;214;1;1672694740944;0.0
APPROXIMATION;12345;214;2;1672694740945;0.0
APPROXIMATION;12348;214;2;1672694740945;0.0
APPROXIMATION;12351;214;2;1672694740945;0.0
APPROXIMATION;12350;214;2;1672694740945;0.0
APPROXIMATION;12352;214;2;1672694740945;0.0
APPROXIMATION;12349;214;2;1672694740945;0.0
APPROXIMATION;12345;214;3;1672694740946;0.0
APPROXIMATION;12348;214;3;1672694740989;0.0
APPROXIMATION;12346;214;2;1672694740989;0.0
APPROXIMATION;12351;214;3;1672694740989;0.0
APPROXIMATION;12349;214;3;1672694740989;0.0
APPROXIMATION;12352;214;3;1672694740989;0.0
APPROXIMATION;12350;214;3;1672694740989;0.0
APPROXIMATION;12346;214;3;1672694740990;0.0
APPROXIMATION;12345;214;4;1672694740990;0.0
APPROXIMATION;12348;214;4;1672694740990;0.0
APPROXIMATION;12346;214;4;1672694740990;0.0
APPROXIMATION;12349;214;4;1672694740990;0.0
APPROXIMATION;12350;214;4;1672694740990;0.0
APPROXIMATION;12345;214;5;1672694740990;0.0
APPROXIMATION;12351;214;4;1672694740990;0.0
APPROXIMATION;12352;214;4;1672694740990;0.0
APPROXIMATION;12346;214;5;1672694740991;0.0
APPROXIMATION;12348;214;5;1672694740991;0.0
APPROXIMATION;12349;214;5;1672694740991;0.0
APPROXIMATION;12350;214;5;1672694740991;0.0
APPROXIMATION;12352;214;5;1672694740991;0.0
APPROXIMATION;12351;214;5;1672694740991;0.0
APPROXIMATION;12345;214;6;1672694740991;0.0
APPROXIMATION;12346;214;6;1672694740991;0.0
APPROXIMATION;12349;214;6;1672694740991;0.0
APPROXIMATION;12348;214;6;1672694740991;0.0
APPROXIMATION;12350;214;6;1672694740991;0.0
APPROXIMATION;12351;214;6;1672694740991;0.0
APPROXIMATION;12352;214;6;1672694740991;0.0
APPROXIMATION;12345;214;7;1672694740992;0.0
APPROXIMATION;12346;214;7;1672694740992;0.0
APPROXIMATION;12348;214;7;1672694740992;0.0
APPROXIMATION;12349;214;7;1672694740992;0.0
APPROXIMATION;12351;214;7;1672694740992;0.0
APPROXIMATION;12352;214;7;1672694741039;0.0
APPROXIMATION;12350;214;7;1672694741039;0.0
APPROXIMATION;12345;214;8;1672694741040;0.0
APPROXIMATION;12346;214;8;1672694741040;0.0
APPROXIMATION;12348;214;8;1672694741040;0.0
APPROXIMATION;12351;214;8;1672694741040;0.0
APPROXIMATION;12349;214;8;1672694741040;0.0
APPROXIMATION;12350;214;8;1672694741040;0.0
APPROXIMATION;12352;214;8;1672694741040;0.0
APPROXIMATION;12345;214;9;1672694741040;0.0
APPROXIMATION;12346;214;9;1672694741040;0.0
APPROXIMATION;12348;214;9;1672694741040;0.0
APPROXIMATION;12352;214;9;1672694741040;0.0
APPROXIMATION;12350;214;9;1672694741040;0.0
APPROXIMATION;12349;214;9;1672694741040;0.0
APPROXIMATION;12351;214;9;1672694741040;0.0
APPROXIMATION;12346;214;10;1672694741040;0.0
APPROXIMATION;12345;214;10;1672694741041;0.0
APPROXIMATION;12348;214;10;1672694741041;0.0
APPROXIMATION;12350;214;10;1672694741041;0.0
APPROXIMATION;12352;214;10;1672694741041;0.0
APPROXIMATION;12351;214;10;1672694741041;0.0
APPROXIMATION;12349;214;10;1672694741041;0.0
APPROXIMATION;12348;214;11;1672694741041;0.0
APPROXIMATION;12349;214;11;1672694741041;0.0
APPROXIMATION;12350;214;11;1672694741041;0.0
APPROXIMATION;12351;214;11;1672694741041;0.0
APPROXIMATION;12352;214;11;1672694741041;0.0
APPROXIMATION;12345;214;11;1672694741090;0.0
APPROXIMATION;12346;214;11;1672694741090;0.0
APPROXIMATION;12345;214;12;1672694741090;0.0
APPROXIMATION;12348;214;12;1672694741090;0.0
APPROXIMATION;12349;214;12;1672694741090;0.0
APPROXIMATION;12350;214;12;1672694741090;0.0
APPROXIMATION;12346;214;12;1672694741090;0.0
APPROXIMATION;12351;214;12;1672694741091;0.0
APPROXIMATION;12352;214;12;1672694741091;0.0
APPROXIMATION;12345;214;13;1672694741091;0.0
APPROXIMATION;12346;214;13;1672694741091;0.0
APPROXIMATION;12348;214;13;1672694741091;0.0
APPROXIMATION;12349;214;13;1672694741091;0.0
APPROXIMATION;12350;214;13;1672694741091;0.0
APPROXIMATION;12351;214;13;1672694741091;0.0
APPROXIMATION;12352;214;13;1672694741091;0.0
HALTED;12348;214;14;1672694741091;0.0
HALTED;12345;214;14;1672694741092;0.0
HALTED;12350;214;14;1672694741092;0.0
HALTED;12351;214;14;1672694741092;0.0
HALTED;12349;214;14;1672694741092;0.0
HALTED;12346;214;14;1672694741092;0.0
HALTED;12352;214;14;1672694741092;0.0
INITIALIZATION;12345;215;0;1672694741192;0.0
INITIALIZATION;12346;215;0;1672694741193;0.0
INITIALIZATION;12348;215;0;1672694741193;0.0
INITIALIZATION;12349;215;0;1672694741193;0.0
INITIALIZATION;12350;215;0;1672694741193;0.0
INITIALIZATION;12351;215;0;1672694741193;0.0
INITIALIZATION;12352;215;0;1672694741193;0.0
APPROXIMATION;12345;215;1;1672694741193;0.0
APPROXIMATION;12346;215;1;1672694741193;0.0
APPROXIMATION;12348;215;1;1672694741193;0.0
APPROXIMATION;12349;215;1;1672694741193;0.0
APPROXIMATION;12351;215;1;1672694741193;0.0
APPROXIMATION;12352;215;1;1672694741193;0.0
APPROXIMATION;12350;215;1;1672694741193;0.0
APPROXIMATION;12345;215;2;1672694741193;0.0
APPROXIMATION;12348;215;2;1672694741194;0.0
APPROXIMATION;12346;215;2;1672694741194;0.0
APPROXIMATION;12349;215;2;1672694741194;0.0
APPROXIMATION;12351;215;2;1672694741194;0.0
APPROXIMATION;12350;215;2;1672694741194;0.0
APPROXIMATION;12352;215;2;1672694741194;0.0
APPROXIMATION;12345;215;3;1672694741194;0.0
APPROXIMATION;12350;215;3;1672694741194;0.0
APPROXIMATION;12351;215;3;1672694741194;0.0
APPROXIMATION;12352;215;3;1672694741194;0.0
APPROXIMATION;12349;215;3;1672694741194;0.0
APPROXIMATION;12346;215;3;1672694741240;0.0
APPROXIMATION;12348;215;3;1672694741240;0.0
APPROXIMATION;12345;215;4;1672694741240;0.0
APPROXIMATION;12349;215;4;1672694741240;0.0
APPROXIMATION;12348;215;4;1672694741240;0.0
APPROXIMATION;12346;215;4;1672694741240;0.0
APPROXIMATION;12351;215;4;1672694741240;0.0
APPROXIMATION;12350;215;4;1672694741240;0.0
APPROXIMATION;12352;215;4;1672694741240;0.0
APPROXIMATION;12345;215;5;1672694741240;0.0
APPROXIMATION;12346;215;5;1672694741240;0.0
APPROXIMATION;12349;215;5;1672694741240;0.0
APPROXIMATION;12348;215;5;1672694741240;0.0
APPROXIMATION;12351;215;5;1672694741240;0.0
APPROXIMATION;12350;215;5;1672694741240;0.0
APPROXIMATION;12352;215;5;1672694741240;0.0
APPROXIMATION;12345;215;6;1672694741241;0.0
APPROXIMATION;12348;215;6;1672694741241;0.0
APPROXIMATION;12346;215;6;1672694741241;0.0
APPROXIMATION;12349;215;6;1672694741241;0.0
APPROXIMATION;12350;215;6;1672694741241;0.0
APPROXIMATION;12352;215;6;1672694741241;0.0
APPROXIMATION;12351;215;6;1672694741241;0.0
APPROXIMATION;12345;215;7;1672694741241;0.0
APPROXIMATION;12348;215;7;1672694741241;0.0
APPROXIMATION;12346;215;7;1672694741241;0.0
APPROXIMATION;12349;215;7;1672694741241;0.0
APPROXIMATION;12351;215;7;1672694741241;0.0
APPROXIMATION;12350;215;7;1672694741241;0.0
APPROXIMATION;12352;215;7;1672694741242;0.0
APPROXIMATION;12345;215;8;1672694741242;0.0
APPROXIMATION;12346;215;8;1672694741242;0.0
APPROXIMATION;12348;215;8;1672694741242;0.0
APPROXIMATION;12349;215;8;1672694741242;0.0
APPROXIMATION;12350;215;8;1672694741242;0.0
APPROXIMATION;12351;215;8;1672694741242;0.0
APPROXIMATION;12352;215;8;1672694741242;0.0
APPROXIMATION;12345;215;9;1672694741242;0.0
APPROXIMATION;12346;215;9;1672694741242;0.0
APPROXIMATION;12349;215;9;1672694741242;0.0
APPROXIMATION;12348;215;9;1672694741242;0.0
APPROXIMATION;12350;215;9;1672694741242;0.0
APPROXIMATION;12351;215;9;1672694741242;0.0
APPROXIMATION;12352;215;9;1672694741243;0.0
APPROXIMATION;12345;215;10;1672694741243;0.0
APPROXIMATION;12346;215;10;1672694741243;0.0
APPROXIMATION;12348;215;10;1672694741243;0.0
APPROXIMATION;12349;215;10;1672694741243;0.0
APPROXIMATION;12350;215;10;1672694741243;0.0
APPROXIMATION;12351;215;10;1672694741243;0.0
APPROXIMATION;12352;215;10;1672694741243;0.0
APPROXIMATION;12345;215;11;1672694741243;0.0
APPROXIMATION;12346;215;11;1672694741243;0.0
APPROXIMATION;12348;215;11;1672694741243;0.0
APPROXIMATION;12349;215;11;1672694741243;0.0
APPROXIMATION;12351;215;11;1672694741243;0.0
APPROXIMATION;12350;215;11;1672694741243;0.0
APPROXIMATION;12352;215;11;1672694741243;0.0
APPROXIMATION;12345;215;12;1672694741243;0.0
APPROXIMATION;12346;215;12;1672694741243;0.0
APPROXIMATION;12348;215;12;1672694741243;0.0
APPROXIMATION;12349;215;12;1672694741244;0.0
APPROXIMATION;12351;215;12;1672694741244;0.0
APPROXIMATION;12352;215;12;1672694741244;0.0
APPROXIMATION;12350;215;12;1672694741244;0.0
APPROXIMATION;12345;215;13;1672694741244;0.0
APPROXIMATION;12346;215;13;1672694741244;0.0
APPROXIMATION;12348;215;13;1672694741244;0.0
APPROXIMATION;12349;215;13;1672694741244;0.0
APPROXIMATION;12351;215;13;1672694741244;0.0
APPROXIMATION;12352;215;13;1672694741244;0.0
APPROXIMATION;12350;215;13;1672694741244;0.0
HALTED;12345;215;14;1672694741244;0.0
HALTED;12346;215;14;1672694741244;0.0
HALTED;12348;215;14;1672694741244;0.0
HALTED;12349;215;14;1672694741244;0.0
HALTED;12351;215;14;1672694741244;0.0
HALTED;12352;215;14;1672694741245;0.0
HALTED;12350;215;14;1672694741245;0.0
INITIALIZATION;12345;216;0;1672694741345;0.0
INITIALIZATION;12346;216;0;1672694741345;0.0
INITIALIZATION;12349;216;0;1672694741346;0.0
INITIALIZATION;12348;216;0;1672694741346;0.0
INITIALIZATION;12352;216;0;1672694741346;0.0
INITIALIZATION;12350;216;0;1672694741346;0.0
INITIALIZATION;12351;216;0;1672694741346;0.0
APPROXIMATION;12345;216;1;1672694741346;0.0
APPROXIMATION;12346;216;1;1672694741346;0.0
APPROXIMATION;12348;216;1;1672694741346;0.0
APPROXIMATION;12349;216;1;1672694741346;0.0
APPROXIMATION;12350;216;1;1672694741346;0.0
APPROXIMATION;12351;216;1;1672694741346;0.0
APPROXIMATION;12352;216;1;1672694741346;0.0
APPROXIMATION;12348;216;2;1672694741347;0.0
APPROXIMATION;12346;216;2;1672694741347;0.0
APPROXIMATION;12345;216;2;1672694741347;0.0
APPROXIMATION;12349;216;2;1672694741347;0.0
APPROXIMATION;12350;216;2;1672694741347;0.0
APPROXIMATION;12351;216;2;1672694741347;0.0
APPROXIMATION;12352;216;2;1672694741347;0.0
APPROXIMATION;12346;216;3;1672694741347;0.0
APPROXIMATION;12348;216;3;1672694741347;0.0
APPROXIMATION;12350;216;3;1672694741347;0.0
APPROXIMATION;12352;216;3;1672694741347;0.0
APPROXIMATION;12351;216;3;1672694741347;0.0
APPROXIMATION;12345;216;3;1672694741347;0.0
APPROXIMATION;12349;216;3;1672694741347;0.0
APPROXIMATION;12346;216;4;1672694741348;0.0
APPROXIMATION;12348;216;4;1672694741348;0.0
APPROXIMATION;12350;216;4;1672694741348;0.0
APPROXIMATION;12349;216;4;1672694741348;0.0
APPROXIMATION;12351;216;4;1672694741348;0.0
APPROXIMATION;12345;216;4;1672694741348;0.0
APPROXIMATION;12352;216;4;1672694741348;0.0
APPROXIMATION;12346;216;5;1672694741348;0.0
APPROXIMATION;12348;216;5;1672694741348;0.0
APPROXIMATION;12349;216;5;1672694741348;0.0
APPROXIMATION;12350;216;5;1672694741348;0.0
APPROXIMATION;12351;216;5;1672694741348;0.0
APPROXIMATION;12352;216;5;1672694741348;0.0
APPROXIMATION;12345;216;5;1672694741348;0.0
APPROXIMATION;12346;216;6;1672694741349;0.0
APPROXIMATION;12348;216;6;1672694741349;0.0
APPROXIMATION;12349;216;6;1672694741349;0.0
APPROXIMATION;12350;216;6;1672694741349;0.0
APPROXIMATION;12351;216;6;1672694741349;0.0
APPROXIMATION;12352;216;6;1672694741349;0.0
APPROXIMATION;12345;216;6;1672694741349;0.0
APPROXIMATION;12346;216;7;1672694741349;0.0
APPROXIMATION;12348;216;7;1672694741349;0.0
APPROXIMATION;12349;216;7;1672694741349;0.0
APPROXIMATION;12350;216;7;1672694741349;0.0
APPROXIMATION;12351;216;7;1672694741349;0.0
APPROXIMATION;12352;216;7;1672694741349;0.0
APPROXIMATION;12345;216;7;1672694741349;0.0
APPROXIMATION;12346;216;8;1672694741350;0.0
APPROXIMATION;12348;216;8;1672694741350;0.0
APPROXIMATION;12349;216;8;1672694741350;0.0
APPROXIMATION;12350;216;8;1672694741350;0.0
APPROXIMATION;12351;216;8;1672694741350;0.0
APPROXIMATION;12352;216;8;1672694741350;0.0
APPROXIMATION;12345;216;8;1672694741350;0.0
APPROXIMATION;12346;216;9;1672694741350;0.0
APPROXIMATION;12348;216;9;1672694741350;0.0
APPROXIMATION;12349;216;9;1672694741350;0.0
APPROXIMATION;12351;216;9;1672694741350;0.0
APPROXIMATION;12350;216;9;1672694741350;0.0
APPROXIMATION;12352;216;9;1672694741350;0.0
APPROXIMATION;12345;216;9;1672694741350;0.0
APPROXIMATION;12346;216;10;1672694741351;0.0
APPROXIMATION;12348;216;10;1672694741351;0.0
APPROXIMATION;12349;216;10;1672694741351;0.0
APPROXIMATION;12350;216;10;1672694741351;0.0
APPROXIMATION;12351;216;10;1672694741351;0.0
APPROXIMATION;12352;216;10;1672694741351;0.0
APPROXIMATION;12345;216;10;1672694741351;0.0
APPROXIMATION;12346;216;11;1672694741351;0.0
APPROXIMATION;12348;216;11;1672694741351;0.0
APPROXIMATION;12349;216;11;1672694741351;0.0
APPROXIMATION;12350;216;11;1672694741351;0.0
APPROXIMATION;12351;216;11;1672694741351;0.0
APPROXIMATION;12352;216;11;1672694741352;0.0
APPROXIMATION;12345;216;11;1672694741352;0.0
APPROXIMATION;12346;216;12;1672694741352;0.0
APPROXIMATION;12348;216;12;1672694741352;0.0
APPROXIMATION;12349;216;12;1672694741352;0.0
APPROXIMATION;12350;216;12;1672694741352;0.0
APPROXIMATION;12351;216;12;1672694741352;0.0
APPROXIMATION;12352;216;12;1672694741352;0.0
APPROXIMATION;12345;216;12;1672694741352;0.0
APPROXIMATION;12346;216;13;1672694741352;0.0
APPROXIMATION;12348;216;13;1672694741352;0.0
APPROXIMATION;12349;216;13;1672694741352;0.0
APPROXIMATION;12350;216;13;1672694741352;0.0
APPROXIMATION;12351;216;13;1672694741352;0.0
APPROXIMATION;12352;216;13;1672694741353;0.0
APPROXIMATION;12345;216;13;1672694741353;0.0
HALTED;12346;216;14;1672694741353;0.0
HALTED;12348;216;14;1672694741353;0.0
HALTED;12349;216;14;1672694741353;0.0
HALTED;12350;216;14;1672694741353;0.0
HALTED;12351;216;14;1672694741353;0.0
HALTED;12352;216;14;1672694741353;0.0
HALTED;12345;216;14;1672694741353;0.0
INITIALIZATION;12345;217;0;1672694741454;0.0
INITIALIZATION;12346;217;0;1672694741455;0.0
INITIALIZATION;12348;217;0;1672694741455;0.0
INITIALIZATION;12349;217;0;1672694741455;0.0
INITIALIZATION;12350;217;0;1672694741455;0.0
INITIALIZATION;12352;217;0;1672694741455;0.0
INITIALIZATION;12351;217;0;1672694741455;0.0
APPROXIMATION;12345;217;1;1672694741455;0.0
APPROXIMATION;12346;217;1;1672694741455;0.0
APPROXIMATION;12348;217;1;1672694741455;0.0
APPROXIMATION;12349;217;1;1672694741455;0.0
APPROXIMATION;12352;217;1;1672694741456;0.0
APPROXIMATION;12345;217;2;1672694741456;0.0
APPROXIMATION;12351;217;1;1672694741456;0.0
APPROXIMATION;12350;217;1;1672694741456;0.0
APPROXIMATION;12348;217;2;1672694741456;0.0
APPROXIMATION;12349;217;2;1672694741456;0.0
APPROXIMATION;12346;217;2;1672694741457;0.0
APPROXIMATION;12351;217;2;1672694741457;0.0
APPROXIMATION;12350;217;2;1672694741457;0.0
APPROXIMATION;12352;217;2;1672694741457;0.0
APPROXIMATION;12345;217;3;1672694741457;0.0
APPROXIMATION;12349;217;3;1672694741457;0.0
APPROXIMATION;12351;217;3;1672694741457;0.0
APPROXIMATION;12346;217;3;1672694741457;0.0
APPROXIMATION;12348;217;3;1672694741457;0.0
APPROXIMATION;12352;217;3;1672694741457;0.0
APPROXIMATION;12350;217;3;1672694741457;0.0
APPROXIMATION;12345;217;4;1672694741457;0.0
APPROXIMATION;12348;217;4;1672694741457;0.0
APPROXIMATION;12351;217;4;1672694741457;0.0
APPROXIMATION;12350;217;4;1672694741457;0.0
APPROXIMATION;12349;217;4;1672694741457;0.0
APPROXIMATION;12346;217;4;1672694741457;0.0
APPROXIMATION;12352;217;4;1672694741457;0.0
APPROXIMATION;12345;217;5;1672694741458;0.0
APPROXIMATION;12348;217;5;1672694741458;0.0
APPROXIMATION;12350;217;5;1672694741458;0.0
APPROXIMATION;12346;217;5;1672694741458;0.0
APPROXIMATION;12351;217;5;1672694741458;0.0
APPROXIMATION;12349;217;5;1672694741458;0.0
APPROXIMATION;12352;217;5;1672694741458;0.0
APPROXIMATION;12348;217;6;1672694741458;0.0
APPROXIMATION;12346;217;6;1672694741458;0.0
APPROXIMATION;12350;217;6;1672694741458;0.0
APPROXIMATION;12351;217;6;1672694741458;0.0
APPROXIMATION;12345;217;6;1672694741458;0.0
APPROXIMATION;12349;217;6;1672694741458;0.0
APPROXIMATION;12352;217;6;1672694741458;0.0
APPROXIMATION;12348;217;7;1672694741458;0.0
APPROXIMATION;12346;217;7;1672694741458;0.0
APPROXIMATION;12350;217;7;1672694741459;0.0
APPROXIMATION;12349;217;7;1672694741459;0.0
APPROXIMATION;12351;217;7;1672694741459;0.0
APPROXIMATION;12352;217;7;1672694741459;0.0
APPROXIMATION;12345;217;7;1672694741459;0.0
APPROXIMATION;12346;217;8;1672694741459;0.0
APPROXIMATION;12348;217;8;1672694741459;0.0
APPROXIMATION;12349;217;8;1672694741459;0.0
APPROXIMATION;12350;217;8;1672694741459;0.0
APPROXIMATION;12345;217;8;1672694741459;0.0
APPROXIMATION;12352;217;8;1672694741459;0.0
APPROXIMATION;12351;217;8;1672694741459;0.0
APPROXIMATION;12346;217;9;1672694741459;0.0
APPROXIMATION;12348;217;9;1672694741459;0.0
APPROXIMATION;12349;217;9;1672694741459;0.0
APPROXIMATION;12350;217;9;1672694741460;0.0
APPROXIMATION;12345;217;9;1672694741460;0.0
APPROXIMATION;12351;217;9;1672694741460;0.0
APPROXIMATION;12352;217;9;1672694741460;0.0
APPROXIMATION;12346;217;10;1672694741460;0.0
APPROXIMATION;12348;217;10;1672694741460;0.0
APPROXIMATION;12349;217;10;1672694741460;0.0
APPROXIMATION;12351;217;10;1672694741460;0.0
APPROXIMATION;12345;217;10;1672694741460;0.0
APPROXIMATION;12350;217;10;1672694741460;0.0
APPROXIMATION;12352;217;10;1672694741460;0.0
APPROXIMATION;12346;217;11;1672694741460;0.0
APPROXIMATION;12348;217;11;1672694741460;0.0
APPROXIMATION;12349;217;11;1672694741460;0.0
APPROXIMATION;12350;217;11;1672694741460;0.0
APPROXIMATION;12351;217;11;1672694741460;0.0
APPROXIMATION;12345;217;11;1672694741460;0.0
APPROXIMATION;12352;217;11;1672694741460;0.0
APPROXIMATION;12346;217;12;1672694741461;0.0
APPROXIMATION;12348;217;12;1672694741461;0.0
APPROXIMATION;12349;217;12;1672694741461;0.0
APPROXIMATION;12350;217;12;1672694741461;0.0
APPROXIMATION;12351;217;12;1672694741461;0.0
APPROXIMATION;12352;217;12;1672694741461;0.0
APPROXIMATION;12345;217;12;1672694741461;0.0
APPROXIMATION;12346;217;13;1672694741461;0.0
APPROXIMATION;12348;217;13;1672694741461;0.0
APPROXIMATION;12349;217;13;1672694741461;0.0
APPROXIMATION;12350;217;13;1672694741461;0.0
APPROXIMATION;12351;217;13;1672694741461;0.0
APPROXIMATION;12352;217;13;1672694741461;0.0
APPROXIMATION;12345;217;13;1672694741461;0.0
HALTED;12346;217;14;1672694741462;0.0
HALTED;12348;217;14;1672694741462;0.0
HALTED;12349;217;14;1672694741462;0.0
HALTED;12350;217;14;1672694741462;0.0
HALTED;12351;217;14;1672694741462;0.0
HALTED;12345;217;14;1672694741462;0.0
HALTED;12352;217;14;1672694741462;0.0
INITIALIZATION;12345;218;0;1672694741563;0.0
INITIALIZATION;12346;218;0;1672694741563;0.0
INITIALIZATION;12349;218;0;1672694741563;0.0
INITIALIZATION;12350;218;0;1672694741563;0.0
INITIALIZATION;12348;218;0;1672694741564;0.0
INITIALIZATION;12351;218;0;1672694741564;0.0
INITIALIZATION;12352;218;0;1672694741564;0.0
APPROXIMATION;12345;218;1;1672694741564;0.0
APPROXIMATION;12346;218;1;1672694741564;0.0
APPROXIMATION;12348;218;1;1672694741564;0.0
APPROXIMATION;12352;218;1;1672694741564;0.0
APPROXIMATION;12349;218;1;1672694741564;0.0
APPROXIMATION;12350;218;1;1672694741564;0.0
APPROXIMATION;12351;218;1;1672694741564;0.0
APPROXIMATION;12345;218;2;1672694741564;0.0
APPROXIMATION;12349;218;2;1672694741565;0.0
APPROXIMATION;12350;218;2;1672694741565;0.0
APPROXIMATION;12348;218;2;1672694741565;0.0
APPROXIMATION;12346;218;2;1672694741565;0.0
APPROXIMATION;12352;218;2;1672694741565;0.0
APPROXIMATION;12351;218;2;1672694741565;0.0
APPROXIMATION;12345;218;3;1672694741565;0.0
APPROXIMATION;12346;218;3;1672694741566;0.0
APPROXIMATION;12348;218;3;1672694741566;0.0
APPROXIMATION;12349;218;3;1672694741566;0.0
APPROXIMATION;12350;218;3;1672694741566;0.0
APPROXIMATION;12352;218;3;1672694741566;0.0
APPROXIMATION;12351;218;3;1672694741566;0.0
APPROXIMATION;12346;218;4;1672694741566;0.0
APPROXIMATION;12345;218;4;1672694741566;0.0
APPROXIMATION;12351;218;4;1672694741566;0.0
APPROXIMATION;12349;218;4;1672694741566;0.0
APPROXIMATION;12350;218;4;1672694741566;0.0
APPROXIMATION;12352;218;4;1672694741566;0.0
APPROXIMATION;12348;218;4;1672694741566;0.0
APPROXIMATION;12346;218;5;1672694741566;0.0
APPROXIMATION;12349;218;5;1672694741566;0.0
APPROXIMATION;12351;218;5;1672694741566;0.0
APPROXIMATION;12350;218;5;1672694741566;0.0
APPROXIMATION;12348;218;5;1672694741566;0.0
APPROXIMATION;12352;218;5;1672694741566;0.0
APPROXIMATION;12345;218;5;1672694741567;0.0
APPROXIMATION;12346;218;6;1672694741567;0.0
APPROXIMATION;12349;218;6;1672694741567;0.0
APPROXIMATION;12348;218;6;1672694741567;0.0
APPROXIMATION;12350;218;6;1672694741567;0.0
APPROXIMATION;12351;218;6;1672694741567;0.0
APPROXIMATION;12352;218;6;1672694741567;0.0
APPROXIMATION;12345;218;6;1672694741567;0.0
APPROXIMATION;12346;218;7;1672694741567;0.0
APPROXIMATION;12348;218;7;1672694741567;0.0
APPROXIMATION;12349;218;7;1672694741567;0.0
APPROXIMATION;12350;218;7;1672694741568;0.0
APPROXIMATION;12352;218;7;1672694741568;0.0
APPROXIMATION;12351;218;7;1672694741568;0.0
APPROXIMATION;12345;218;7;1672694741568;0.0
APPROXIMATION;12346;218;8;1672694741568;0.0
APPROXIMATION;12348;218;8;1672694741568;0.0
APPROXIMATION;12349;218;8;1672694741568;0.0
APPROXIMATION;12350;218;8;1672694741568;0.0
APPROXIMATION;12352;218;8;1672694741568;0.0
APPROXIMATION;12351;218;8;1672694741568;0.0
APPROXIMATION;12345;218;8;1672694741568;0.0
APPROXIMATION;12346;218;9;1672694741568;0.0
APPROXIMATION;12348;218;9;1672694741568;0.0
APPROXIMATION;12349;218;9;1672694741568;0.0
APPROXIMATION;12350;218;9;1672694741569;0.0
APPROXIMATION;12352;218;9;1672694741569;0.0
APPROXIMATION;12351;218;9;1672694741569;0.0
APPROXIMATION;12345;218;9;1672694741569;0.0
APPROXIMATION;12346;218;10;1672694741569;0.0
APPROXIMATION;12348;218;10;1672694741569;0.0
APPROXIMATION;12349;218;10;1672694741569;0.0
APPROXIMATION;12350;218;10;1672694741569;0.0
APPROXIMATION;12351;218;10;1672694741569;0.0
APPROXIMATION;12352;218;10;1672694741569;0.0
APPROXIMATION;12345;218;10;1672694741569;0.0
APPROXIMATION;12346;218;11;1672694741569;0.0
APPROXIMATION;12348;218;11;1672694741570;0.0
APPROXIMATION;12349;218;11;1672694741570;0.0
APPROXIMATION;12350;218;11;1672694741570;0.0
APPROXIMATION;12351;218;11;1672694741570;0.0
APPROXIMATION;12352;218;11;1672694741570;0.0
APPROXIMATION;12345;218;11;1672694741570;0.0
APPROXIMATION;12346;218;12;1672694741570;0.0
APPROXIMATION;12348;218;12;1672694741570;0.0
APPROXIMATION;12349;218;12;1672694741570;0.0
APPROXIMATION;12350;218;12;1672694741570;0.0
APPROXIMATION;12351;218;12;1672694741570;0.0
APPROXIMATION;12352;218;12;1672694741570;0.0
APPROXIMATION;12345;218;12;1672694741570;0.0
APPROXIMATION;12346;218;13;1672694741570;0.0
APPROXIMATION;12348;218;13;1672694741571;0.0
APPROXIMATION;12349;218;13;1672694741571;0.0
APPROXIMATION;12350;218;13;1672694741571;0.0
APPROXIMATION;12351;218;13;1672694741571;0.0
APPROXIMATION;12352;218;13;1672694741571;0.0
APPROXIMATION;12345;218;13;1672694741571;0.0
HALTED;12348;218;14;1672694741571;0.0
HALTED;12346;218;14;1672694741571;0.0
HALTED;12349;218;14;1672694741571;0.0
HALTED;12350;218;14;1672694741571;0.0
HALTED;12352;218;14;1672694741571;0.0
HALTED;12351;218;14;1672694741571;0.0
HALTED;12345;218;14;1672694741571;0.0
INITIALIZATION;12345;219;0;1672694741672;0.0
INITIALIZATION;12346;219;0;1672694741673;0.0
INITIALIZATION;12351;219;0;1672694741673;0.0
INITIALIZATION;12348;219;0;1672694741673;0.0
INITIALIZATION;12350;219;0;1672694741673;0.0
INITIALIZATION;12349;219;0;1672694741673;0.0
INITIALIZATION;12352;219;0;1672694741673;0.0
APPROXIMATION;12345;219;1;1672694741674;0.0
APPROXIMATION;12346;219;1;1672694741674;0.0
APPROXIMATION;12348;219;1;1672694741674;0.0
APPROXIMATION;12349;219;1;1672694741674;0.0
APPROXIMATION;12350;219;1;1672694741674;0.0
APPROXIMATION;12351;219;1;1672694741674;0.0
APPROXIMATION;12352;219;1;1672694741674;0.0
APPROXIMATION;12345;219;2;1672694741674;0.0
APPROXIMATION;12346;219;2;1672694741674;0.0
APPROXIMATION;12348;219;2;1672694741674;0.0
APPROXIMATION;12349;219;2;1672694741674;0.0
APPROXIMATION;12351;219;2;1672694741674;0.0
APPROXIMATION;12352;219;2;1672694741675;0.0
APPROXIMATION;12350;219;2;1672694741675;0.0
APPROXIMATION;12349;219;3;1672694741675;0.0
APPROXIMATION;12350;219;3;1672694741675;0.0
APPROXIMATION;12352;219;3;1672694741675;0.0
APPROXIMATION;12351;219;3;1672694741719;0.0
APPROXIMATION;12348;219;3;1672694741720;0.0
APPROXIMATION;12345;219;3;1672694741720;0.0
APPROXIMATION;12346;219;3;1672694741720;0.0
APPROXIMATION;12346;219;4;1672694741720;0.0
APPROXIMATION;12345;219;4;1672694741720;0.0
APPROXIMATION;12349;219;4;1672694741720;0.0
APPROXIMATION;12348;219;4;1672694741720;0.0
APPROXIMATION;12352;219;4;1672694741720;0.0
APPROXIMATION;12350;219;4;1672694741720;0.0
APPROXIMATION;12351;219;4;1672694741720;0.0
APPROXIMATION;12349;219;5;1672694741721;0.0
APPROXIMATION;12345;219;5;1672694741721;0.0
APPROXIMATION;12346;219;5;1672694741721;0.0
APPROXIMATION;12348;219;5;1672694741721;0.0
APPROXIMATION;12350;219;5;1672694741721;0.0
APPROXIMATION;12351;219;5;1672694741721;0.0
APPROXIMATION;12352;219;5;1672694741721;0.0
APPROXIMATION;12345;219;6;1672694741721;0.0
APPROXIMATION;12346;219;6;1672694741721;0.0
APPROXIMATION;12348;219;6;1672694741722;0.0
APPROXIMATION;12349;219;6;1672694741722;0.0
APPROXIMATION;12352;219;6;1672694741722;0.0
APPROXIMATION;12351;219;6;1672694741722;0.0
APPROXIMATION;12350;219;6;1672694741722;0.0
APPROXIMATION;12346;219;7;1672694741722;0.0
APPROXIMATION;12348;219;7;1672694741722;0.0
APPROXIMATION;12345;219;7;1672694741722;0.0
APPROXIMATION;12351;219;7;1672694741722;0.0
APPROXIMATION;12350;219;7;1672694741722;0.0
APPROXIMATION;12349;219;7;1672694741722;0.0
APPROXIMATION;12352;219;7;1672694741722;0.0
APPROXIMATION;12346;219;8;1672694741722;0.0
APPROXIMATION;12345;219;8;1672694741723;0.0
APPROXIMATION;12348;219;8;1672694741723;0.0
APPROXIMATION;12352;219;8;1672694741723;0.0
APPROXIMATION;12349;219;8;1672694741723;0.0
APPROXIMATION;12350;219;8;1672694741723;0.0
APPROXIMATION;12351;219;8;1672694741723;0.0
APPROXIMATION;12346;219;9;1672694741723;0.0
APPROXIMATION;12348;219;9;1672694741723;0.0
APPROXIMATION;12345;219;9;1672694741723;0.0
APPROXIMATION;12349;219;9;1672694741723;0.0
APPROXIMATION;12350;219;9;1672694741723;0.0
APPROXIMATION;12351;219;9;1672694741723;0.0
APPROXIMATION;12352;219;9;1672694741723;0.0
APPROXIMATION;12346;219;10;1672694741723;0.0
APPROXIMATION;12348;219;10;1672694741723;0.0
APPROXIMATION;12351;219;10;1672694741723;0.0
APPROXIMATION;12350;219;10;1672694741723;0.0
APPROXIMATION;12349;219;10;1672694741723;0.0
APPROXIMATION;12352;219;10;1672694741723;0.0
APPROXIMATION;12345;219;10;1672694741724;0.0
APPROXIMATION;12346;219;11;1672694741724;0.0
APPROXIMATION;12348;219;11;1672694741724;0.0
APPROXIMATION;12349;219;11;1672694741724;0.0
APPROXIMATION;12350;219;11;1672694741724;0.0
APPROXIMATION;12351;219;11;1672694741724;0.0
APPROXIMATION;12345;219;11;1672694741724;0.0
APPROXIMATION;12352;219;11;1672694741724;0.0
APPROXIMATION;12346;219;12;1672694741724;0.0
APPROXIMATION;12349;219;12;1672694741724;0.0
APPROXIMATION;12348;219;12;1672694741724;0.0
APPROXIMATION;12350;219;12;1672694741724;0.0
APPROXIMATION;12351;219;12;1672694741724;0.0
APPROXIMATION;12345;219;12;1672694741724;0.0
APPROXIMATION;12352;219;12;1672694741724;0.0
APPROXIMATION;12346;219;13;1672694741725;0.0
APPROXIMATION;12348;219;13;1672694741725;0.0
APPROXIMATION;12349;219;13;1672694741725;0.0
APPROXIMATION;12350;219;13;1672694741725;0.0
APPROXIMATION;12352;219;13;1672694741725;0.0
APPROXIMATION;12351;219;13;1672694741725;0.0
APPROXIMATION;12345;219;13;1672694741725;0.0
HALTED;12346;219;14;1672694741725;0.0
HALTED;12348;219;14;1672694741725;0.0
HALTED;12349;219;14;1672694741725;0.0
HALTED;12351;219;14;1672694741725;0.0
HALTED;12350;219;14;1672694741725;0.0
HALTED;12352;219;14;1672694741725;0.0
HALTED;12345;219;14;1672694741725;0.0
INITIALIZATION;12345;220;0;1672694741826;0.0
INITIALIZATION;12346;220;0;1672694741827;0.0
INITIALIZATION;12349;220;0;1672694741827;0.0
INITIALIZATION;12348;220;0;1672694741827;0.0
INITIALIZATION;12351;220;0;1672694741827;0.0
INITIALIZATION;12350;220;0;1672694741827;0.0
INITIALIZATION;12352;220;0;1672694741827;0.0
APPROXIMATION;12345;220;1;1672694741827;0.0
APPROXIMATION;12346;220;1;1672694741827;0.0
APPROXIMATION;12348;220;1;1672694741827;0.0
APPROXIMATION;12352;220;1;1672694741827;0.0
APPROXIMATION;12349;220;1;1672694741827;0.0
APPROXIMATION;12350;220;1;1672694741827;0.0
APPROXIMATION;12351;220;1;1672694741828;0.0
APPROXIMATION;12345;220;2;1672694741828;0.0
APPROXIMATION;12346;220;2;1672694741828;0.0
APPROXIMATION;12348;220;2;1672694741828;0.0
APPROXIMATION;12349;220;2;1672694741828;0.0
APPROXIMATION;12350;220;2;1672694741828;0.0
APPROXIMATION;12351;220;2;1672694741828;0.0
APPROXIMATION;12352;220;2;1672694741828;0.0
APPROXIMATION;12345;220;3;1672694741829;0.0
APPROXIMATION;12348;220;3;1672694741829;0.0
APPROXIMATION;12346;220;3;1672694741829;0.0
APPROXIMATION;12349;220;3;1672694741829;0.0
APPROXIMATION;12350;220;3;1672694741829;0.0
APPROXIMATION;12351;220;3;1672694741829;0.0
APPROXIMATION;12352;220;3;1672694741829;0.0
APPROXIMATION;12348;220;4;1672694741829;0.0
APPROXIMATION;12349;220;4;1672694741829;0.0
APPROXIMATION;12346;220;4;1672694741829;0.0
APPROXIMATION;12350;220;4;1672694741829;0.0
APPROXIMATION;12345;220;4;1672694741829;0.0
APPROXIMATION;12351;220;4;1672694741829;0.0
APPROXIMATION;12352;220;4;1672694741829;0.0
APPROXIMATION;12348;220;5;1672694741829;0.0
APPROXIMATION;12349;220;5;1672694741830;0.0
APPROXIMATION;12346;220;5;1672694741830;0.0
APPROXIMATION;12350;220;5;1672694741830;0.0
APPROXIMATION;12351;220;5;1672694741830;0.0
APPROXIMATION;12352;220;5;1672694741830;0.0
APPROXIMATION;12345;220;5;1672694741830;0.0
APPROXIMATION;12346;220;6;1672694741830;0.0
APPROXIMATION;12348;220;6;1672694741830;0.0
APPROXIMATION;12349;220;6;1672694741830;0.0
APPROXIMATION;12350;220;6;1672694741830;0.0
APPROXIMATION;12352;220;6;1672694741830;0.0
APPROXIMATION;12351;220;6;1672694741830;0.0
APPROXIMATION;12345;220;6;1672694741830;0.0
APPROXIMATION;12346;220;7;1672694741830;0.0
APPROXIMATION;12348;220;7;1672694741831;0.0
APPROXIMATION;12349;220;7;1672694741831;0.0
APPROXIMATION;12350;220;7;1672694741831;0.0
APPROXIMATION;12351;220;7;1672694741831;0.0
APPROXIMATION;12352;220;7;1672694741831;0.0
APPROXIMATION;12345;220;7;1672694741831;0.0
APPROXIMATION;12346;220;8;1672694741831;0.0
APPROXIMATION;12348;220;8;1672694741831;0.0
APPROXIMATION;12349;220;8;1672694741831;0.0
APPROXIMATION;12350;220;8;1672694741831;0.0
APPROXIMATION;12351;220;8;1672694741831;0.0
APPROXIMATION;12352;220;8;1672694741831;0.0
APPROXIMATION;12345;220;8;1672694741832;0.0
APPROXIMATION;12346;220;9;1672694741832;0.0
APPROXIMATION;12348;220;9;1672694741832;0.0
APPROXIMATION;12349;220;9;1672694741832;0.0
APPROXIMATION;12350;220;9;1672694741832;0.0
APPROXIMATION;12351;220;9;1672694741832;0.0
APPROXIMATION;12352;220;9;1672694741832;0.0
APPROXIMATION;12345;220;9;1672694741832;0.0
APPROXIMATION;12346;220;10;1672694741832;0.0
APPROXIMATION;12348;220;10;1672694741832;0.0
APPROXIMATION;12349;220;10;1672694741832;0.0
APPROXIMATION;12350;220;10;1672694741833;0.0
APPROXIMATION;12351;220;10;1672694741833;0.0
APPROXIMATION;12352;220;10;1672694741833;0.0
APPROXIMATION;12345;220;10;1672694741833;0.0
APPROXIMATION;12346;220;11;1672694741833;0.0
APPROXIMATION;12348;220;11;1672694741833;0.0
APPROXIMATION;12349;220;11;1672694741833;0.0
APPROXIMATION;12350;220;11;1672694741833;0.0
APPROXIMATION;12351;220;11;1672694741833;0.0
APPROXIMATION;12352;220;11;1672694741833;0.0
APPROXIMATION;12345;220;11;1672694741833;0.0
APPROXIMATION;12346;220;12;1672694741833;0.0
APPROXIMATION;12348;220;12;1672694741834;0.0
APPROXIMATION;12349;220;12;1672694741834;0.0
APPROXIMATION;12350;220;12;1672694741834;0.0
APPROXIMATION;12351;220;12;1672694741834;0.0
APPROXIMATION;12352;220;12;1672694741834;0.0
APPROXIMATION;12345;220;12;1672694741834;0.0
APPROXIMATION;12346;220;13;1672694741834;0.0
APPROXIMATION;12348;220;13;1672694741834;0.0
APPROXIMATION;12349;220;13;1672694741834;0.0
APPROXIMATION;12350;220;13;1672694741834;0.0
APPROXIMATION;12351;220;13;1672694741834;0.0
APPROXIMATION;12352;220;13;1672694741834;0.0
APPROXIMATION;12345;220;13;1672694741834;0.0
HALTED;12346;220;14;1672694741834;0.0
HALTED;12348;220;14;1672694741835;0.0
HALTED;12349;220;14;1672694741835;0.0
HALTED;12350;220;14;1672694741835;0.0
HALTED;12351;220;14;1672694741835;0.0
HALTED;12352;220;14;1672694741835;0.0
HALTED;12345;220;14;1672694741835;0.0
INITIALIZATION;12345;221;0;1672694741936;0.0
INITIALIZATION;12346;221;0;1672694741936;0.0
INITIALIZATION;12349;221;0;1672694741937;0.0
INITIALIZATION;12350;221;0;1672694741938;0.0
INITIALIZATION;12352;221;0;1672694741938;0.0
INITIALIZATION;12351;221;0;1672694741938;0.0
INITIALIZATION;12348;221;0;1672694741938;0.0
APPROXIMATION;12345;221;1;1672694741938;0.0
APPROXIMATION;12349;221;1;1672694741939;0.0
APPROXIMATION;12350;221;1;1672694741939;0.0
APPROXIMATION;12351;221;1;1672694741939;0.0
APPROXIMATION;12348;221;1;1672694741939;0.0
APPROXIMATION;12352;221;1;1672694741940;0.0
APPROXIMATION;12346;221;1;1672694741940;0.0
APPROXIMATION;12345;221;2;1672694741940;0.0
APPROXIMATION;12348;221;2;1672694741940;0.0
APPROXIMATION;12349;221;2;1672694741940;0.0
APPROXIMATION;12350;221;2;1672694741940;0.0
APPROXIMATION;12351;221;2;1672694741940;0.0
APPROXIMATION;12346;221;2;1672694741940;0.0
APPROXIMATION;12352;221;2;1672694741940;0.0
APPROXIMATION;12348;221;3;1672694741941;0.0
APPROXIMATION;12345;221;3;1672694741941;0.0
APPROXIMATION;12351;221;3;1672694741941;0.0
APPROXIMATION;12346;221;3;1672694741941;0.0
APPROXIMATION;12352;221;3;1672694741941;0.0
APPROXIMATION;12349;221;3;1672694741979;0.0
APPROXIMATION;12350;221;3;1672694741979;0.0
APPROXIMATION;12345;221;4;1672694741980;0.0
APPROXIMATION;12346;221;4;1672694741980;0.0
APPROXIMATION;12348;221;4;1672694741980;0.0
APPROXIMATION;12351;221;4;1672694741980;0.0
APPROXIMATION;12352;221;4;1672694741980;0.0
APPROXIMATION;12350;221;4;1672694741980;0.0
APPROXIMATION;12349;221;4;1672694741980;0.0
APPROXIMATION;12345;221;5;1672694741980;0.0
APPROXIMATION;12346;221;5;1672694741980;0.0
APPROXIMATION;12348;221;5;1672694741980;0.0
APPROXIMATION;12351;221;5;1672694741980;0.0
APPROXIMATION;12352;221;5;1672694741980;0.0
APPROXIMATION;12350;221;5;1672694741981;0.0
APPROXIMATION;12349;221;5;1672694741981;0.0
APPROXIMATION;12345;221;6;1672694741981;0.0
APPROXIMATION;12348;221;6;1672694741981;0.0
APPROXIMATION;12346;221;6;1672694741981;0.0
APPROXIMATION;12349;221;6;1672694741981;0.0
APPROXIMATION;12350;221;6;1672694741981;0.0
APPROXIMATION;12352;221;6;1672694741981;0.0
APPROXIMATION;12351;221;6;1672694741981;0.0
APPROXIMATION;12345;221;7;1672694741982;0.0
APPROXIMATION;12351;221;7;1672694741982;0.0
APPROXIMATION;12349;221;7;1672694741982;0.0
APPROXIMATION;12352;221;7;1672694741982;0.0
APPROXIMATION;12346;221;7;1672694741982;0.0
APPROXIMATION;12350;221;7;1672694741982;0.0
APPROXIMATION;12348;221;7;1672694741982;0.0
APPROXIMATION;12345;221;8;1672694741982;0.0
APPROXIMATION;12349;221;8;1672694741982;0.0
APPROXIMATION;12346;221;8;1672694741982;0.0
APPROXIMATION;12351;221;8;1672694741982;0.0
APPROXIMATION;12350;221;8;1672694741982;0.0
APPROXIMATION;12352;221;8;1672694741983;0.0
APPROXIMATION;12348;221;8;1672694741983;0.0
APPROXIMATION;12345;221;9;1672694741983;0.0
APPROXIMATION;12346;221;9;1672694741983;0.0
APPROXIMATION;12349;221;9;1672694741983;0.0
APPROXIMATION;12350;221;9;1672694741983;0.0
APPROXIMATION;12351;221;9;1672694741983;0.0
APPROXIMATION;12352;221;9;1672694741983;0.0
APPROXIMATION;12348;221;9;1672694741983;0.0
APPROXIMATION;12346;221;10;1672694741983;0.0
APPROXIMATION;12345;221;10;1672694741983;0.0
APPROXIMATION;12349;221;10;1672694741983;0.0
APPROXIMATION;12350;221;10;1672694741983;0.0
APPROXIMATION;12351;221;10;1672694741983;0.0
APPROXIMATION;12352;221;10;1672694741983;0.0
APPROXIMATION;12348;221;10;1672694741983;0.0
APPROXIMATION;12346;221;11;1672694741984;0.0
APPROXIMATION;12349;221;11;1672694741984;0.0
APPROXIMATION;12350;221;11;1672694741984;0.0
APPROXIMATION;12351;221;11;1672694741984;0.0
APPROXIMATION;12345;221;11;1672694741984;0.0
APPROXIMATION;12352;221;11;1672694741984;0.0
APPROXIMATION;12348;221;11;1672694741984;0.0
APPROXIMATION;12346;221;12;1672694741984;0.0
APPROXIMATION;12349;221;12;1672694741984;0.0
APPROXIMATION;12350;221;12;1672694741984;0.0
APPROXIMATION;12348;221;12;1672694741984;0.0
APPROXIMATION;12351;221;12;1672694741984;0.0
APPROXIMATION;12352;221;12;1672694741984;0.0
APPROXIMATION;12345;221;12;1672694741984;0.0
APPROXIMATION;12346;221;13;1672694741985;0.0
APPROXIMATION;12348;221;13;1672694741985;0.0
APPROXIMATION;12349;221;13;1672694741985;0.0
APPROXIMATION;12350;221;13;1672694741985;0.0
APPROXIMATION;12351;221;13;1672694741985;0.0
APPROXIMATION;12352;221;13;1672694741985;0.0
APPROXIMATION;12345;221;13;1672694741985;0.0
HALTED;12346;221;14;1672694741985;0.0
HALTED;12348;221;14;1672694741985;0.0
HALTED;12349;221;14;1672694741985;0.0
HALTED;12350;221;14;1672694741985;0.0
HALTED;12351;221;14;1672694741985;0.0
HALTED;12352;221;14;1672694741985;0.0
HALTED;12345;221;14;1672694741985;0.0
INITIALIZATION;12345;222;0;1672694742086;0.0
INITIALIZATION;12346;222;0;1672694742087;0.0
INITIALIZATION;12348;222;0;1672694742087;0.0
INITIALIZATION;12350;222;0;1672694742087;0.0
INITIALIZATION;12352;222;0;1672694742087;0.0
INITIALIZATION;12349;222;0;1672694742087;0.0
INITIALIZATION;12351;222;0;1672694742087;0.0
APPROXIMATION;12345;222;1;1672694742087;0.0
APPROXIMATION;12346;222;1;1672694742088;0.0
APPROXIMATION;12348;222;1;1672694742088;0.0
APPROXIMATION;12349;222;1;1672694742088;0.0
APPROXIMATION;12351;222;1;1672694742088;0.0
APPROXIMATION;12350;222;1;1672694742088;0.0
APPROXIMATION;12345;222;2;1672694742088;0.0
APPROXIMATION;12352;222;1;1672694742088;0.0
APPROXIMATION;12346;222;2;1672694742089;0.0
APPROXIMATION;12348;222;2;1672694742089;0.0
APPROXIMATION;12349;222;2;1672694742089;0.0
APPROXIMATION;12345;222;3;1672694742089;0.0
APPROXIMATION;12350;222;2;1672694742089;0.0
APPROXIMATION;12351;222;2;1672694742089;0.0
APPROXIMATION;12352;222;2;1672694742089;0.0
APPROXIMATION;12346;222;3;1672694742089;0.0
APPROXIMATION;12348;222;3;1672694742089;0.0
APPROXIMATION;12349;222;3;1672694742089;0.0
APPROXIMATION;12350;222;3;1672694742089;0.0
APPROXIMATION;12351;222;3;1672694742089;0.0
APPROXIMATION;12345;222;4;1672694742089;0.0
APPROXIMATION;12352;222;3;1672694742089;0.0
APPROXIMATION;12346;222;4;1672694742090;0.0
APPROXIMATION;12348;222;4;1672694742090;0.0
APPROXIMATION;12349;222;4;1672694742090;0.0
APPROXIMATION;12345;222;5;1672694742090;0.0
APPROXIMATION;12350;222;4;1672694742090;0.0
APPROXIMATION;12351;222;4;1672694742090;0.0
APPROXIMATION;12352;222;4;1672694742090;0.0
APPROXIMATION;12346;222;5;1672694742090;0.0
APPROXIMATION;12348;222;5;1672694742090;0.0
APPROXIMATION;12349;222;5;1672694742090;0.0
APPROXIMATION;12350;222;5;1672694742090;0.0
APPROXIMATION;12351;222;5;1672694742090;0.0
APPROXIMATION;12345;222;6;1672694742090;0.0
APPROXIMATION;12352;222;5;1672694742090;0.0
APPROXIMATION;12346;222;6;1672694742091;0.0
APPROXIMATION;12348;222;6;1672694742091;0.0
APPROXIMATION;12349;222;6;1672694742091;0.0
APPROXIMATION;12350;222;6;1672694742091;0.0
APPROXIMATION;12351;222;6;1672694742091;0.0
APPROXIMATION;12352;222;6;1672694742091;0.0
APPROXIMATION;12345;222;7;1672694742091;0.0
APPROXIMATION;12346;222;7;1672694742091;0.0
APPROXIMATION;12348;222;7;1672694742091;0.0
APPROXIMATION;12349;222;7;1672694742091;0.0
APPROXIMATION;12350;222;7;1672694742091;0.0
APPROXIMATION;12351;222;7;1672694742091;0.0
APPROXIMATION;12352;222;7;1672694742091;0.0
APPROXIMATION;12345;222;8;1672694742091;0.0
APPROXIMATION;12346;222;8;1672694742091;0.0
APPROXIMATION;12348;222;8;1672694742091;0.0
APPROXIMATION;12349;222;8;1672694742091;0.0
APPROXIMATION;12350;222;8;1672694742092;0.0
APPROXIMATION;12351;222;8;1672694742092;0.0
APPROXIMATION;12352;222;8;1672694742092;0.0
APPROXIMATION;12345;222;9;1672694742092;0.0
APPROXIMATION;12348;222;9;1672694742092;0.0
APPROXIMATION;12346;222;9;1672694742092;0.0
APPROXIMATION;12349;222;9;1672694742092;0.0
APPROXIMATION;12350;222;9;1672694742092;0.0
APPROXIMATION;12351;222;9;1672694742092;0.0
APPROXIMATION;12352;222;9;1672694742092;0.0
APPROXIMATION;12348;222;10;1672694742092;0.0
APPROXIMATION;12349;222;10;1672694742092;0.0
APPROXIMATION;12346;222;10;1672694742092;0.0
APPROXIMATION;12350;222;10;1672694742092;0.0
APPROXIMATION;12345;222;10;1672694742092;0.0
APPROXIMATION;12351;222;10;1672694742092;0.0
APPROXIMATION;12352;222;10;1672694742092;0.0
APPROXIMATION;12348;222;11;1672694742092;0.0
APPROXIMATION;12349;222;11;1672694742093;0.0
APPROXIMATION;12346;222;11;1672694742093;0.0
APPROXIMATION;12350;222;11;1672694742093;0.0
APPROXIMATION;12351;222;11;1672694742093;0.0
APPROXIMATION;12345;222;11;1672694742093;0.0
APPROXIMATION;12352;222;11;1672694742093;0.0
APPROXIMATION;12348;222;12;1672694742093;0.0
APPROXIMATION;12346;222;12;1672694742093;0.0
APPROXIMATION;12349;222;12;1672694742093;0.0
APPROXIMATION;12350;222;12;1672694742093;0.0
APPROXIMATION;12351;222;12;1672694742093;0.0
APPROXIMATION;12345;222;12;1672694742093;0.0
APPROXIMATION;12352;222;12;1672694742093;0.0
APPROXIMATION;12346;222;13;1672694742093;0.0
APPROXIMATION;12348;222;13;1672694742093;0.0
APPROXIMATION;12349;222;13;1672694742093;0.0
APPROXIMATION;12350;222;13;1672694742094;0.0
APPROXIMATION;12351;222;13;1672694742094;0.0
APPROXIMATION;12345;222;13;1672694742094;0.0
APPROXIMATION;12352;222;13;1672694742094;0.0
HALTED;12346;222;14;1672694742094;0.0
HALTED;12348;222;14;1672694742094;0.0
HALTED;12349;222;14;1672694742094;0.0
HALTED;12350;222;14;1672694742094;0.0
HALTED;12351;222;14;1672694742094;0.0
HALTED;12345;222;14;1672694742094;0.0
HALTED;12352;222;14;1672694742094;0.0
INITIALIZATION;12345;223;0;1672694742195;0.0
INITIALIZATION;12346;223;0;1672694742196;0.0
INITIALIZATION;12348;223;0;1672694742196;0.0
INITIALIZATION;12352;223;0;1672694742196;0.0
INITIALIZATION;12349;223;0;1672694742196;0.0
APPROXIMATION;12345;223;1;1672694742196;0.0
INITIALIZATION;12350;223;0;1672694742196;0.0
INITIALIZATION;12351;223;0;1672694742196;0.0
APPROXIMATION;12346;223;1;1672694742196;0.0
APPROXIMATION;12348;223;1;1672694742197;0.0
APPROXIMATION;12351;223;1;1672694742197;0.0
APPROXIMATION;12350;223;1;1672694742197;0.0
APPROXIMATION;12349;223;1;1672694742197;0.0
APPROXIMATION;12352;223;1;1672694742197;0.0
APPROXIMATION;12346;223;2;1672694742197;0.0
APPROXIMATION;12345;223;2;1672694742197;0.0
APPROXIMATION;12348;223;2;1672694742197;0.0
APPROXIMATION;12352;223;2;1672694742197;0.0
APPROXIMATION;12350;223;2;1672694742197;0.0
APPROXIMATION;12351;223;2;1672694742197;0.0
APPROXIMATION;12349;223;2;1672694742197;0.0
APPROXIMATION;12345;223;3;1672694742198;0.0
APPROXIMATION;12346;223;3;1672694742198;0.0
APPROXIMATION;12349;223;3;1672694742198;0.0
APPROXIMATION;12348;223;3;1672694742198;0.0
APPROXIMATION;12351;223;3;1672694742198;0.0
APPROXIMATION;12352;223;3;1672694742239;0.0
APPROXIMATION;12350;223;3;1672694742240;0.0
APPROXIMATION;12345;223;4;1672694742240;0.0
APPROXIMATION;12346;223;4;1672694742240;0.0
APPROXIMATION;12348;223;4;1672694742240;0.0
APPROXIMATION;12352;223;4;1672694742240;0.0
APPROXIMATION;12349;223;4;1672694742240;0.0
APPROXIMATION;12350;223;4;1672694742240;0.0
APPROXIMATION;12351;223;4;1672694742240;0.0
APPROXIMATION;12345;223;5;1672694742240;0.0
APPROXIMATION;12346;223;5;1672694742241;0.0
APPROXIMATION;12348;223;5;1672694742241;0.0
APPROXIMATION;12349;223;5;1672694742241;0.0
APPROXIMATION;12352;223;5;1672694742241;0.0
APPROXIMATION;12350;223;5;1672694742241;0.0
APPROXIMATION;12351;223;5;1672694742241;0.0
APPROXIMATION;12346;223;6;1672694742241;0.0
APPROXIMATION;12348;223;6;1672694742241;0.0
APPROXIMATION;12349;223;6;1672694742241;0.0
APPROXIMATION;12351;223;6;1672694742241;0.0
APPROXIMATION;12352;223;6;1672694742241;0.0
APPROXIMATION;12350;223;6;1672694742241;0.0
APPROXIMATION;12346;223;7;1672694742289;0.0
APPROXIMATION;12348;223;7;1672694742289;0.0
APPROXIMATION;12345;223;6;1672694742289;0.0
APPROXIMATION;12350;223;7;1672694742289;0.0
APPROXIMATION;12351;223;7;1672694742289;0.0
APPROXIMATION;12349;223;7;1672694742289;0.0
APPROXIMATION;12352;223;7;1672694742289;0.0
APPROXIMATION;12345;223;7;1672694742289;0.0
APPROXIMATION;12346;223;8;1672694742290;0.0
APPROXIMATION;12348;223;8;1672694742290;0.0
APPROXIMATION;12349;223;8;1672694742290;0.0
APPROXIMATION;12350;223;8;1672694742290;0.0
APPROXIMATION;12345;223;8;1672694742290;0.0
APPROXIMATION;12352;223;8;1672694742290;0.0
APPROXIMATION;12351;223;8;1672694742290;0.0
APPROXIMATION;12346;223;9;1672694742290;0.0
APPROXIMATION;12348;223;9;1672694742290;0.0
APPROXIMATION;12345;223;9;1672694742290;0.0
APPROXIMATION;12349;223;9;1672694742290;0.0
APPROXIMATION;12352;223;9;1672694742291;0.0
APPROXIMATION;12345;223;10;1672694742291;0.0
APPROXIMATION;12350;223;9;1672694742291;0.0
APPROXIMATION;12351;223;9;1672694742291;0.0
APPROXIMATION;12348;223;10;1672694742291;0.0
APPROXIMATION;12346;223;10;1672694742291;0.0
APPROXIMATION;12351;223;10;1672694742291;0.0
APPROXIMATION;12352;223;10;1672694742291;0.0
APPROXIMATION;12350;223;10;1672694742291;0.0
APPROXIMATION;12349;223;10;1672694742291;0.0
APPROXIMATION;12345;223;11;1672694742291;0.0
APPROXIMATION;12346;223;11;1672694742291;0.0
APPROXIMATION;12348;223;11;1672694742291;0.0
APPROXIMATION;12351;223;11;1672694742292;0.0
APPROXIMATION;12352;223;11;1672694742292;0.0
APPROXIMATION;12350;223;11;1672694742292;0.0
APPROXIMATION;12349;223;11;1672694742292;0.0
APPROXIMATION;12345;223;12;1672694742292;0.0
APPROXIMATION;12346;223;12;1672694742292;0.0
APPROXIMATION;12348;223;12;1672694742292;0.0
APPROXIMATION;12350;223;12;1672694742292;0.0
APPROXIMATION;12351;223;12;1672694742292;0.0
APPROXIMATION;12352;223;12;1672694742292;0.0
APPROXIMATION;12349;223;12;1672694742292;0.0
APPROXIMATION;12345;223;13;1672694742292;0.0
APPROXIMATION;12346;223;13;1672694742292;0.0
APPROXIMATION;12348;223;13;1672694742292;0.0
APPROXIMATION;12352;223;13;1672694742293;0.0
APPROXIMATION;12350;223;13;1672694742293;0.0
APPROXIMATION;12351;223;13;1672694742293;0.0
APPROXIMATION;12349;223;13;1672694742293;0.0
HALTED;12345;223;14;1672694742293;0.0
HALTED;12346;223;14;1672694742293;0.0
HALTED;12348;223;14;1672694742293;0.0
HALTED;12351;223;14;1672694742293;0.0
HALTED;12350;223;14;1672694742293;0.0
HALTED;12352;223;14;1672694742293;0.0
HALTED;12349;223;14;1672694742293;0.0
INITIALIZATION;12345;224;0;1672694742393;0.0
INITIALIZATION;12346;224;0;1672694742394;0.0
INITIALIZATION;12349;224;0;1672694742394;0.0
INITIALIZATION;12350;224;0;1672694742394;0.0
INITIALIZATION;12348;224;0;1672694742394;0.0
INITIALIZATION;12351;224;0;1672694742394;0.0
INITIALIZATION;12352;224;0;1672694742394;0.0
APPROXIMATION;12345;224;1;1672694742394;0.0
APPROXIMATION;12346;224;1;1672694742395;0.0
APPROXIMATION;12348;224;1;1672694742395;0.0
APPROXIMATION;12349;224;1;1672694742395;0.0
APPROXIMATION;12351;224;1;1672694742395;0.0
APPROXIMATION;12350;224;1;1672694742395;0.0
APPROXIMATION;12352;224;1;1672694742395;0.0
APPROXIMATION;12346;224;2;1672694742395;0.0
APPROXIMATION;12345;224;2;1672694742395;0.0
APPROXIMATION;12349;224;2;1672694742395;0.0
APPROXIMATION;12348;224;2;1672694742395;0.0
APPROXIMATION;12350;224;2;1672694742395;0.0
APPROXIMATION;12352;224;2;1672694742395;0.0
APPROXIMATION;12351;224;2;1672694742395;0.0
APPROXIMATION;12345;224;3;1672694742396;0.0
APPROXIMATION;12346;224;3;1672694742396;0.0
APPROXIMATION;12348;224;3;1672694742396;0.0
APPROXIMATION;12349;224;3;1672694742396;0.0
APPROXIMATION;12351;224;3;1672694742396;0.0
APPROXIMATION;12352;224;3;1672694742439;0.0
APPROXIMATION;12350;224;3;1672694742439;0.0
APPROXIMATION;12345;224;4;1672694742440;0.0
APPROXIMATION;12346;224;4;1672694742440;0.0
APPROXIMATION;12348;224;4;1672694742440;0.0
APPROXIMATION;12352;224;4;1672694742440;0.0
APPROXIMATION;12349;224;4;1672694742440;0.0
APPROXIMATION;12350;224;4;1672694742440;0.0
APPROXIMATION;12351;224;4;1672694742440;0.0
APPROXIMATION;12345;224;5;1672694742440;0.0
APPROXIMATION;12346;224;5;1672694742440;0.0
APPROXIMATION;12348;224;5;1672694742440;0.0
APPROXIMATION;12352;224;5;1672694742441;0.0
APPROXIMATION;12351;224;5;1672694742441;0.0
APPROXIMATION;12349;224;5;1672694742441;0.0
APPROXIMATION;12350;224;5;1672694742441;0.0
APPROXIMATION;12345;224;6;1672694742441;0.0
APPROXIMATION;12348;224;6;1672694742441;0.0
APPROXIMATION;12346;224;6;1672694742441;0.0
APPROXIMATION;12349;224;6;1672694742441;0.0
APPROXIMATION;12350;224;6;1672694742442;0.0
APPROXIMATION;12351;224;6;1672694742442;0.0
APPROXIMATION;12352;224;6;1672694742442;0.0
APPROXIMATION;12349;224;7;1672694742442;0.0
APPROXIMATION;12346;224;7;1672694742442;0.0
APPROXIMATION;12350;224;7;1672694742442;0.0
APPROXIMATION;12352;224;7;1672694742442;0.0
APPROXIMATION;12351;224;7;1672694742489;0.0
APPROXIMATION;12348;224;7;1672694742490;0.0
APPROXIMATION;12345;224;7;1672694742490;0.0
APPROXIMATION;12346;224;8;1672694742490;0.0
APPROXIMATION;12349;224;8;1672694742490;0.0
APPROXIMATION;12348;224;8;1672694742490;0.0
APPROXIMATION;12350;224;8;1672694742490;0.0
APPROXIMATION;12351;224;8;1672694742490;0.0
APPROXIMATION;12345;224;8;1672694742490;0.0
APPROXIMATION;12352;224;8;1672694742490;0.0
APPROXIMATION;12346;224;9;1672694742490;0.0
APPROXIMATION;12348;224;9;1672694742490;0.0
APPROXIMATION;12345;224;9;1672694742490;0.0
APPROXIMATION;12349;224;9;1672694742491;0.0
APPROXIMATION;12351;224;9;1672694742491;0.0
APPROXIMATION;12350;224;9;1672694742491;0.0
APPROXIMATION;12352;224;9;1672694742491;0.0
APPROXIMATION;12346;224;10;1672694742491;0.0
APPROXIMATION;12348;224;10;1672694742491;0.0
APPROXIMATION;12349;224;10;1672694742491;0.0
APPROXIMATION;12345;224;10;1672694742491;0.0
APPROXIMATION;12350;224;10;1672694742491;0.0
APPROXIMATION;12352;224;10;1672694742491;0.0
APPROXIMATION;12351;224;10;1672694742491;0.0
APPROXIMATION;12346;224;11;1672694742491;0.0
APPROXIMATION;12348;224;11;1672694742491;0.0
APPROXIMATION;12345;224;11;1672694742491;0.0
APPROXIMATION;12349;224;11;1672694742491;0.0
APPROXIMATION;12351;224;11;1672694742491;0.0
APPROXIMATION;12352;224;11;1672694742491;0.0
APPROXIMATION;12350;224;11;1672694742491;0.0
APPROXIMATION;12346;224;12;1672694742491;0.0
APPROXIMATION;12348;224;12;1672694742492;0.0
APPROXIMATION;12345;224;12;1672694742492;0.0
APPROXIMATION;12349;224;12;1672694742492;0.0
APPROXIMATION;12352;224;12;1672694742492;0.0
APPROXIMATION;12351;224;12;1672694742492;0.0
APPROXIMATION;12350;224;12;1672694742492;0.0
APPROXIMATION;12346;224;13;1672694742492;0.0
APPROXIMATION;12348;224;13;1672694742492;0.0
APPROXIMATION;12345;224;13;1672694742492;0.0
APPROXIMATION;12350;224;13;1672694742492;0.0
APPROXIMATION;12351;224;13;1672694742492;0.0
APPROXIMATION;12349;224;13;1672694742492;0.0
APPROXIMATION;12352;224;13;1672694742492;0.0
HALTED;12348;224;14;1672694742492;0.0
HALTED;12346;224;14;1672694742492;0.0
HALTED;12351;224;14;1672694742493;0.0
HALTED;12352;224;14;1672694742493;0.0
HALTED;12345;224;14;1672694742493;0.0
HALTED;12349;224;14;1672694742493;0.0
HALTED;12350;224;14;1672694742493;0.0
INITIALIZATION;12345;225;0;1672694742593;0.0
INITIALIZATION;12346;225;0;1672694742594;0.0
INITIALIZATION;12349;225;0;1672694742594;0.0
INITIALIZATION;12350;225;0;1672694742594;0.0
INITIALIZATION;12348;225;0;1672694742594;0.0
INITIALIZATION;12351;225;0;1672694742594;0.0
INITIALIZATION;12352;225;0;1672694742594;0.0
APPROXIMATION;12345;225;1;1672694742595;0.0
APPROXIMATION;12346;225;1;1672694742595;0.0
APPROXIMATION;12348;225;1;1672694742595;0.0
APPROXIMATION;12349;225;1;1672694742595;0.0
APPROXIMATION;12352;225;1;1672694742595;0.0
APPROXIMATION;12351;225;1;1672694742595;0.0
APPROXIMATION;12350;225;1;1672694742595;0.0
APPROXIMATION;12346;225;2;1672694742595;0.0
APPROXIMATION;12345;225;2;1672694742595;0.0
APPROXIMATION;12348;225;2;1672694742595;0.0
APPROXIMATION;12351;225;2;1672694742595;0.0
APPROXIMATION;12350;225;2;1672694742595;0.0
APPROXIMATION;12352;225;2;1672694742596;0.0
APPROXIMATION;12345;225;3;1672694742596;0.0
APPROXIMATION;12348;225;3;1672694742596;0.0
APPROXIMATION;12352;225;3;1672694742596;0.0
APPROXIMATION;12351;225;3;1672694742596;0.0
APPROXIMATION;12350;225;3;1672694742639;0.0
APPROXIMATION;12349;225;2;1672694742639;0.0
APPROXIMATION;12346;225;3;1672694742639;0.0
APPROXIMATION;12349;225;3;1672694742640;0.0
APPROXIMATION;12345;225;4;1672694742640;0.0
APPROXIMATION;12346;225;4;1672694742640;0.0
APPROXIMATION;12351;225;4;1672694742640;0.0
APPROXIMATION;12348;225;4;1672694742640;0.0
APPROXIMATION;12349;225;4;1672694742640;0.0
APPROXIMATION;12350;225;4;1672694742640;0.0
APPROXIMATION;12352;225;4;1672694742640;0.0
APPROXIMATION;12345;225;5;1672694742641;0.0
APPROXIMATION;12348;225;5;1672694742641;0.0
APPROXIMATION;12351;225;5;1672694742641;0.0
APPROXIMATION;12346;225;5;1672694742641;0.0
APPROXIMATION;12349;225;5;1672694742641;0.0
APPROXIMATION;12350;225;5;1672694742641;0.0
APPROXIMATION;12352;225;5;1672694742641;0.0
APPROXIMATION;12345;225;6;1672694742641;0.0
APPROXIMATION;12348;225;6;1672694742641;0.0
APPROXIMATION;12349;225;6;1672694742641;0.0
APPROXIMATION;12350;225;6;1672694742641;0.0
APPROXIMATION;12351;225;6;1672694742641;0.0
APPROXIMATION;12352;225;6;1672694742641;0.0
APPROXIMATION;12346;225;6;1672694742642;0.0
APPROXIMATION;12345;225;7;1672694742642;0.0
APPROXIMATION;12348;225;7;1672694742642;0.0
APPROXIMATION;12349;225;7;1672694742642;0.0
APPROXIMATION;12350;225;7;1672694742642;0.0
APPROXIMATION;12351;225;7;1672694742642;0.0
APPROXIMATION;12346;225;7;1672694742642;0.0
APPROXIMATION;12352;225;7;1672694742642;0.0
APPROXIMATION;12345;225;8;1672694742642;0.0
APPROXIMATION;12348;225;8;1672694742642;0.0
APPROXIMATION;12349;225;8;1672694742642;0.0
APPROXIMATION;12346;225;8;1672694742642;0.0
APPROXIMATION;12352;225;8;1672694742642;0.0
APPROXIMATION;12351;225;8;1672694742642;0.0
APPROXIMATION;12350;225;8;1672694742642;0.0
APPROXIMATION;12345;225;9;1672694742643;0.0
APPROXIMATION;12348;225;9;1672694742643;0.0
APPROXIMATION;12346;225;9;1672694742643;0.0
APPROXIMATION;12349;225;9;1672694742643;0.0
APPROXIMATION;12351;225;9;1672694742643;0.0
APPROXIMATION;12352;225;9;1672694742643;0.0
APPROXIMATION;12350;225;9;1672694742643;0.0
APPROXIMATION;12345;225;10;1672694742643;0.0
APPROXIMATION;12346;225;10;1672694742643;0.0
APPROXIMATION;12348;225;10;1672694742643;0.0
APPROXIMATION;12349;225;10;1672694742643;0.0
APPROXIMATION;12352;225;10;1672694742643;0.0
APPROXIMATION;12351;225;10;1672694742643;0.0
APPROXIMATION;12350;225;10;1672694742643;0.0
APPROXIMATION;12346;225;11;1672694742643;0.0
APPROXIMATION;12345;225;11;1672694742644;0.0
APPROXIMATION;12349;225;11;1672694742644;0.0
APPROXIMATION;12351;225;11;1672694742644;0.0
APPROXIMATION;12348;225;11;1672694742644;0.0
APPROXIMATION;12352;225;11;1672694742644;0.0
APPROXIMATION;12350;225;11;1672694742644;0.0
APPROXIMATION;12346;225;12;1672694742644;0.0
APPROXIMATION;12345;225;12;1672694742644;0.0
APPROXIMATION;12349;225;12;1672694742644;0.0
APPROXIMATION;12348;225;12;1672694742644;0.0
APPROXIMATION;12351;225;12;1672694742644;0.0
APPROXIMATION;12350;225;12;1672694742644;0.0
APPROXIMATION;12352;225;12;1672694742644;0.0
APPROXIMATION;12346;225;13;1672694742644;0.0
APPROXIMATION;12348;225;13;1672694742644;0.0
APPROXIMATION;12349;225;13;1672694742644;0.0
APPROXIMATION;12351;225;13;1672694742644;0.0
APPROXIMATION;12352;225;13;1672694742644;0.0
APPROXIMATION;12345;225;13;1672694742644;0.0
APPROXIMATION;12350;225;13;1672694742644;0.0
HALTED;12346;225;14;1672694742644;0.0
HALTED;12349;225;14;1672694742645;0.0
HALTED;12348;225;14;1672694742645;0.0
HALTED;12351;225;14;1672694742645;0.0
HALTED;12352;225;14;1672694742645;0.0
HALTED;12350;225;14;1672694742645;0.0
HALTED;12345;225;14;1672694742645;0.0
INITIALIZATION;12345;226;0;1672694742746;0.0
INITIALIZATION;12346;226;0;1672694742746;0.0
INITIALIZATION;12348;226;0;1672694742746;0.0
INITIALIZATION;12349;226;0;1672694742746;0.0
INITIALIZATION;12350;226;0;1672694742746;0.0
INITIALIZATION;12351;226;0;1672694742747;0.0
INITIALIZATION;12352;226;0;1672694742747;0.0
APPROXIMATION;12345;226;1;1672694742747;0.0
APPROXIMATION;12346;226;1;1672694742747;0.0
APPROXIMATION;12348;226;1;1672694742747;0.0
APPROXIMATION;12349;226;1;1672694742747;0.0
APPROXIMATION;12352;226;1;1672694742747;0.0
APPROXIMATION;12350;226;1;1672694742747;0.0
APPROXIMATION;12351;226;1;1672694742747;0.0
APPROXIMATION;12346;226;2;1672694742747;0.0
APPROXIMATION;12345;226;2;1672694742747;0.0
APPROXIMATION;12348;226;2;1672694742747;0.0
APPROXIMATION;12349;226;2;1672694742747;0.0
APPROXIMATION;12350;226;2;1672694742748;0.0
APPROXIMATION;12352;226;2;1672694742748;0.0
APPROXIMATION;12351;226;2;1672694742748;0.0
APPROXIMATION;12346;226;3;1672694742748;0.0
APPROXIMATION;12348;226;3;1672694742748;0.0
APPROXIMATION;12351;226;3;1672694742748;0.0
APPROXIMATION;12349;226;3;1672694742748;0.0
APPROXIMATION;12350;226;3;1672694742748;0.0
APPROXIMATION;12345;226;3;1672694742748;0.0
APPROXIMATION;12352;226;3;1672694742748;0.0
APPROXIMATION;12346;226;4;1672694742748;0.0
APPROXIMATION;12348;226;4;1672694742749;0.0
APPROXIMATION;12345;226;4;1672694742749;0.0
APPROXIMATION;12349;226;4;1672694742749;0.0
APPROXIMATION;12350;226;4;1672694742749;0.0
APPROXIMATION;12352;226;4;1672694742749;0.0
APPROXIMATION;12351;226;4;1672694742749;0.0
APPROXIMATION;12346;226;5;1672694742749;0.0
APPROXIMATION;12348;226;5;1672694742749;0.0
APPROXIMATION;12349;226;5;1672694742749;0.0
APPROXIMATION;12350;226;5;1672694742749;0.0
APPROXIMATION;12351;226;5;1672694742749;0.0
APPROXIMATION;12352;226;5;1672694742749;0.0
APPROXIMATION;12345;226;5;1672694742749;0.0
APPROXIMATION;12346;226;6;1672694742749;0.0
APPROXIMATION;12348;226;6;1672694742749;0.0
APPROXIMATION;12349;226;6;1672694742749;0.0
APPROXIMATION;12350;226;6;1672694742749;0.0
APPROXIMATION;12351;226;6;1672694742749;0.0
APPROXIMATION;12352;226;6;1672694742750;0.0
APPROXIMATION;12345;226;6;1672694742750;0.0
APPROXIMATION;12346;226;7;1672694742750;0.0
APPROXIMATION;12348;226;7;1672694742750;0.0
APPROXIMATION;12349;226;7;1672694742750;0.0
APPROXIMATION;12350;226;7;1672694742750;0.0
APPROXIMATION;12351;226;7;1672694742750;0.0
APPROXIMATION;12352;226;7;1672694742750;0.0
APPROXIMATION;12345;226;7;1672694742750;0.0
APPROXIMATION;12346;226;8;1672694742750;0.0
APPROXIMATION;12348;226;8;1672694742750;0.0
APPROXIMATION;12349;226;8;1672694742750;0.0
APPROXIMATION;12351;226;8;1672694742750;0.0
APPROXIMATION;12350;226;8;1672694742750;0.0
APPROXIMATION;12352;226;8;1672694742750;0.0
APPROXIMATION;12345;226;8;1672694742750;0.0
APPROXIMATION;12346;226;9;1672694742751;0.0
APPROXIMATION;12348;226;9;1672694742751;0.0
APPROXIMATION;12349;226;9;1672694742751;0.0
APPROXIMATION;12350;226;9;1672694742751;0.0
APPROXIMATION;12351;226;9;1672694742751;0.0
APPROXIMATION;12352;226;9;1672694742751;0.0
APPROXIMATION;12345;226;9;1672694742751;0.0
APPROXIMATION;12346;226;10;1672694742751;0.0
APPROXIMATION;12348;226;10;1672694742751;0.0
APPROXIMATION;12349;226;10;1672694742751;0.0
APPROXIMATION;12350;226;10;1672694742751;0.0
APPROXIMATION;12351;226;10;1672694742751;0.0
APPROXIMATION;12352;226;10;1672694742751;0.0
APPROXIMATION;12345;226;10;1672694742751;0.0
APPROXIMATION;12346;226;11;1672694742751;0.0
APPROXIMATION;12348;226;11;1672694742752;0.0
APPROXIMATION;12349;226;11;1672694742752;0.0
APPROXIMATION;12350;226;11;1672694742752;0.0
APPROXIMATION;12351;226;11;1672694742752;0.0
APPROXIMATION;12345;226;11;1672694742752;0.0
APPROXIMATION;12352;226;11;1672694742752;0.0
APPROXIMATION;12346;226;12;1672694742752;0.0
APPROXIMATION;12348;226;12;1672694742752;0.0
APPROXIMATION;12349;226;12;1672694742752;0.0
APPROXIMATION;12350;226;12;1672694742752;0.0
APPROXIMATION;12351;226;12;1672694742752;0.0
APPROXIMATION;12352;226;12;1672694742752;0.0
APPROXIMATION;12345;226;12;1672694742752;0.0
APPROXIMATION;12346;226;13;1672694742752;0.0
APPROXIMATION;12348;226;13;1672694742753;0.0
APPROXIMATION;12349;226;13;1672694742753;0.0
APPROXIMATION;12350;226;13;1672694742753;0.0
APPROXIMATION;12351;226;13;1672694742753;0.0
APPROXIMATION;12345;226;13;1672694742753;0.0
APPROXIMATION;12352;226;13;1672694742753;0.0
HALTED;12346;226;14;1672694742753;0.0
HALTED;12348;226;14;1672694742753;0.0
HALTED;12349;226;14;1672694742753;0.0
HALTED;12350;226;14;1672694742753;0.0
HALTED;12351;226;14;1672694742753;0.0
HALTED;12345;226;14;1672694742753;0.0
HALTED;12352;226;14;1672694742753;0.0
INITIALIZATION;12345;227;0;1672694742854;0.0
INITIALIZATION;12346;227;0;1672694742855;0.0
INITIALIZATION;12349;227;0;1672694742855;0.0
INITIALIZATION;12348;227;0;1672694742855;0.0
INITIALIZATION;12351;227;0;1672694742855;0.0
INITIALIZATION;12350;227;0;1672694742855;0.0
INITIALIZATION;12352;227;0;1672694742855;0.0
APPROXIMATION;12345;227;1;1672694742855;0.0
APPROXIMATION;12346;227;1;1672694742855;0.0
APPROXIMATION;12348;227;1;1672694742855;0.0
APPROXIMATION;12349;227;1;1672694742855;0.0
APPROXIMATION;12352;227;1;1672694742855;0.0
APPROXIMATION;12350;227;1;1672694742855;0.0
APPROXIMATION;12351;227;1;1672694742856;0.0
APPROXIMATION;12346;227;2;1672694742856;0.0
APPROXIMATION;12348;227;2;1672694742856;0.0
APPROXIMATION;12349;227;2;1672694742856;0.0
APPROXIMATION;12351;227;2;1672694742856;0.0
APPROXIMATION;12350;227;2;1672694742856;0.0
APPROXIMATION;12352;227;2;1672694742856;0.0
APPROXIMATION;12349;227;3;1672694742899;0.0
APPROXIMATION;12350;227;3;1672694742899;0.0
APPROXIMATION;12345;227;2;1672694742899;0.0
APPROXIMATION;12352;227;3;1672694742899;0.0
APPROXIMATION;12348;227;3;1672694742899;0.0
APPROXIMATION;12346;227;3;1672694742900;0.0
APPROXIMATION;12351;227;3;1672694742900;0.0
APPROXIMATION;12345;227;3;1672694742900;0.0
APPROXIMATION;12346;227;4;1672694742900;0.0
APPROXIMATION;12348;227;4;1672694742900;0.0
APPROXIMATION;12349;227;4;1672694742900;0.0
APPROXIMATION;12351;227;4;1672694742900;0.0
APPROXIMATION;12345;227;4;1672694742900;0.0
APPROXIMATION;12350;227;4;1672694742900;0.0
APPROXIMATION;12352;227;4;1672694742900;0.0
APPROXIMATION;12345;227;5;1672694742901;0.0
APPROXIMATION;12346;227;5;1672694742901;0.0
APPROXIMATION;12348;227;5;1672694742901;0.0
APPROXIMATION;12349;227;5;1672694742901;0.0
APPROXIMATION;12352;227;5;1672694742901;0.0
APPROXIMATION;12350;227;5;1672694742901;0.0
APPROXIMATION;12351;227;5;1672694742901;0.0
APPROXIMATION;12345;227;6;1672694742901;0.0
APPROXIMATION;12348;227;6;1672694742901;0.0
APPROXIMATION;12346;227;6;1672694742901;0.0
APPROXIMATION;12349;227;6;1672694742902;0.0
APPROXIMATION;12350;227;6;1672694742902;0.0
APPROXIMATION;12351;227;6;1672694742902;0.0
APPROXIMATION;12352;227;6;1672694742902;0.0
APPROXIMATION;12345;227;7;1672694742902;0.0
APPROXIMATION;12348;227;7;1672694742902;0.0
APPROXIMATION;12346;227;7;1672694742902;0.0
APPROXIMATION;12349;227;7;1672694742902;0.0
APPROXIMATION;12351;227;7;1672694742902;0.0
APPROXIMATION;12350;227;7;1672694742902;0.0
APPROXIMATION;12352;227;7;1672694742902;0.0
APPROXIMATION;12345;227;8;1672694742902;0.0
APPROXIMATION;12348;227;8;1672694742902;0.0
APPROXIMATION;12349;227;8;1672694742902;0.0
APPROXIMATION;12346;227;8;1672694742902;0.0
APPROXIMATION;12351;227;8;1672694742902;0.0
APPROXIMATION;12352;227;8;1672694742902;0.0
APPROXIMATION;12350;227;8;1672694742902;0.0
APPROXIMATION;12345;227;9;1672694742903;0.0
APPROXIMATION;12348;227;9;1672694742903;0.0
APPROXIMATION;12349;227;9;1672694742903;0.0
APPROXIMATION;12346;227;9;1672694742903;0.0
APPROXIMATION;12351;227;9;1672694742903;0.0
APPROXIMATION;12352;227;9;1672694742903;0.0
APPROXIMATION;12350;227;9;1672694742903;0.0
APPROXIMATION;12345;227;10;1672694742903;0.0
APPROXIMATION;12348;227;10;1672694742903;0.0
APPROXIMATION;12346;227;10;1672694742903;0.0
APPROXIMATION;12351;227;10;1672694742903;0.0
APPROXIMATION;12349;227;10;1672694742903;0.0
APPROXIMATION;12352;227;10;1672694742903;0.0
APPROXIMATION;12350;227;10;1672694742903;0.0
APPROXIMATION;12345;227;11;1672694742903;0.0
APPROXIMATION;12346;227;11;1672694742904;0.0
APPROXIMATION;12348;227;11;1672694742904;0.0
APPROXIMATION;12351;227;11;1672694742904;0.0
APPROXIMATION;12349;227;11;1672694742904;0.0
APPROXIMATION;12352;227;11;1672694742904;0.0
APPROXIMATION;12350;227;11;1672694742904;0.0
APPROXIMATION;12345;227;12;1672694742904;0.0
APPROXIMATION;12346;227;12;1672694742904;0.0
APPROXIMATION;12349;227;12;1672694742904;0.0
APPROXIMATION;12348;227;12;1672694742904;0.0
APPROXIMATION;12351;227;12;1672694742904;0.0
APPROXIMATION;12352;227;12;1672694742904;0.0
APPROXIMATION;12350;227;12;1672694742904;0.0
APPROXIMATION;12345;227;13;1672694742904;0.0
APPROXIMATION;12346;227;13;1672694742904;0.0
APPROXIMATION;12348;227;13;1672694742904;0.0
APPROXIMATION;12349;227;13;1672694742904;0.0
APPROXIMATION;12351;227;13;1672694742904;0.0
APPROXIMATION;12352;227;13;1672694742904;0.0
APPROXIMATION;12350;227;13;1672694742905;0.0
HALTED;12345;227;14;1672694742905;0.0
HALTED;12346;227;14;1672694742905;0.0
HALTED;12348;227;14;1672694742905;0.0
HALTED;12351;227;14;1672694742905;0.0
HALTED;12352;227;14;1672694742905;0.0
HALTED;12349;227;14;1672694742905;0.0
HALTED;12350;227;14;1672694742905;0.0
INITIALIZATION;12345;228;0;1672694743005;0.0
INITIALIZATION;12346;228;0;1672694743006;0.0
INITIALIZATION;12349;228;0;1672694743006;0.0
INITIALIZATION;12348;228;0;1672694743006;0.0
INITIALIZATION;12350;228;0;1672694743006;0.0
INITIALIZATION;12351;228;0;1672694743006;0.0
INITIALIZATION;12352;228;0;1672694743006;0.0
APPROXIMATION;12345;228;1;1672694743006;0.0
APPROXIMATION;12346;228;1;1672694743006;0.0
APPROXIMATION;12348;228;1;1672694743006;0.0
APPROXIMATION;12352;228;1;1672694743007;0.0
APPROXIMATION;12351;228;1;1672694743007;0.0
APPROXIMATION;12350;228;1;1672694743007;0.0
APPROXIMATION;12349;228;1;1672694743007;0.0
APPROXIMATION;12345;228;2;1672694743007;0.0
APPROXIMATION;12346;228;2;1672694743007;0.0
APPROXIMATION;12348;228;2;1672694743007;0.0
APPROXIMATION;12349;228;2;1672694743007;0.0
APPROXIMATION;12350;228;2;1672694743007;0.0
APPROXIMATION;12345;228;3;1672694743007;0.0
APPROXIMATION;12351;228;2;1672694743007;0.0
APPROXIMATION;12346;228;3;1672694743007;0.0
APPROXIMATION;12352;228;2;1672694743008;0.0
APPROXIMATION;12348;228;3;1672694743008;0.0
APPROXIMATION;12349;228;3;1672694743008;0.0
APPROXIMATION;12345;228;4;1672694743008;0.0
APPROXIMATION;12350;228;3;1672694743008;0.0
APPROXIMATION;12346;228;4;1672694743008;0.0
APPROXIMATION;12351;228;3;1672694743008;0.0
APPROXIMATION;12352;228;3;1672694743008;0.0
APPROXIMATION;12348;228;4;1672694743008;0.0
APPROXIMATION;12349;228;4;1672694743008;0.0
APPROXIMATION;12350;228;4;1672694743008;0.0
APPROXIMATION;12345;228;5;1672694743008;0.0
APPROXIMATION;12346;228;5;1672694743008;0.0
APPROXIMATION;12351;228;4;1672694743008;0.0
APPROXIMATION;12352;228;4;1672694743008;0.0
APPROXIMATION;12348;228;5;1672694743009;0.0
APPROXIMATION;12349;228;5;1672694743009;0.0
APPROXIMATION;12346;228;6;1672694743009;0.0
APPROXIMATION;12350;228;5;1672694743009;0.0
APPROXIMATION;12345;228;6;1672694743009;0.0
APPROXIMATION;12351;228;5;1672694743009;0.0
APPROXIMATION;12352;228;5;1672694743009;0.0
APPROXIMATION;12348;228;6;1672694743009;0.0
APPROXIMATION;12349;228;6;1672694743009;0.0
APPROXIMATION;12346;228;7;1672694743009;0.0
APPROXIMATION;12350;228;6;1672694743009;0.0
APPROXIMATION;12351;228;6;1672694743009;0.0
APPROXIMATION;12352;228;6;1672694743009;0.0
APPROXIMATION;12345;228;7;1672694743009;0.0
APPROXIMATION;12348;228;7;1672694743009;0.0
APPROXIMATION;12349;228;7;1672694743009;0.0
APPROXIMATION;12350;228;7;1672694743010;0.0
APPROXIMATION;12351;228;7;1672694743010;0.0
APPROXIMATION;12346;228;8;1672694743010;0.0
APPROXIMATION;12352;228;7;1672694743010;0.0
APPROXIMATION;12348;228;8;1672694743010;0.0
APPROXIMATION;12349;228;8;1672694743010;0.0
APPROXIMATION;12345;228;8;1672694743010;0.0
APPROXIMATION;12350;228;8;1672694743010;0.0
APPROXIMATION;12351;228;8;1672694743010;0.0
APPROXIMATION;12346;228;9;1672694743010;0.0
APPROXIMATION;12352;228;8;1672694743010;0.0
APPROXIMATION;12348;228;9;1672694743010;0.0
APPROXIMATION;12349;228;9;1672694743010;0.0
APPROXIMATION;12351;228;9;1672694743010;0.0
APPROXIMATION;12350;228;9;1672694743010;0.0
APPROXIMATION;12352;228;9;1672694743010;0.0
APPROXIMATION;12345;228;9;1672694743010;0.0
APPROXIMATION;12346;228;10;1672694743010;0.0
APPROXIMATION;12348;228;10;1672694743011;0.0
APPROXIMATION;12349;228;10;1672694743011;0.0
APPROXIMATION;12351;228;10;1672694743011;0.0
APPROXIMATION;12352;228;10;1672694743011;0.0
APPROXIMATION;12350;228;10;1672694743011;0.0
APPROXIMATION;12345;228;10;1672694743011;0.0
APPROXIMATION;12346;228;11;1672694743011;0.0
APPROXIMATION;12348;228;11;1672694743011;0.0
APPROXIMATION;12349;228;11;1672694743011;0.0
APPROXIMATION;12351;228;11;1672694743011;0.0
APPROXIMATION;12350;228;11;1672694743011;0.0
APPROXIMATION;12352;228;11;1672694743011;0.0
APPROXIMATION;12345;228;11;1672694743011;0.0
APPROXIMATION;12346;228;12;1672694743011;0.0
APPROXIMATION;12348;228;12;1672694743012;0.0
APPROXIMATION;12349;228;12;1672694743012;0.0
APPROXIMATION;12350;228;12;1672694743012;0.0
APPROXIMATION;12351;228;12;1672694743012;0.0
APPROXIMATION;12352;228;12;1672694743012;0.0
APPROXIMATION;12345;228;12;1672694743012;0.0
APPROXIMATION;12346;228;13;1672694743012;0.0
APPROXIMATION;12348;228;13;1672694743012;0.0
APPROXIMATION;12349;228;13;1672694743012;0.0
APPROXIMATION;12351;228;13;1672694743012;0.0
APPROXIMATION;12352;228;13;1672694743012;0.0
APPROXIMATION;12350;228;13;1672694743012;0.0
APPROXIMATION;12345;228;13;1672694743012;0.0
HALTED;12346;228;14;1672694743012;0.0
HALTED;12348;228;14;1672694743012;0.0
HALTED;12349;228;14;1672694743013;0.0
HALTED;12350;228;14;1672694743013;0.0
HALTED;12351;228;14;1672694743013;0.0
HALTED;12352;228;14;1672694743013;0.0
HALTED;12345;228;14;1672694743013;0.0
INITIALIZATION;12345;229;0;1672694743114;0.0
INITIALIZATION;12346;229;0;1672694743114;0.0
INITIALIZATION;12349;229;0;1672694743114;0.0
INITIALIZATION;12351;229;0;1672694743115;0.0
INITIALIZATION;12350;229;0;1672694743115;0.0
INITIALIZATION;12348;229;0;1672694743115;0.0
INITIALIZATION;12352;229;0;1672694743115;0.0
APPROXIMATION;12346;229;1;1672694743115;0.0
APPROXIMATION;12345;229;1;1672694743115;0.0
APPROXIMATION;12349;229;1;1672694743115;0.0
APPROXIMATION;12352;229;1;1672694743115;0.0
APPROXIMATION;12351;229;1;1672694743115;0.0
APPROXIMATION;12346;229;2;1672694743115;0.0
APPROXIMATION;12350;229;1;1672694743115;0.0
APPROXIMATION;12348;229;1;1672694743115;0.0
APPROXIMATION;12345;229;2;1672694743115;0.0
APPROXIMATION;12349;229;2;1672694743115;0.0
APPROXIMATION;12351;229;2;1672694743115;0.0
APPROXIMATION;12352;229;2;1672694743116;0.0
APPROXIMATION;12350;229;2;1672694743116;0.0
APPROXIMATION;12348;229;2;1672694743116;0.0
APPROXIMATION;12346;229;3;1672694743116;0.0
APPROXIMATION;12348;229;3;1672694743116;0.0
APPROXIMATION;12352;229;3;1672694743116;0.0
APPROXIMATION;12351;229;3;1672694743116;0.0
APPROXIMATION;12349;229;3;1672694743116;0.0
APPROXIMATION;12345;229;3;1672694743159;0.0
APPROXIMATION;12350;229;3;1672694743160;0.0
APPROXIMATION;12346;229;4;1672694743160;0.0
APPROXIMATION;12345;229;4;1672694743160;0.0
APPROXIMATION;12348;229;4;1672694743160;0.0
APPROXIMATION;12349;229;4;1672694743160;0.0
APPROXIMATION;12350;229;4;1672694743160;0.0
APPROXIMATION;12351;229;4;1672694743160;0.0
APPROXIMATION;12352;229;4;1672694743160;0.0
APPROXIMATION;12345;229;5;1672694743160;0.0
APPROXIMATION;12349;229;5;1672694743161;0.0
APPROXIMATION;12346;229;5;1672694743161;0.0
APPROXIMATION;12348;229;5;1672694743161;0.0
APPROXIMATION;12350;229;5;1672694743161;0.0
APPROXIMATION;12351;229;5;1672694743161;0.0
APPROXIMATION;12352;229;5;1672694743161;0.0
APPROXIMATION;12345;229;6;1672694743161;0.0
APPROXIMATION;12346;229;6;1672694743161;0.0
APPROXIMATION;12348;229;6;1672694743161;0.0
APPROXIMATION;12349;229;6;1672694743161;0.0
APPROXIMATION;12350;229;6;1672694743161;0.0
APPROXIMATION;12351;229;6;1672694743161;0.0
APPROXIMATION;12352;229;6;1672694743161;0.0
APPROXIMATION;12345;229;7;1672694743161;0.0
APPROXIMATION;12346;229;7;1672694743162;0.0
APPROXIMATION;12348;229;7;1672694743162;0.0
APPROXIMATION;12349;229;7;1672694743162;0.0
APPROXIMATION;12350;229;7;1672694743162;0.0
APPROXIMATION;12351;229;7;1672694743162;0.0
APPROXIMATION;12352;229;7;1672694743162;0.0
APPROXIMATION;12345;229;8;1672694743162;0.0
APPROXIMATION;12346;229;8;1672694743162;0.0
APPROXIMATION;12348;229;8;1672694743162;0.0
APPROXIMATION;12349;229;8;1672694743162;0.0
APPROXIMATION;12350;229;8;1672694743162;0.0
APPROXIMATION;12351;229;8;1672694743162;0.0
APPROXIMATION;12352;229;8;1672694743162;0.0
APPROXIMATION;12345;229;9;1672694743162;0.0
APPROXIMATION;12346;229;9;1672694743162;0.0
APPROXIMATION;12348;229;9;1672694743162;0.0
APPROXIMATION;12349;229;9;1672694743162;0.0
APPROXIMATION;12350;229;9;1672694743162;0.0
APPROXIMATION;12351;229;9;1672694743163;0.0
APPROXIMATION;12352;229;9;1672694743163;0.0
APPROXIMATION;12346;229;10;1672694743163;0.0
APPROXIMATION;12345;229;10;1672694743163;0.0
APPROXIMATION;12348;229;10;1672694743163;0.0
APPROXIMATION;12350;229;10;1672694743163;0.0
APPROXIMATION;12349;229;10;1672694743163;0.0
APPROXIMATION;12351;229;10;1672694743163;0.0
APPROXIMATION;12352;229;10;1672694743163;0.0
APPROXIMATION;12346;229;11;1672694743163;0.0
APPROXIMATION;12348;229;11;1672694743163;0.0
APPROXIMATION;12345;229;11;1672694743163;0.0
APPROXIMATION;12350;229;11;1672694743163;0.0
APPROXIMATION;12351;229;11;1672694743163;0.0
APPROXIMATION;12349;229;11;1672694743163;0.0
APPROXIMATION;12352;229;11;1672694743163;0.0
APPROXIMATION;12346;229;12;1672694743163;0.0
APPROXIMATION;12348;229;12;1672694743163;0.0
APPROXIMATION;12345;229;12;1672694743164;0.0
APPROXIMATION;12350;229;12;1672694743164;0.0
APPROXIMATION;12351;229;12;1672694743164;0.0
APPROXIMATION;12349;229;12;1672694743164;0.0
APPROXIMATION;12352;229;12;1672694743164;0.0
APPROXIMATION;12346;229;13;1672694743164;0.0
APPROXIMATION;12345;229;13;1672694743164;0.0
APPROXIMATION;12348;229;13;1672694743164;0.0
APPROXIMATION;12352;229;13;1672694743164;0.0
APPROXIMATION;12349;229;13;1672694743164;0.0
APPROXIMATION;12350;229;13;1672694743164;0.0
APPROXIMATION;12351;229;13;1672694743164;0.0
HALTED;12346;229;14;1672694743164;0.0
HALTED;12345;229;14;1672694743164;0.0
HALTED;12348;229;14;1672694743164;0.0
HALTED;12349;229;14;1672694743164;0.0
HALTED;12352;229;14;1672694743164;0.0
HALTED;12350;229;14;1672694743164;0.0
HALTED;12351;229;14;1672694743165;0.0
INITIALIZATION;12345;230;0;1672694743265;0.0
INITIALIZATION;12346;230;0;1672694743266;0.0
INITIALIZATION;12349;230;0;1672694743266;0.0
INITIALIZATION;12350;230;0;1672694743266;0.0
INITIALIZATION;12351;230;0;1672694743266;0.0
INITIALIZATION;12348;230;0;1672694743266;0.0
INITIALIZATION;12352;230;0;1672694743266;0.0
APPROXIMATION;12346;230;1;1672694743266;0.0
APPROXIMATION;12345;230;1;1672694743266;0.0
APPROXIMATION;12348;230;1;1672694743266;0.0
APPROXIMATION;12349;230;1;1672694743266;0.0
APPROXIMATION;12352;230;1;1672694743266;0.0
APPROXIMATION;12351;230;1;1672694743267;0.0
APPROXIMATION;12350;230;1;1672694743267;0.0
APPROXIMATION;12346;230;2;1672694743267;0.0
APPROXIMATION;12345;230;2;1672694743267;0.0
APPROXIMATION;12348;230;2;1672694743267;0.0
APPROXIMATION;12351;230;2;1672694743267;0.0
APPROXIMATION;12349;230;2;1672694743267;0.0
APPROXIMATION;12350;230;2;1672694743267;0.0
APPROXIMATION;12346;230;3;1672694743267;0.0
APPROXIMATION;12345;230;3;1672694743267;0.0
APPROXIMATION;12350;230;3;1672694743309;0.0
APPROXIMATION;12348;230;3;1672694743309;0.0
APPROXIMATION;12349;230;3;1672694743309;0.0
APPROXIMATION;12351;230;3;1672694743309;0.0
APPROXIMATION;12352;230;2;1672694743309;0.0
APPROXIMATION;12352;230;3;1672694743309;0.0
APPROXIMATION;12346;230;4;1672694743310;0.0
APPROXIMATION;12345;230;4;1672694743310;0.0
APPROXIMATION;12348;230;4;1672694743310;0.0
APPROXIMATION;12349;230;4;1672694743310;0.0
APPROXIMATION;12352;230;4;1672694743310;0.0
APPROXIMATION;12350;230;4;1672694743310;0.0
APPROXIMATION;12351;230;4;1672694743310;0.0
APPROXIMATION;12345;230;5;1672694743310;0.0
APPROXIMATION;12348;230;5;1672694743310;0.0
APPROXIMATION;12349;230;5;1672694743310;0.0
APPROXIMATION;12350;230;5;1672694743311;0.0
APPROXIMATION;12351;230;5;1672694743311;0.0
APPROXIMATION;12346;230;5;1672694743311;0.0
APPROXIMATION;12352;230;5;1672694743311;0.0
APPROXIMATION;12345;230;6;1672694743311;0.0
APPROXIMATION;12348;230;6;1672694743311;0.0
APPROXIMATION;12349;230;6;1672694743311;0.0
APPROXIMATION;12352;230;6;1672694743311;0.0
APPROXIMATION;12346;230;6;1672694743311;0.0
APPROXIMATION;12350;230;6;1672694743311;0.0
APPROXIMATION;12351;230;6;1672694743311;0.0
APPROXIMATION;12345;230;7;1672694743311;0.0
APPROXIMATION;12352;230;7;1672694743312;0.0
APPROXIMATION;12348;230;7;1672694743312;0.0
APPROXIMATION;12346;230;7;1672694743312;0.0
APPROXIMATION;12351;230;7;1672694743312;0.0
APPROXIMATION;12349;230;7;1672694743312;0.0
APPROXIMATION;12350;230;7;1672694743312;0.0
APPROXIMATION;12345;230;8;1672694743312;0.0
APPROXIMATION;12346;230;8;1672694743312;0.0
APPROXIMATION;12348;230;8;1672694743312;0.0
APPROXIMATION;12351;230;8;1672694743312;0.0
APPROXIMATION;12349;230;8;1672694743312;0.0
APPROXIMATION;12352;230;8;1672694743312;0.0
APPROXIMATION;12350;230;8;1672694743312;0.0
APPROXIMATION;12346;230;9;1672694743312;0.0
APPROXIMATION;12345;230;9;1672694743312;0.0
APPROXIMATION;12348;230;9;1672694743313;0.0
APPROXIMATION;12351;230;9;1672694743313;0.0
APPROXIMATION;12352;230;9;1672694743313;0.0
APPROXIMATION;12349;230;9;1672694743313;0.0
APPROXIMATION;12350;230;9;1672694743313;0.0
APPROXIMATION;12345;230;10;1672694743313;0.0
APPROXIMATION;12346;230;10;1672694743313;0.0
APPROXIMATION;12348;230;10;1672694743313;0.0
APPROXIMATION;12351;230;10;1672694743313;0.0
APPROXIMATION;12352;230;10;1672694743313;0.0
APPROXIMATION;12349;230;10;1672694743313;0.0
APPROXIMATION;12350;230;10;1672694743313;0.0
APPROXIMATION;12346;230;11;1672694743313;0.0
APPROXIMATION;12345;230;11;1672694743313;0.0
APPROXIMATION;12348;230;11;1672694743313;0.0
APPROXIMATION;12351;230;11;1672694743313;0.0
APPROXIMATION;12349;230;11;1672694743314;0.0
APPROXIMATION;12352;230;11;1672694743314;0.0
APPROXIMATION;12350;230;11;1672694743314;0.0
APPROXIMATION;12345;230;12;1672694743314;0.0
APPROXIMATION;12346;230;12;1672694743314;0.0
APPROXIMATION;12348;230;12;1672694743314;0.0
APPROXIMATION;12351;230;12;1672694743314;0.0
APPROXIMATION;12349;230;12;1672694743314;0.0
APPROXIMATION;12352;230;12;1672694743314;0.0
APPROXIMATION;12350;230;12;1672694743314;0.0
APPROXIMATION;12345;230;13;1672694743314;0.0
APPROXIMATION;12346;230;13;1672694743314;0.0
APPROXIMATION;12348;230;13;1672694743314;0.0
APPROXIMATION;12351;230;13;1672694743314;0.0
APPROXIMATION;12349;230;13;1672694743314;0.0
APPROXIMATION;12352;230;13;1672694743314;0.0
APPROXIMATION;12350;230;13;1672694743314;0.0
HALTED;12346;230;14;1672694743315;0.0
HALTED;12345;230;14;1672694743315;0.0
HALTED;12348;230;14;1672694743315;0.0
HALTED;12351;230;14;1672694743315;0.0
HALTED;12349;230;14;1672694743315;0.0
HALTED;12352;230;14;1672694743315;0.0
HALTED;12350;230;14;1672694743315;0.0
INITIALIZATION;12345;231;0;1672694743415;0.0
INITIALIZATION;12346;231;0;1672694743416;0.0
INITIALIZATION;12349;231;0;1672694743416;0.0
INITIALIZATION;12348;231;0;1672694743416;0.0
INITIALIZATION;12350;231;0;1672694743416;0.0
INITIALIZATION;12351;231;0;1672694743416;0.0
INITIALIZATION;12352;231;0;1672694743416;0.0
APPROXIMATION;12345;231;1;1672694743417;0.0
APPROXIMATION;12346;231;1;1672694743417;0.0
APPROXIMATION;12348;231;1;1672694743417;0.0
APPROXIMATION;12349;231;1;1672694743417;0.0
APPROXIMATION;12352;231;1;1672694743417;0.0
APPROXIMATION;12351;231;1;1672694743417;0.0
APPROXIMATION;12350;231;1;1672694743417;0.0
APPROXIMATION;12346;231;2;1672694743417;0.0
APPROXIMATION;12345;231;2;1672694743417;0.0
APPROXIMATION;12348;231;2;1672694743417;0.0
APPROXIMATION;12349;231;2;1672694743417;0.0
APPROXIMATION;12351;231;2;1672694743417;0.0
APPROXIMATION;12350;231;2;1672694743417;0.0
APPROXIMATION;12352;231;2;1672694743417;0.0
APPROXIMATION;12346;231;3;1672694743418;0.0
APPROXIMATION;12348;231;3;1672694743418;0.0
APPROXIMATION;12349;231;3;1672694743418;0.0
APPROXIMATION;12345;231;3;1672694743418;0.0
APPROXIMATION;12351;231;3;1672694743418;0.0
APPROXIMATION;12350;231;3;1672694743418;0.0
APPROXIMATION;12352;231;3;1672694743418;0.0
APPROXIMATION;12346;231;4;1672694743418;0.0
APPROXIMATION;12348;231;4;1672694743418;0.0
APPROXIMATION;12349;231;4;1672694743418;0.0
APPROXIMATION;12345;231;4;1672694743418;0.0
APPROXIMATION;12351;231;4;1672694743418;0.0
APPROXIMATION;12350;231;4;1672694743418;0.0
APPROXIMATION;12352;231;4;1672694743418;0.0
APPROXIMATION;12346;231;5;1672694743418;0.0
APPROXIMATION;12348;231;5;1672694743419;0.0
APPROXIMATION;12349;231;5;1672694743419;0.0
APPROXIMATION;12351;231;5;1672694743419;0.0
APPROXIMATION;12350;231;5;1672694743419;0.0
APPROXIMATION;12345;231;5;1672694743419;0.0
APPROXIMATION;12352;231;5;1672694743419;0.0
APPROXIMATION;12346;231;6;1672694743419;0.0
APPROXIMATION;12348;231;6;1672694743419;0.0
APPROXIMATION;12349;231;6;1672694743419;0.0
APPROXIMATION;12351;231;6;1672694743419;0.0
APPROXIMATION;12350;231;6;1672694743419;0.0
APPROXIMATION;12345;231;6;1672694743419;0.0
APPROXIMATION;12352;231;6;1672694743419;0.0
APPROXIMATION;12346;231;7;1672694743419;0.0
APPROXIMATION;12348;231;7;1672694743419;0.0
APPROXIMATION;12349;231;7;1672694743420;0.0
APPROXIMATION;12350;231;7;1672694743420;0.0
APPROXIMATION;12351;231;7;1672694743420;0.0
APPROXIMATION;12345;231;7;1672694743420;0.0
APPROXIMATION;12352;231;7;1672694743420;0.0
APPROXIMATION;12346;231;8;1672694743420;0.0
APPROXIMATION;12349;231;8;1672694743420;0.0
APPROXIMATION;12348;231;8;1672694743420;0.0
APPROXIMATION;12351;231;8;1672694743420;0.0
APPROXIMATION;12350;231;8;1672694743420;0.0
APPROXIMATION;12345;231;8;1672694743420;0.0
APPROXIMATION;12352;231;8;1672694743420;0.0
APPROXIMATION;12346;231;9;1672694743420;0.0
APPROXIMATION;12348;231;9;1672694743420;0.0
APPROXIMATION;12349;231;9;1672694743420;0.0
APPROXIMATION;12350;231;9;1672694743421;0.0
APPROXIMATION;12351;231;9;1672694743421;0.0
APPROXIMATION;12345;231;9;1672694743421;0.0
APPROXIMATION;12352;231;9;1672694743421;0.0
APPROXIMATION;12346;231;10;1672694743421;0.0
APPROXIMATION;12348;231;10;1672694743421;0.0
APPROXIMATION;12349;231;10;1672694743421;0.0
APPROXIMATION;12350;231;10;1672694743421;0.0
APPROXIMATION;12345;231;10;1672694743421;0.0
APPROXIMATION;12351;231;10;1672694743421;0.0
APPROXIMATION;12352;231;10;1672694743421;0.0
APPROXIMATION;12346;231;11;1672694743421;0.0
APPROXIMATION;12348;231;11;1672694743421;0.0
APPROXIMATION;12349;231;11;1672694743421;0.0
APPROXIMATION;12350;231;11;1672694743421;0.0
APPROXIMATION;12351;231;11;1672694743421;0.0
APPROXIMATION;12345;231;11;1672694743422;0.0
APPROXIMATION;12352;231;11;1672694743422;0.0
APPROXIMATION;12346;231;12;1672694743422;0.0
APPROXIMATION;12348;231;12;1672694743422;0.0
APPROXIMATION;12349;231;12;1672694743422;0.0
APPROXIMATION;12350;231;12;1672694743422;0.0
APPROXIMATION;12351;231;12;1672694743422;0.0
APPROXIMATION;12345;231;12;1672694743422;0.0
APPROXIMATION;12352;231;12;1672694743422;0.0
APPROXIMATION;12346;231;13;1672694743422;0.0
APPROXIMATION;12348;231;13;1672694743422;0.0
APPROXIMATION;12349;231;13;1672694743422;0.0
APPROXIMATION;12350;231;13;1672694743422;0.0
APPROXIMATION;12345;231;13;1672694743422;0.0
APPROXIMATION;12351;231;13;1672694743422;0.0
APPROXIMATION;12352;231;13;1672694743422;0.0
HALTED;12346;231;14;1672694743423;0.0
HALTED;12348;231;14;1672694743423;0.0
HALTED;12349;231;14;1672694743423;0.0
HALTED;12350;231;14;1672694743423;0.0
HALTED;12351;231;14;1672694743423;0.0
HALTED;12345;231;14;1672694743423;0.0
HALTED;12352;231;14;1672694743423;0.0
INITIALIZATION;12345;232;0;1672694743524;0.0
INITIALIZATION;12346;232;0;1672694743524;0.0
INITIALIZATION;12349;232;0;1672694743524;0.0
INITIALIZATION;12348;232;0;1672694743525;0.0
INITIALIZATION;12350;232;0;1672694743525;0.0
INITIALIZATION;12351;232;0;1672694743525;0.0
INITIALIZATION;12352;232;0;1672694743525;0.0
APPROXIMATION;12345;232;1;1672694743525;0.0
APPROXIMATION;12346;232;1;1672694743525;0.0
APPROXIMATION;12349;232;1;1672694743525;0.0
APPROXIMATION;12348;232;1;1672694743525;0.0
APPROXIMATION;12350;232;1;1672694743525;0.0
APPROXIMATION;12351;232;1;1672694743525;0.0
APPROXIMATION;12352;232;1;1672694743525;0.0
APPROXIMATION;12345;232;2;1672694743525;0.0
APPROXIMATION;12348;232;2;1672694743526;0.0
APPROXIMATION;12346;232;2;1672694743526;0.0
APPROXIMATION;12349;232;2;1672694743526;0.0
APPROXIMATION;12350;232;2;1672694743526;0.0
APPROXIMATION;12351;232;2;1672694743526;0.0
APPROXIMATION;12352;232;2;1672694743526;0.0
APPROXIMATION;12346;232;3;1672694743526;0.0
APPROXIMATION;12349;232;3;1672694743526;0.0
APPROXIMATION;12352;232;3;1672694743526;0.0
APPROXIMATION;12351;232;3;1672694743569;0.0
APPROXIMATION;12348;232;3;1672694743569;0.0
APPROXIMATION;12345;232;3;1672694743569;0.0
APPROXIMATION;12350;232;3;1672694743569;0.0
APPROXIMATION;12346;232;4;1672694743570;0.0
APPROXIMATION;12348;232;4;1672694743570;0.0
APPROXIMATION;12345;232;4;1672694743570;0.0
APPROXIMATION;12349;232;4;1672694743570;0.0
APPROXIMATION;12350;232;4;1672694743570;0.0
APPROXIMATION;12351;232;4;1672694743570;0.0
APPROXIMATION;12352;232;4;1672694743570;0.0
APPROXIMATION;12346;232;5;1672694743570;0.0
APPROXIMATION;12348;232;5;1672694743570;0.0
APPROXIMATION;12345;232;5;1672694743570;0.0
APPROXIMATION;12349;232;5;1672694743571;0.0
APPROXIMATION;12351;232;5;1672694743571;0.0
APPROXIMATION;12350;232;5;1672694743571;0.0
APPROXIMATION;12352;232;5;1672694743571;0.0
APPROXIMATION;12345;232;6;1672694743571;0.0
APPROXIMATION;12348;232;6;1672694743571;0.0
APPROXIMATION;12349;232;6;1672694743571;0.0
APPROXIMATION;12350;232;6;1672694743571;0.0
APPROXIMATION;12352;232;6;1672694743571;0.0
APPROXIMATION;12351;232;6;1672694743571;0.0
APPROXIMATION;12345;232;7;1672694743619;0.0
APPROXIMATION;12346;232;6;1672694743619;0.0
APPROXIMATION;12349;232;7;1672694743619;0.0
APPROXIMATION;12352;232;7;1672694743619;0.0
APPROXIMATION;12351;232;7;1672694743619;0.0
APPROXIMATION;12350;232;7;1672694743619;0.0
APPROXIMATION;12348;232;7;1672694743619;0.0
APPROXIMATION;12346;232;7;1672694743620;0.0
APPROXIMATION;12345;232;8;1672694743620;0.0
APPROXIMATION;12348;232;8;1672694743620;0.0
APPROXIMATION;12349;232;8;1672694743620;0.0
APPROXIMATION;12346;232;8;1672694743620;0.0
APPROXIMATION;12350;232;8;1672694743620;0.0
APPROXIMATION;12352;232;8;1672694743620;0.0
APPROXIMATION;12351;232;8;1672694743620;0.0
APPROXIMATION;12345;232;9;1672694743620;0.0
APPROXIMATION;12348;232;9;1672694743621;0.0
APPROXIMATION;12351;232;9;1672694743621;0.0
APPROXIMATION;12350;232;9;1672694743621;0.0
APPROXIMATION;12352;232;9;1672694743621;0.0
APPROXIMATION;12346;232;9;1672694743621;0.0
APPROXIMATION;12349;232;9;1672694743621;0.0
APPROXIMATION;12345;232;10;1672694743621;0.0
APPROXIMATION;12346;232;10;1672694743621;0.0
APPROXIMATION;12348;232;10;1672694743621;0.0
APPROXIMATION;12350;232;10;1672694743621;0.0
APPROXIMATION;12351;232;10;1672694743621;0.0
APPROXIMATION;12352;232;10;1672694743621;0.0
APPROXIMATION;12349;232;10;1672694743621;0.0
APPROXIMATION;12345;232;11;1672694743621;0.0
APPROXIMATION;12346;232;11;1672694743621;0.0
APPROXIMATION;12348;232;11;1672694743622;0.0
APPROXIMATION;12351;232;11;1672694743622;0.0
APPROXIMATION;12352;232;11;1672694743622;0.0
APPROXIMATION;12350;232;11;1672694743622;0.0
APPROXIMATION;12349;232;11;1672694743622;0.0
APPROXIMATION;12345;232;12;1672694743622;0.0
APPROXIMATION;12346;232;12;1672694743622;0.0
APPROXIMATION;12348;232;12;1672694743622;0.0
APPROXIMATION;12351;232;12;1672694743622;0.0
APPROXIMATION;12350;232;12;1672694743622;0.0
APPROXIMATION;12352;232;12;1672694743622;0.0
APPROXIMATION;12349;232;12;1672694743622;0.0
APPROXIMATION;12345;232;13;1672694743622;0.0
APPROXIMATION;12346;232;13;1672694743622;0.0
APPROXIMATION;12348;232;13;1672694743622;0.0
APPROXIMATION;12350;232;13;1672694743622;0.0
APPROXIMATION;12351;232;13;1672694743622;0.0
APPROXIMATION;12352;232;13;1672694743623;0.0
APPROXIMATION;12349;232;13;1672694743623;0.0
HALTED;12345;232;14;1672694743623;0.0
HALTED;12346;232;14;1672694743623;0.0
HALTED;12348;232;14;1672694743623;0.0
HALTED;12350;232;14;1672694743623;0.0
HALTED;12351;232;14;1672694743623;0.0
HALTED;12352;232;14;1672694743623;0.0
HALTED;12349;232;14;1672694743623;0.0
INITIALIZATION;12345;233;0;1672694743723;0.0
INITIALIZATION;12346;233;0;1672694743724;0.0
INITIALIZATION;12348;233;0;1672694743724;0.0
INITIALIZATION;12351;233;0;1672694743724;0.0
INITIALIZATION;12349;233;0;1672694743724;0.0
INITIALIZATION;12352;233;0;1672694743724;0.0
INITIALIZATION;12350;233;0;1672694743724;0.0
APPROXIMATION;12345;233;1;1672694743725;0.0
APPROXIMATION;12349;233;1;1672694743725;0.0
APPROXIMATION;12348;233;1;1672694743725;0.0
APPROXIMATION;12346;233;1;1672694743725;0.0
APPROXIMATION;12351;233;1;1672694743725;0.0
APPROXIMATION;12352;233;1;1672694743726;0.0
APPROXIMATION;12350;233;1;1672694743726;0.0
APPROXIMATION;12345;233;2;1672694743726;0.0
APPROXIMATION;12346;233;2;1672694743726;0.0
APPROXIMATION;12348;233;2;1672694743726;0.0
APPROXIMATION;12349;233;2;1672694743726;0.0
APPROXIMATION;12350;233;2;1672694743726;0.0
APPROXIMATION;12351;233;2;1672694743726;0.0
APPROXIMATION;12352;233;2;1672694743726;0.0
APPROXIMATION;12345;233;3;1672694743726;0.0
APPROXIMATION;12346;233;3;1672694743726;0.0
APPROXIMATION;12348;233;3;1672694743726;0.0
APPROXIMATION;12349;233;3;1672694743726;0.0
APPROXIMATION;12350;233;3;1672694743726;0.0
APPROXIMATION;12351;233;3;1672694743726;0.0
APPROXIMATION;12352;233;3;1672694743727;0.0
APPROXIMATION;12345;233;4;1672694743727;0.0
APPROXIMATION;12346;233;4;1672694743727;0.0
APPROXIMATION;12348;233;4;1672694743727;0.0
APPROXIMATION;12349;233;4;1672694743727;0.0
APPROXIMATION;12350;233;4;1672694743727;0.0
APPROXIMATION;12351;233;4;1672694743727;0.0
APPROXIMATION;12352;233;4;1672694743727;0.0
APPROXIMATION;12345;233;5;1672694743727;0.0
APPROXIMATION;12346;233;5;1672694743727;0.0
APPROXIMATION;12348;233;5;1672694743727;0.0
APPROXIMATION;12349;233;5;1672694743727;0.0
APPROXIMATION;12350;233;5;1672694743727;0.0
APPROXIMATION;12351;233;5;1672694743727;0.0
APPROXIMATION;12352;233;5;1672694743727;0.0
APPROXIMATION;12345;233;6;1672694743727;0.0
APPROXIMATION;12346;233;6;1672694743727;0.0
APPROXIMATION;12348;233;6;1672694743727;0.0
APPROXIMATION;12349;233;6;1672694743728;0.0
APPROXIMATION;12350;233;6;1672694743728;0.0
APPROXIMATION;12351;233;6;1672694743728;0.0
APPROXIMATION;12352;233;6;1672694743728;0.0
APPROXIMATION;12346;233;7;1672694743728;0.0
APPROXIMATION;12345;233;7;1672694743728;0.0
APPROXIMATION;12348;233;7;1672694743728;0.0
APPROXIMATION;12349;233;7;1672694743728;0.0
APPROXIMATION;12350;233;7;1672694743728;0.0
APPROXIMATION;12351;233;7;1672694743728;0.0
APPROXIMATION;12352;233;7;1672694743728;0.0
APPROXIMATION;12346;233;8;1672694743728;0.0
APPROXIMATION;12348;233;8;1672694743728;0.0
APPROXIMATION;12350;233;8;1672694743728;0.0
APPROXIMATION;12345;233;8;1672694743728;0.0
APPROXIMATION;12349;233;8;1672694743728;0.0
APPROXIMATION;12351;233;8;1672694743728;0.0
APPROXIMATION;12352;233;8;1672694743728;0.0
APPROXIMATION;12346;233;9;1672694743728;0.0
APPROXIMATION;12348;233;9;1672694743729;0.0
APPROXIMATION;12351;233;9;1672694743729;0.0
APPROXIMATION;12349;233;9;1672694743729;0.0
APPROXIMATION;12352;233;9;1672694743729;0.0
APPROXIMATION;12350;233;9;1672694743729;0.0
APPROXIMATION;12345;233;9;1672694743729;0.0
APPROXIMATION;12346;233;10;1672694743729;0.0
APPROXIMATION;12348;233;10;1672694743729;0.0
APPROXIMATION;12350;233;10;1672694743729;0.0
APPROXIMATION;12351;233;10;1672694743729;0.0
APPROXIMATION;12349;233;10;1672694743729;0.0
APPROXIMATION;12352;233;10;1672694743729;0.0
APPROXIMATION;12345;233;10;1672694743729;0.0
APPROXIMATION;12346;233;11;1672694743729;0.0
APPROXIMATION;12348;233;11;1672694743729;0.0
APPROXIMATION;12349;233;11;1672694743730;0.0
APPROXIMATION;12350;233;11;1672694743730;0.0
APPROXIMATION;12351;233;11;1672694743730;0.0
APPROXIMATION;12352;233;11;1672694743730;0.0
APPROXIMATION;12345;233;11;1672694743730;0.0
APPROXIMATION;12346;233;12;1672694743730;0.0
APPROXIMATION;12348;233;12;1672694743730;0.0
APPROXIMATION;12350;233;12;1672694743730;0.0
APPROXIMATION;12352;233;12;1672694743730;0.0
APPROXIMATION;12351;233;12;1672694743730;0.0
APPROXIMATION;12349;233;12;1672694743730;0.0
APPROXIMATION;12345;233;12;1672694743730;0.0
APPROXIMATION;12346;233;13;1672694743730;0.0
APPROXIMATION;12348;233;13;1672694743730;0.0
APPROXIMATION;12350;233;13;1672694743731;0.0
APPROXIMATION;12351;233;13;1672694743731;0.0
APPROXIMATION;12349;233;13;1672694743731;0.0
APPROXIMATION;12352;233;13;1672694743731;0.0
APPROXIMATION;12345;233;13;1672694743731;0.0
HALTED;12346;233;14;1672694743731;0.0
HALTED;12348;233;14;1672694743731;0.0
HALTED;12350;233;14;1672694743731;0.0
HALTED;12349;233;14;1672694743731;0.0
HALTED;12351;233;14;1672694743731;0.0
HALTED;12352;233;14;1672694743731;0.0
HALTED;12345;233;14;1672694743731;0.0
INITIALIZATION;12345;234;0;1672694743832;0.0
INITIALIZATION;12346;234;0;1672694743833;0.0
INITIALIZATION;12348;234;0;1672694743833;0.0
INITIALIZATION;12352;234;0;1672694743833;0.0
INITIALIZATION;12351;234;0;1672694743833;0.0
APPROXIMATION;12345;234;1;1672694743833;0.0
INITIALIZATION;12349;234;0;1672694743833;0.0
INITIALIZATION;12350;234;0;1672694743834;0.0
APPROXIMATION;12346;234;1;1672694743834;0.0
APPROXIMATION;12351;234;1;1672694743834;0.0
APPROXIMATION;12348;234;1;1672694743834;0.0
APPROXIMATION;12350;234;1;1672694743834;0.0
APPROXIMATION;12349;234;1;1672694743834;0.0
APPROXIMATION;12352;234;1;1672694743834;0.0
APPROXIMATION;12345;234;2;1672694743834;0.0
APPROXIMATION;12346;234;2;1672694743834;0.0
APPROXIMATION;12348;234;2;1672694743835;0.0
APPROXIMATION;12350;234;2;1672694743835;0.0
APPROXIMATION;12352;234;2;1672694743835;0.0
APPROXIMATION;12351;234;2;1672694743835;0.0
APPROXIMATION;12345;234;3;1672694743835;0.0
APPROXIMATION;12349;234;2;1672694743835;0.0
APPROXIMATION;12346;234;3;1672694743835;0.0
APPROXIMATION;12348;234;3;1672694743835;0.0
APPROXIMATION;12351;234;3;1672694743835;0.0
APPROXIMATION;12350;234;3;1672694743835;0.0
APPROXIMATION;12352;234;3;1672694743835;0.0
APPROXIMATION;12349;234;3;1672694743835;0.0
APPROXIMATION;12345;234;4;1672694743835;0.0
APPROXIMATION;12346;234;4;1672694743835;0.0
APPROXIMATION;12348;234;4;1672694743836;0.0
APPROXIMATION;12351;234;4;1672694743836;0.0
APPROXIMATION;12352;234;4;1672694743836;0.0
APPROXIMATION;12349;234;4;1672694743836;0.0
APPROXIMATION;12350;234;4;1672694743836;0.0
APPROXIMATION;12345;234;5;1672694743836;0.0
APPROXIMATION;12346;234;5;1672694743836;0.0
APPROXIMATION;12348;234;5;1672694743836;0.0
APPROXIMATION;12352;234;5;1672694743836;0.0
APPROXIMATION;12351;234;5;1672694743836;0.0
APPROXIMATION;12349;234;5;1672694743836;0.0
APPROXIMATION;12350;234;5;1672694743836;0.0
APPROXIMATION;12346;234;6;1672694743836;0.0
APPROXIMATION;12345;234;6;1672694743836;0.0
APPROXIMATION;12348;234;6;1672694743836;0.0
APPROXIMATION;12349;234;6;1672694743837;0.0
APPROXIMATION;12351;234;6;1672694743837;0.0
APPROXIMATION;12352;234;6;1672694743837;0.0
APPROXIMATION;12350;234;6;1672694743837;0.0
APPROXIMATION;12346;234;7;1672694743837;0.0
APPROXIMATION;12348;234;7;1672694743837;0.0
APPROXIMATION;12345;234;7;1672694743837;0.0
APPROXIMATION;12349;234;7;1672694743837;0.0
APPROXIMATION;12351;234;7;1672694743837;0.0
APPROXIMATION;12352;234;7;1672694743837;0.0
APPROXIMATION;12350;234;7;1672694743837;0.0
APPROXIMATION;12346;234;8;1672694743837;0.0
APPROXIMATION;12348;234;8;1672694743837;0.0
APPROXIMATION;12349;234;8;1672694743837;0.0
APPROXIMATION;12351;234;8;1672694743837;0.0
APPROXIMATION;12352;234;8;1672694743837;0.0
APPROXIMATION;12345;234;8;1672694743837;0.0
APPROXIMATION;12350;234;8;1672694743838;0.0
APPROXIMATION;12346;234;9;1672694743838;0.0
APPROXIMATION;12348;234;9;1672694743838;0.0
APPROXIMATION;12349;234;9;1672694743838;0.0
APPROXIMATION;12351;234;9;1672694743838;0.0
APPROXIMATION;12352;234;9;1672694743838;0.0
APPROXIMATION;12350;234;9;1672694743838;0.0
APPROXIMATION;12345;234;9;1672694743838;0.0
APPROXIMATION;12346;234;10;1672694743838;0.0
APPROXIMATION;12348;234;10;1672694743838;0.0
APPROXIMATION;12349;234;10;1672694743838;0.0
APPROXIMATION;12350;234;10;1672694743838;0.0
APPROXIMATION;12351;234;10;1672694743838;0.0
APPROXIMATION;12352;234;10;1672694743838;0.0
APPROXIMATION;12345;234;10;1672694743839;0.0
APPROXIMATION;12346;234;11;1672694743839;0.0
APPROXIMATION;12348;234;11;1672694743839;0.0
APPROXIMATION;12349;234;11;1672694743839;0.0
APPROXIMATION;12351;234;11;1672694743839;0.0
APPROXIMATION;12350;234;11;1672694743839;0.0
APPROXIMATION;12352;234;11;1672694743839;0.0
APPROXIMATION;12345;234;11;1672694743839;0.0
APPROXIMATION;12346;234;12;1672694743839;0.0
APPROXIMATION;12348;234;12;1672694743839;0.0
APPROXIMATION;12349;234;12;1672694743839;0.0
APPROXIMATION;12350;234;12;1672694743839;0.0
APPROXIMATION;12351;234;12;1672694743839;0.0
APPROXIMATION;12352;234;12;1672694743840;0.0
APPROXIMATION;12345;234;12;1672694743840;0.0
APPROXIMATION;12346;234;13;1672694743840;0.0
APPROXIMATION;12348;234;13;1672694743840;0.0
APPROXIMATION;12349;234;13;1672694743840;0.0
APPROXIMATION;12350;234;13;1672694743840;0.0
APPROXIMATION;12351;234;13;1672694743840;0.0
APPROXIMATION;12352;234;13;1672694743840;0.0
APPROXIMATION;12345;234;13;1672694743840;0.0
HALTED;12346;234;14;1672694743840;0.0
HALTED;12348;234;14;1672694743840;0.0
HALTED;12349;234;14;1672694743840;0.0
HALTED;12350;234;14;1672694743840;0.0
HALTED;12351;234;14;1672694743840;0.0
HALTED;12352;234;14;1672694743841;0.0
HALTED;12345;234;14;1672694743841;0.0
INITIALIZATION;12345;235;0;1672694743941;0.0
INITIALIZATION;12346;235;0;1672694743942;0.0
INITIALIZATION;12348;235;0;1672694743943;0.0
INITIALIZATION;12351;235;0;1672694743943;0.0
INITIALIZATION;12350;235;0;1672694743943;0.0
INITIALIZATION;12352;235;0;1672694743943;0.0
APPROXIMATION;12345;235;1;1672694743943;0.0
INITIALIZATION;12349;235;0;1672694743944;0.0
APPROXIMATION;12346;235;1;1672694743945;0.0
APPROXIMATION;12348;235;1;1672694743945;0.0
APPROXIMATION;12350;235;1;1672694743946;0.0
APPROXIMATION;12351;235;1;1672694743946;0.0
APPROXIMATION;12352;235;1;1672694743946;0.0
APPROXIMATION;12345;235;2;1672694743946;0.0
APPROXIMATION;12349;235;1;1672694743946;0.0
APPROXIMATION;12346;235;2;1672694743947;0.0
APPROXIMATION;12348;235;2;1672694743948;0.0
APPROXIMATION;12351;235;2;1672694743948;0.0
APPROXIMATION;12349;235;2;1672694743948;0.0
APPROXIMATION;12350;235;2;1672694743948;0.0
APPROXIMATION;12352;235;2;1672694743949;0.0
APPROXIMATION;12345;235;3;1672694743949;0.0
APPROXIMATION;12346;235;3;1672694743950;0.0
APPROXIMATION;12348;235;3;1672694743950;0.0
APPROXIMATION;12351;235;3;1672694743950;0.0
APPROXIMATION;12349;235;3;1672694743950;0.0
APPROXIMATION;12350;235;3;1672694743950;0.0
APPROXIMATION;12352;235;3;1672694743950;0.0
APPROXIMATION;12345;235;4;1672694743950;0.0
APPROXIMATION;12346;235;4;1672694743950;0.0
APPROXIMATION;12349;235;4;1672694743950;0.0
APPROXIMATION;12351;235;4;1672694743950;0.0
APPROXIMATION;12350;235;4;1672694743950;0.0
APPROXIMATION;12352;235;4;1672694743950;0.0
APPROXIMATION;12348;235;4;1672694743950;0.0
APPROXIMATION;12346;235;5;1672694743951;0.0
APPROXIMATION;12345;235;5;1672694743951;0.0
APPROXIMATION;12350;235;5;1672694743951;0.0
APPROXIMATION;12349;235;5;1672694743951;0.0
APPROXIMATION;12351;235;5;1672694743951;0.0
APPROXIMATION;12352;235;5;1672694743951;0.0
APPROXIMATION;12348;235;5;1672694743951;0.0
APPROXIMATION;12346;235;6;1672694743951;0.0
APPROXIMATION;12345;235;6;1672694743951;0.0
APPROXIMATION;12349;235;6;1672694743951;0.0
APPROXIMATION;12351;235;6;1672694743951;0.0
APPROXIMATION;12352;235;6;1672694743951;0.0
APPROXIMATION;12350;235;6;1672694743951;0.0
APPROXIMATION;12348;235;6;1672694743951;0.0
APPROXIMATION;12346;235;7;1672694743952;0.0
APPROXIMATION;12345;235;7;1672694743952;0.0
APPROXIMATION;12349;235;7;1672694743952;0.0
APPROXIMATION;12350;235;7;1672694743952;0.0
APPROXIMATION;12351;235;7;1672694743952;0.0
APPROXIMATION;12352;235;7;1672694743952;0.0
APPROXIMATION;12348;235;7;1672694743952;0.0
APPROXIMATION;12346;235;8;1672694743952;0.0
APPROXIMATION;12345;235;8;1672694743952;0.0
APPROXIMATION;12349;235;8;1672694743952;0.0
APPROXIMATION;12350;235;8;1672694743952;0.0
APPROXIMATION;12351;235;8;1672694743952;0.0
APPROXIMATION;12352;235;8;1672694743952;0.0
APPROXIMATION;12348;235;8;1672694743952;0.0
APPROXIMATION;12346;235;9;1672694743952;0.0
APPROXIMATION;12345;235;9;1672694743953;0.0
APPROXIMATION;12349;235;9;1672694743953;0.0
APPROXIMATION;12350;235;9;1672694743953;0.0
APPROXIMATION;12351;235;9;1672694743953;0.0
APPROXIMATION;12352;235;9;1672694743953;0.0
APPROXIMATION;12348;235;9;1672694743953;0.0
APPROXIMATION;12346;235;10;1672694743953;0.0
APPROXIMATION;12349;235;10;1672694743953;0.0
APPROXIMATION;12345;235;10;1672694743953;0.0
APPROXIMATION;12350;235;10;1672694743953;0.0
APPROXIMATION;12351;235;10;1672694743953;0.0
APPROXIMATION;12352;235;10;1672694743953;0.0
APPROXIMATION;12348;235;10;1672694743953;0.0
APPROXIMATION;12346;235;11;1672694743953;0.0
APPROXIMATION;12349;235;11;1672694743953;0.0
APPROXIMATION;12351;235;11;1672694743954;0.0
APPROXIMATION;12350;235;11;1672694743954;0.0
APPROXIMATION;12352;235;11;1672694743954;0.0
APPROXIMATION;12345;235;11;1672694743954;0.0
APPROXIMATION;12348;235;11;1672694743954;0.0
APPROXIMATION;12346;235;12;1672694743954;0.0
APPROXIMATION;12349;235;12;1672694743954;0.0
APPROXIMATION;12350;235;12;1672694743954;0.0
APPROXIMATION;12348;235;12;1672694743954;0.0
APPROXIMATION;12351;235;12;1672694743954;0.0
APPROXIMATION;12352;235;12;1672694743954;0.0
APPROXIMATION;12345;235;12;1672694743954;0.0
APPROXIMATION;12346;235;13;1672694743954;0.0
APPROXIMATION;12348;235;13;1672694743955;0.0
APPROXIMATION;12349;235;13;1672694743955;0.0
APPROXIMATION;12350;235;13;1672694743955;0.0
APPROXIMATION;12351;235;13;1672694743955;0.0
APPROXIMATION;12352;235;13;1672694743955;0.0
APPROXIMATION;12345;235;13;1672694743955;0.0
HALTED;12346;235;14;1672694743955;0.0
HALTED;12349;235;14;1672694743955;0.0
HALTED;12348;235;14;1672694743955;0.0
HALTED;12350;235;14;1672694743955;0.0
HALTED;12351;235;14;1672694743955;0.0
HALTED;12352;235;14;1672694743955;0.0
HALTED;12345;235;14;1672694743955;0.0
INITIALIZATION;12345;236;0;1672694744056;0.0
INITIALIZATION;12346;236;0;1672694744057;0.0
INITIALIZATION;12348;236;0;1672694744057;0.0
INITIALIZATION;12349;236;0;1672694744057;0.0
INITIALIZATION;12350;236;0;1672694744057;0.0
INITIALIZATION;12351;236;0;1672694744057;0.0
INITIALIZATION;12352;236;0;1672694744057;0.0
APPROXIMATION;12345;236;1;1672694744057;0.0
APPROXIMATION;12346;236;1;1672694744057;0.0
APPROXIMATION;12349;236;1;1672694744057;0.0
APPROXIMATION;12348;236;1;1672694744057;0.0
APPROXIMATION;12352;236;1;1672694744058;0.0
APPROXIMATION;12351;236;1;1672694744058;0.0
APPROXIMATION;12345;236;2;1672694744058;0.0
APPROXIMATION;12350;236;1;1672694744058;0.0
APPROXIMATION;12346;236;2;1672694744058;0.0
APPROXIMATION;12348;236;2;1672694744058;0.0
APPROXIMATION;12349;236;2;1672694744058;0.0
APPROXIMATION;12351;236;2;1672694744058;0.0
APPROXIMATION;12350;236;2;1672694744058;0.0
APPROXIMATION;12345;236;3;1672694744058;0.0
APPROXIMATION;12346;236;3;1672694744058;0.0
APPROXIMATION;12350;236;3;1672694744099;0.0
APPROXIMATION;12349;236;3;1672694744099;0.0
APPROXIMATION;12352;236;2;1672694744099;0.0
APPROXIMATION;12348;236;3;1672694744099;0.0
APPROXIMATION;12351;236;3;1672694744099;0.0
APPROXIMATION;12352;236;3;1672694744100;0.0
APPROXIMATION;12345;236;4;1672694744100;0.0
APPROXIMATION;12348;236;4;1672694744100;0.0
APPROXIMATION;12346;236;4;1672694744100;0.0
APPROXIMATION;12350;236;4;1672694744100;0.0
APPROXIMATION;12352;236;4;1672694744100;0.0
APPROXIMATION;12349;236;4;1672694744100;0.0
APPROXIMATION;12345;236;5;1672694744101;0.0
APPROXIMATION;12351;236;4;1672694744101;0.0
APPROXIMATION;12349;236;5;1672694744101;0.0
APPROXIMATION;12346;236;5;1672694744101;0.0
APPROXIMATION;12348;236;5;1672694744101;0.0
APPROXIMATION;12350;236;5;1672694744101;0.0
APPROXIMATION;12352;236;5;1672694744101;0.0
APPROXIMATION;12351;236;5;1672694744102;0.0
APPROXIMATION;12345;236;6;1672694744102;0.0
APPROXIMATION;12346;236;6;1672694744102;0.0
APPROXIMATION;12348;236;6;1672694744102;0.0
APPROXIMATION;12352;236;6;1672694744102;0.0
APPROXIMATION;12349;236;6;1672694744102;0.0
APPROXIMATION;12351;236;6;1672694744102;0.0
APPROXIMATION;12345;236;7;1672694744102;0.0
APPROXIMATION;12350;236;6;1672694744102;0.0
APPROXIMATION;12346;236;7;1672694744102;0.0
APPROXIMATION;12349;236;7;1672694744103;0.0
APPROXIMATION;12348;236;7;1672694744103;0.0
APPROXIMATION;12351;236;7;1672694744103;0.0
APPROXIMATION;12352;236;7;1672694744103;0.0
APPROXIMATION;12350;236;7;1672694744103;0.0
APPROXIMATION;12345;236;8;1672694744103;0.0
APPROXIMATION;12346;236;8;1672694744103;0.0
APPROXIMATION;12348;236;8;1672694744103;0.0
APPROXIMATION;12349;236;8;1672694744103;0.0
APPROXIMATION;12351;236;8;1672694744103;0.0
APPROXIMATION;12352;236;8;1672694744103;0.0
APPROXIMATION;12350;236;8;1672694744103;0.0
APPROXIMATION;12345;236;9;1672694744103;0.0
APPROXIMATION;12346;236;9;1672694744104;0.0
APPROXIMATION;12348;236;9;1672694744104;0.0
APPROXIMATION;12351;236;9;1672694744104;0.0
APPROXIMATION;12349;236;9;1672694744104;0.0
APPROXIMATION;12352;236;9;1672694744104;0.0
APPROXIMATION;12350;236;9;1672694744104;0.0
APPROXIMATION;12345;236;10;1672694744104;0.0
APPROXIMATION;12346;236;10;1672694744104;0.0
APPROXIMATION;12348;236;10;1672694744104;0.0
APPROXIMATION;12349;236;10;1672694744104;0.0
APPROXIMATION;12351;236;10;1672694744104;0.0
APPROXIMATION;12352;236;10;1672694744104;0.0
APPROXIMATION;12350;236;10;1672694744104;0.0
APPROXIMATION;12345;236;11;1672694744104;0.0
APPROXIMATION;12346;236;11;1672694744105;0.0
APPROXIMATION;12348;236;11;1672694744105;0.0
APPROXIMATION;12349;236;11;1672694744105;0.0
APPROXIMATION;12351;236;11;1672694744105;0.0
APPROXIMATION;12352;236;11;1672694744105;0.0
APPROXIMATION;12350;236;11;1672694744105;0.0
APPROXIMATION;12345;236;12;1672694744105;0.0
APPROXIMATION;12346;236;12;1672694744105;0.0
APPROXIMATION;12348;236;12;1672694744105;0.0
APPROXIMATION;12349;236;12;1672694744105;0.0
APPROXIMATION;12351;236;12;1672694744105;0.0
APPROXIMATION;12352;236;12;1672694744105;0.0
APPROXIMATION;12350;236;12;1672694744105;0.0
APPROXIMATION;12345;236;13;1672694744105;0.0
APPROXIMATION;12346;236;13;1672694744106;0.0
APPROXIMATION;12348;236;13;1672694744106;0.0
APPROXIMATION;12351;236;13;1672694744106;0.0
APPROXIMATION;12349;236;13;1672694744106;0.0
APPROXIMATION;12352;236;13;1672694744106;0.0
APPROXIMATION;12350;236;13;1672694744106;0.0
HALTED;12345;236;14;1672694744106;0.0
HALTED;12346;236;14;1672694744106;0.0
HALTED;12348;236;14;1672694744106;0.0
HALTED;12349;236;14;1672694744106;0.0
HALTED;12351;236;14;1672694744106;0.0
HALTED;12352;236;14;1672694744106;0.0
HALTED;12350;236;14;1672694744106;0.0
INITIALIZATION;12345;237;0;1672694744207;0.0
INITIALIZATION;12346;237;0;1672694744207;0.0
INITIALIZATION;12349;237;0;1672694744208;0.0
INITIALIZATION;12348;237;0;1672694744208;0.0
INITIALIZATION;12352;237;0;1672694744208;0.0
INITIALIZATION;12350;237;0;1672694744208;0.0
INITIALIZATION;12351;237;0;1672694744208;0.0
APPROXIMATION;12345;237;1;1672694744208;0.0
APPROXIMATION;12346;237;1;1672694744208;0.0
APPROXIMATION;12348;237;1;1672694744209;0.0
APPROXIMATION;12349;237;1;1672694744209;0.0
APPROXIMATION;12351;237;1;1672694744209;0.0
APPROXIMATION;12352;237;1;1672694744209;0.0
APPROXIMATION;12350;237;1;1672694744209;0.0
APPROXIMATION;12346;237;2;1672694744209;0.0
APPROXIMATION;12345;237;2;1672694744209;0.0
APPROXIMATION;12348;237;2;1672694744209;0.0
APPROXIMATION;12349;237;2;1672694744210;0.0
APPROXIMATION;12350;237;2;1672694744210;0.0
APPROXIMATION;12351;237;2;1672694744210;0.0
APPROXIMATION;12352;237;2;1672694744210;0.0
APPROXIMATION;12346;237;3;1672694744210;0.0
APPROXIMATION;12345;237;3;1672694744210;0.0
APPROXIMATION;12349;237;3;1672694744210;0.0
APPROXIMATION;12350;237;3;1672694744210;0.0
APPROXIMATION;12352;237;3;1672694744210;0.0
APPROXIMATION;12351;237;3;1672694744249;0.0
APPROXIMATION;12348;237;3;1672694744249;0.0
APPROXIMATION;12346;237;4;1672694744250;0.0
APPROXIMATION;12345;237;4;1672694744250;0.0
APPROXIMATION;12349;237;4;1672694744251;0.0
APPROXIMATION;12348;237;4;1672694744251;0.0
APPROXIMATION;12350;237;4;1672694744251;0.0
APPROXIMATION;12352;237;4;1672694744251;0.0
APPROXIMATION;12346;237;5;1672694744252;0.0
APPROXIMATION;12351;237;4;1672694744252;0.0
APPROXIMATION;12345;237;5;1672694744252;0.0
APPROXIMATION;12349;237;5;1672694744253;0.0
APPROXIMATION;12348;237;5;1672694744254;0.0
APPROXIMATION;12350;237;5;1672694744254;0.0
APPROXIMATION;12351;237;5;1672694744254;0.0
APPROXIMATION;12352;237;5;1672694744254;0.0
APPROXIMATION;12345;237;6;1672694744254;0.0
APPROXIMATION;12346;237;6;1672694744255;0.0
APPROXIMATION;12349;237;6;1672694744255;0.0
APPROXIMATION;12348;237;6;1672694744256;0.0
APPROXIMATION;12350;237;6;1672694744256;0.0
APPROXIMATION;12351;237;6;1672694744256;0.0
APPROXIMATION;12352;237;6;1672694744256;0.0
APPROXIMATION;12345;237;7;1672694744256;0.0
APPROXIMATION;12346;237;7;1672694744256;0.0
APPROXIMATION;12349;237;7;1672694744258;0.0
APPROXIMATION;12350;237;7;1672694744258;0.0
APPROXIMATION;12351;237;7;1672694744258;0.0
APPROXIMATION;12352;237;7;1672694744259;0.0
APPROXIMATION;12348;237;7;1672694744259;0.0
APPROXIMATION;12345;237;8;1672694744259;0.0
APPROXIMATION;12346;237;8;1672694744259;0.0
APPROXIMATION;12349;237;8;1672694744259;0.0
APPROXIMATION;12350;237;8;1672694744260;0.0
APPROXIMATION;12352;237;8;1672694744260;0.0
APPROXIMATION;12351;237;8;1672694744260;0.0
APPROXIMATION;12348;237;8;1672694744260;0.0
APPROXIMATION;12345;237;9;1672694744260;0.0
APPROXIMATION;12346;237;9;1672694744260;0.0
APPROXIMATION;12349;237;9;1672694744260;0.0
APPROXIMATION;12350;237;9;1672694744261;0.0
APPROXIMATION;12351;237;9;1672694744261;0.0
APPROXIMATION;12352;237;9;1672694744261;0.0
APPROXIMATION;12348;237;9;1672694744261;0.0
APPROXIMATION;12345;237;10;1672694744261;0.0
APPROXIMATION;12346;237;10;1672694744261;0.0
APPROXIMATION;12349;237;10;1672694744261;0.0
APPROXIMATION;12350;237;10;1672694744261;0.0
APPROXIMATION;12351;237;10;1672694744261;0.0
APPROXIMATION;12348;237;10;1672694744261;0.0
APPROXIMATION;12352;237;10;1672694744261;0.0
APPROXIMATION;12346;237;11;1672694744261;0.0
APPROXIMATION;12349;237;11;1672694744262;0.0
APPROXIMATION;12345;237;11;1672694744262;0.0
APPROXIMATION;12348;237;11;1672694744262;0.0
APPROXIMATION;12350;237;11;1672694744262;0.0
APPROXIMATION;12351;237;11;1672694744262;0.0
APPROXIMATION;12352;237;11;1672694744262;0.0
APPROXIMATION;12346;237;12;1672694744262;0.0
APPROXIMATION;12345;237;12;1672694744262;0.0
APPROXIMATION;12348;237;12;1672694744262;0.0
APPROXIMATION;12349;237;12;1672694744262;0.0
APPROXIMATION;12350;237;12;1672694744262;0.0
APPROXIMATION;12351;237;12;1672694744262;0.0
APPROXIMATION;12352;237;12;1672694744262;0.0
APPROXIMATION;12346;237;13;1672694744262;0.0
APPROXIMATION;12345;237;13;1672694744262;0.0
APPROXIMATION;12349;237;13;1672694744263;0.0
APPROXIMATION;12348;237;13;1672694744263;0.0
APPROXIMATION;12350;237;13;1672694744263;0.0
APPROXIMATION;12351;237;13;1672694744263;0.0
APPROXIMATION;12352;237;13;1672694744263;0.0
HALTED;12346;237;14;1672694744263;0.0
HALTED;12349;237;14;1672694744263;0.0
HALTED;12345;237;14;1672694744263;0.0
HALTED;12350;237;14;1672694744263;0.0
HALTED;12348;237;14;1672694744263;0.0
HALTED;12351;237;14;1672694744263;0.0
HALTED;12352;237;14;1672694744263;0.0
INITIALIZATION;12345;238;0;1672694744364;0.0
INITIALIZATION;12346;238;0;1672694744364;0.0
INITIALIZATION;12349;238;0;1672694744365;0.0
INITIALIZATION;12351;238;0;1672694744365;0.0
INITIALIZATION;12352;238;0;1672694744365;0.0
INITIALIZATION;12348;238;0;1672694744365;0.0
INITIALIZATION;12350;238;0;1672694744365;0.0
APPROXIMATION;12345;238;1;1672694744365;0.0
APPROXIMATION;12346;238;1;1672694744365;0.0
APPROXIMATION;12348;238;1;1672694744365;0.0
APPROXIMATION;12349;238;1;1672694744365;0.0
APPROXIMATION;12351;238;1;1672694744365;0.0
APPROXIMATION;12352;238;1;1672694744365;0.0
APPROXIMATION;12350;238;1;1672694744365;0.0
APPROXIMATION;12346;238;2;1672694744366;0.0
APPROXIMATION;12345;238;2;1672694744366;0.0
APPROXIMATION;12348;238;2;1672694744366;0.0
APPROXIMATION;12349;238;2;1672694744366;0.0
APPROXIMATION;12350;238;2;1672694744366;0.0
APPROXIMATION;12352;238;2;1672694744366;0.0
APPROXIMATION;12351;238;2;1672694744366;0.0
APPROXIMATION;12346;238;3;1672694744366;0.0
APPROXIMATION;12348;238;3;1672694744366;0.0
APPROXIMATION;12349;238;3;1672694744366;0.0
APPROXIMATION;12350;238;3;1672694744366;0.0
APPROXIMATION;12352;238;3;1672694744367;0.0
APPROXIMATION;12351;238;3;1672694744410;0.0
APPROXIMATION;12345;238;3;1672694744410;0.0
APPROXIMATION;12346;238;4;1672694744410;0.0
APPROXIMATION;12348;238;4;1672694744410;0.0
APPROXIMATION;12349;238;4;1672694744410;0.0
APPROXIMATION;12350;238;4;1672694744410;0.0
APPROXIMATION;12351;238;4;1672694744410;0.0
APPROXIMATION;12345;238;4;1672694744410;0.0
APPROXIMATION;12352;238;4;1672694744410;0.0
APPROXIMATION;12346;238;5;1672694744410;0.0
APPROXIMATION;12345;238;5;1672694744410;0.0
APPROXIMATION;12348;238;5;1672694744410;0.0
APPROXIMATION;12349;238;5;1672694744410;0.0
APPROXIMATION;12352;238;5;1672694744411;0.0
APPROXIMATION;12350;238;5;1672694744411;0.0
APPROXIMATION;12351;238;5;1672694744411;0.0
APPROXIMATION;12346;238;6;1672694744411;0.0
APPROXIMATION;12345;238;6;1672694744411;0.0
APPROXIMATION;12348;238;6;1672694744411;0.0
APPROXIMATION;12349;238;6;1672694744411;0.0
APPROXIMATION;12351;238;6;1672694744411;0.0
APPROXIMATION;12352;238;6;1672694744411;0.0
APPROXIMATION;12346;238;7;1672694744411;0.0
APPROXIMATION;12348;238;7;1672694744412;0.0
APPROXIMATION;12349;238;7;1672694744412;0.0
APPROXIMATION;12352;238;7;1672694744412;0.0
APPROXIMATION;12351;238;7;1672694744459;0.0
APPROXIMATION;12345;238;7;1672694744459;0.0
APPROXIMATION;12350;238;6;1672694744459;0.0
APPROXIMATION;12350;238;7;1672694744459;0.0
APPROXIMATION;12345;238;8;1672694744460;0.0
APPROXIMATION;12346;238;8;1672694744460;0.0
APPROXIMATION;12348;238;8;1672694744460;0.0
APPROXIMATION;12349;238;8;1672694744460;0.0
APPROXIMATION;12350;238;8;1672694744460;0.0
APPROXIMATION;12351;238;8;1672694744460;0.0
APPROXIMATION;12352;238;8;1672694744460;0.0
APPROXIMATION;12345;238;9;1672694744460;0.0
APPROXIMATION;12349;238;9;1672694744460;0.0
APPROXIMATION;12346;238;9;1672694744460;0.0
APPROXIMATION;12348;238;9;1672694744461;0.0
APPROXIMATION;12350;238;9;1672694744461;0.0
APPROXIMATION;12351;238;9;1672694744461;0.0
APPROXIMATION;12352;238;9;1672694744461;0.0
APPROXIMATION;12345;238;10;1672694744461;0.0
APPROXIMATION;12346;238;10;1672694744461;0.0
APPROXIMATION;12349;238;10;1672694744461;0.0
APPROXIMATION;12350;238;10;1672694744461;0.0
APPROXIMATION;12352;238;10;1672694744461;0.0
APPROXIMATION;12351;238;10;1672694744461;0.0
APPROXIMATION;12348;238;10;1672694744461;0.0
APPROXIMATION;12346;238;11;1672694744461;0.0
APPROXIMATION;12345;238;11;1672694744461;0.0
APPROXIMATION;12350;238;11;1672694744461;0.0
APPROXIMATION;12351;238;11;1672694744461;0.0
APPROXIMATION;12349;238;11;1672694744462;0.0
APPROXIMATION;12352;238;11;1672694744462;0.0
APPROXIMATION;12348;238;11;1672694744462;0.0
APPROXIMATION;12346;238;12;1672694744462;0.0
APPROXIMATION;12345;238;12;1672694744462;0.0
APPROXIMATION;12350;238;12;1672694744462;0.0
APPROXIMATION;12351;238;12;1672694744462;0.0
APPROXIMATION;12348;238;12;1672694744462;0.0
APPROXIMATION;12352;238;12;1672694744462;0.0
APPROXIMATION;12349;238;12;1672694744462;0.0
APPROXIMATION;12346;238;13;1672694744462;0.0
APPROXIMATION;12348;238;13;1672694744462;0.0
APPROXIMATION;12351;238;13;1672694744462;0.0
APPROXIMATION;12350;238;13;1672694744462;0.0
APPROXIMATION;12352;238;13;1672694744462;0.0
APPROXIMATION;12345;238;13;1672694744462;0.0
APPROXIMATION;12349;238;13;1672694744462;0.0
HALTED;12346;238;14;1672694744462;0.0
HALTED;12348;238;14;1672694744463;0.0
HALTED;12350;238;14;1672694744463;0.0
HALTED;12351;238;14;1672694744463;0.0
HALTED;12345;238;14;1672694744463;0.0
HALTED;12352;238;14;1672694744463;0.0
HALTED;12349;238;14;1672694744463;0.0
INITIALIZATION;12345;239;0;1672694744564;0.0
INITIALIZATION;12346;239;0;1672694744564;0.0
INITIALIZATION;12349;239;0;1672694744564;0.0
INITIALIZATION;12352;239;0;1672694744564;0.0
INITIALIZATION;12348;239;0;1672694744564;0.0
INITIALIZATION;12351;239;0;1672694744564;0.0
INITIALIZATION;12350;239;0;1672694744565;0.0
APPROXIMATION;12345;239;1;1672694744565;0.0
APPROXIMATION;12346;239;1;1672694744565;0.0
APPROXIMATION;12348;239;1;1672694744565;0.0
APPROXIMATION;12349;239;1;1672694744565;0.0
APPROXIMATION;12351;239;1;1672694744565;0.0
APPROXIMATION;12352;239;1;1672694744565;0.0
APPROXIMATION;12350;239;1;1672694744565;0.0
APPROXIMATION;12345;239;2;1672694744565;0.0
APPROXIMATION;12346;239;2;1672694744565;0.0
APPROXIMATION;12351;239;2;1672694744566;0.0
APPROXIMATION;12349;239;2;1672694744566;0.0
APPROXIMATION;12350;239;2;1672694744566;0.0
APPROXIMATION;12352;239;2;1672694744566;0.0
APPROXIMATION;12348;239;2;1672694744566;0.0
APPROXIMATION;12345;239;3;1672694744566;0.0
APPROXIMATION;12346;239;3;1672694744566;0.0
APPROXIMATION;12351;239;3;1672694744566;0.0
APPROXIMATION;12349;239;3;1672694744566;0.0
APPROXIMATION;12350;239;3;1672694744566;0.0
APPROXIMATION;12352;239;3;1672694744566;0.0
APPROXIMATION;12348;239;3;1672694744566;0.0
APPROXIMATION;12346;239;4;1672694744566;0.0
APPROXIMATION;12345;239;4;1672694744566;0.0
APPROXIMATION;12350;239;4;1672694744566;0.0
APPROXIMATION;12351;239;4;1672694744566;0.0
APPROXIMATION;12349;239;4;1672694744566;0.0
APPROXIMATION;12352;239;4;1672694744566;0.0
APPROXIMATION;12348;239;4;1672694744566;0.0
APPROXIMATION;12346;239;5;1672694744567;0.0
APPROXIMATION;12350;239;5;1672694744567;0.0
APPROXIMATION;12345;239;5;1672694744567;0.0
APPROXIMATION;12349;239;5;1672694744567;0.0
APPROXIMATION;12351;239;5;1672694744567;0.0
APPROXIMATION;12352;239;5;1672694744567;0.0
APPROXIMATION;12348;239;5;1672694744567;0.0
APPROXIMATION;12346;239;6;1672694744567;0.0
APPROXIMATION;12349;239;6;1672694744567;0.0
APPROXIMATION;12350;239;6;1672694744567;0.0
APPROXIMATION;12351;239;6;1672694744567;0.0
APPROXIMATION;12348;239;6;1672694744567;0.0
APPROXIMATION;12352;239;6;1672694744567;0.0
APPROXIMATION;12345;239;6;1672694744567;0.0
APPROXIMATION;12346;239;7;1672694744567;0.0
APPROXIMATION;12349;239;7;1672694744568;0.0
APPROXIMATION;12350;239;7;1672694744568;0.0
APPROXIMATION;12348;239;7;1672694744568;0.0
APPROXIMATION;12351;239;7;1672694744568;0.0
APPROXIMATION;12352;239;7;1672694744568;0.0
APPROXIMATION;12345;239;7;1672694744568;0.0
APPROXIMATION;12346;239;8;1672694744568;0.0
APPROXIMATION;12348;239;8;1672694744568;0.0
APPROXIMATION;12349;239;8;1672694744568;0.0
APPROXIMATION;12350;239;8;1672694744568;0.0
APPROXIMATION;12351;239;8;1672694744568;0.0
APPROXIMATION;12345;239;8;1672694744568;0.0
APPROXIMATION;12352;239;8;1672694744568;0.0
APPROXIMATION;12346;239;9;1672694744568;0.0
APPROXIMATION;12348;239;9;1672694744568;0.0
APPROXIMATION;12349;239;9;1672694744568;0.0
APPROXIMATION;12350;239;9;1672694744569;0.0
APPROXIMATION;12351;239;9;1672694744569;0.0
APPROXIMATION;12352;239;9;1672694744569;0.0
APPROXIMATION;12345;239;9;1672694744569;0.0
APPROXIMATION;12346;239;10;1672694744569;0.0
APPROXIMATION;12348;239;10;1672694744569;0.0
APPROXIMATION;12349;239;10;1672694744569;0.0
APPROXIMATION;12350;239;10;1672694744569;0.0
APPROXIMATION;12351;239;10;1672694744569;0.0
APPROXIMATION;12352;239;10;1672694744569;0.0
APPROXIMATION;12345;239;10;1672694744569;0.0
APPROXIMATION;12346;239;11;1672694744569;0.0
APPROXIMATION;12348;239;11;1672694744569;0.0
APPROXIMATION;12349;239;11;1672694744569;0.0
APPROXIMATION;12350;239;11;1672694744569;0.0
APPROXIMATION;12351;239;11;1672694744569;0.0
APPROXIMATION;12352;239;11;1672694744570;0.0
APPROXIMATION;12345;239;11;1672694744570;0.0
APPROXIMATION;12346;239;12;1672694744570;0.0
APPROXIMATION;12348;239;12;1672694744570;0.0
APPROXIMATION;12349;239;12;1672694744570;0.0
APPROXIMATION;12350;239;12;1672694744570;0.0
APPROXIMATION;12351;239;12;1672694744570;0.0
APPROXIMATION;12352;239;12;1672694744570;0.0
APPROXIMATION;12345;239;12;1672694744570;0.0
APPROXIMATION;12346;239;13;1672694744570;0.0
APPROXIMATION;12348;239;13;1672694744570;0.0
APPROXIMATION;12349;239;13;1672694744570;0.0
APPROXIMATION;12350;239;13;1672694744570;0.0
APPROXIMATION;12351;239;13;1672694744570;0.0
APPROXIMATION;12352;239;13;1672694744571;0.0
APPROXIMATION;12345;239;13;1672694744571;0.0
HALTED;12346;239;14;1672694744571;0.0
HALTED;12348;239;14;1672694744571;0.0
HALTED;12349;239;14;1672694744571;0.0
HALTED;12350;239;14;1672694744571;0.0
HALTED;12351;239;14;1672694744571;0.0
HALTED;12352;239;14;1672694744571;0.0
HALTED;12345;239;14;1672694744571;0.0
INITIALIZATION;12345;240;0;1672694744672;0.0
INITIALIZATION;12349;240;0;1672694744673;0.0
INITIALIZATION;12351;240;0;1672694744673;0.0
INITIALIZATION;12348;240;0;1672694744673;0.0
INITIALIZATION;12352;240;0;1672694744673;0.0
INITIALIZATION;12350;240;0;1672694744673;0.0
INITIALIZATION;12346;240;0;1672694744673;0.0
APPROXIMATION;12345;240;1;1672694744673;0.0
APPROXIMATION;12348;240;1;1672694744673;0.0
APPROXIMATION;12349;240;1;1672694744673;0.0
APPROXIMATION;12350;240;1;1672694744674;0.0
APPROXIMATION;12351;240;1;1672694744674;0.0
APPROXIMATION;12346;240;1;1672694744674;0.0
APPROXIMATION;12352;240;1;1672694744674;0.0
APPROXIMATION;12345;240;2;1672694744674;0.0
APPROXIMATION;12348;240;2;1672694744674;0.0
APPROXIMATION;12349;240;2;1672694744674;0.0
APPROXIMATION;12346;240;2;1672694744674;0.0
APPROXIMATION;12351;240;2;1672694744674;0.0
APPROXIMATION;12352;240;2;1672694744674;0.0
APPROXIMATION;12350;240;2;1672694744674;0.0
APPROXIMATION;12345;240;3;1672694744674;0.0
APPROXIMATION;12346;240;3;1672694744675;0.0
APPROXIMATION;12348;240;3;1672694744675;0.0
APPROXIMATION;12349;240;3;1672694744675;0.0
APPROXIMATION;12352;240;3;1672694744675;0.0
APPROXIMATION;12351;240;3;1672694744719;0.0
APPROXIMATION;12350;240;3;1672694744720;0.0
APPROXIMATION;12345;240;4;1672694744720;0.0
APPROXIMATION;12346;240;4;1672694744720;0.0
APPROXIMATION;12348;240;4;1672694744720;0.0
APPROXIMATION;12349;240;4;1672694744720;0.0
APPROXIMATION;12351;240;4;1672694744720;0.0
APPROXIMATION;12350;240;4;1672694744720;0.0
APPROXIMATION;12352;240;4;1672694744720;0.0
APPROXIMATION;12345;240;5;1672694744720;0.0
APPROXIMATION;12346;240;5;1672694744720;0.0
APPROXIMATION;12348;240;5;1672694744720;0.0
APPROXIMATION;12349;240;5;1672694744720;0.0
APPROXIMATION;12352;240;5;1672694744720;0.0
APPROXIMATION;12350;240;5;1672694744720;0.0
APPROXIMATION;12351;240;5;1672694744720;0.0
APPROXIMATION;12345;240;6;1672694744721;0.0
APPROXIMATION;12346;240;6;1672694744721;0.0
APPROXIMATION;12349;240;6;1672694744721;0.0
APPROXIMATION;12350;240;6;1672694744721;0.0
APPROXIMATION;12352;240;6;1672694744721;0.0
APPROXIMATION;12351;240;6;1672694744721;0.0
APPROXIMATION;12348;240;6;1672694744721;0.0
APPROXIMATION;12345;240;7;1672694744721;0.0
APPROXIMATION;12346;240;7;1672694744721;0.0
APPROXIMATION;12349;240;7;1672694744721;0.0
APPROXIMATION;12350;240;7;1672694744721;0.0
APPROXIMATION;12351;240;7;1672694744721;0.0
APPROXIMATION;12348;240;7;1672694744721;0.0
APPROXIMATION;12352;240;7;1672694744721;0.0
APPROXIMATION;12345;240;8;1672694744722;0.0
APPROXIMATION;12346;240;8;1672694744722;0.0
APPROXIMATION;12349;240;8;1672694744722;0.0
APPROXIMATION;12351;240;8;1672694744722;0.0
APPROXIMATION;12350;240;8;1672694744722;0.0
APPROXIMATION;12352;240;8;1672694744722;0.0
APPROXIMATION;12348;240;8;1672694744722;0.0
APPROXIMATION;12346;240;9;1672694744722;0.0
APPROXIMATION;12345;240;9;1672694744722;0.0
APPROXIMATION;12349;240;9;1672694744722;0.0
APPROXIMATION;12350;240;9;1672694744722;0.0
APPROXIMATION;12351;240;9;1672694744722;0.0
APPROXIMATION;12352;240;9;1672694744722;0.0
APPROXIMATION;12348;240;9;1672694744722;0.0
APPROXIMATION;12346;240;10;1672694744722;0.0
APPROXIMATION;12345;240;10;1672694744722;0.0
APPROXIMATION;12349;240;10;1672694744723;0.0
APPROXIMATION;12350;240;10;1672694744723;0.0
APPROXIMATION;12348;240;10;1672694744723;0.0
APPROXIMATION;12352;240;10;1672694744723;0.0
APPROXIMATION;12351;240;10;1672694744723;0.0
APPROXIMATION;12346;240;11;1672694744723;0.0
APPROXIMATION;12345;240;11;1672694744723;0.0
APPROXIMATION;12351;240;11;1672694744723;0.0
APPROXIMATION;12349;240;11;1672694744723;0.0
APPROXIMATION;12352;240;11;1672694744723;0.0
APPROXIMATION;12350;240;11;1672694744723;0.0
APPROXIMATION;12348;240;11;1672694744723;0.0
APPROXIMATION;12346;240;12;1672694744723;0.0
APPROXIMATION;12345;240;12;1672694744723;0.0
APPROXIMATION;12350;240;12;1672694744723;0.0
APPROXIMATION;12349;240;12;1672694744723;0.0
APPROXIMATION;12351;240;12;1672694744723;0.0
APPROXIMATION;12352;240;12;1672694744723;0.0
APPROXIMATION;12348;240;12;1672694744723;0.0
APPROXIMATION;12346;240;13;1672694744724;0.0
APPROXIMATION;12349;240;13;1672694744724;0.0
APPROXIMATION;12350;240;13;1672694744724;0.0
APPROXIMATION;12351;240;13;1672694744724;0.0
APPROXIMATION;12345;240;13;1672694744724;0.0
APPROXIMATION;12352;240;13;1672694744724;0.0
APPROXIMATION;12348;240;13;1672694744724;0.0
HALTED;12346;240;14;1672694744724;0.0
HALTED;12349;240;14;1672694744724;0.0
HALTED;12350;240;14;1672694744724;0.0
HALTED;12345;240;14;1672694744724;0.0
HALTED;12351;240;14;1672694744724;0.0
HALTED;12352;240;14;1672694744724;0.0
HALTED;12348;240;14;1672694744724;0.0
INITIALIZATION;12345;241;0;1672694744825;0.0
INITIALIZATION;12346;241;0;1672694744825;0.0
INITIALIZATION;12351;241;0;1672694744826;0.0
INITIALIZATION;12348;241;0;1672694744826;0.0
INITIALIZATION;12352;241;0;1672694744826;0.0
INITIALIZATION;12350;241;0;1672694744826;0.0
INITIALIZATION;12349;241;0;1672694744826;0.0
APPROXIMATION;12346;241;1;1672694744826;0.0
APPROXIMATION;12345;241;1;1672694744826;0.0
APPROXIMATION;12348;241;1;1672694744826;0.0
APPROXIMATION;12351;241;1;1672694744827;0.0
APPROXIMATION;12350;241;1;1672694744827;0.0
APPROXIMATION;12349;241;1;1672694744827;0.0
APPROXIMATION;12352;241;1;1672694744827;0.0
APPROXIMATION;12346;241;2;1672694744827;0.0
APPROXIMATION;12345;241;2;1672694744827;0.0
APPROXIMATION;12348;241;2;1672694744827;0.0
APPROXIMATION;12352;241;2;1672694744827;0.0
APPROXIMATION;12350;241;2;1672694744827;0.0
APPROXIMATION;12349;241;2;1672694744827;0.0
APPROXIMATION;12351;241;2;1672694744827;0.0
APPROXIMATION;12351;241;3;1672694744827;0.0
APPROXIMATION;12352;241;3;1672694744827;0.0
APPROXIMATION;12348;241;3;1672694744827;0.0
APPROXIMATION;12349;241;3;1672694744827;0.0
APPROXIMATION;12350;241;3;1672694744828;0.0
APPROXIMATION;12346;241;3;1672694744869;0.0
APPROXIMATION;12345;241;3;1672694744870;0.0
APPROXIMATION;12346;241;4;1672694744870;0.0
APPROXIMATION;12348;241;4;1672694744870;0.0
APPROXIMATION;12349;241;4;1672694744870;0.0
APPROXIMATION;12350;241;4;1672694744870;0.0
APPROXIMATION;12351;241;4;1672694744870;0.0
APPROXIMATION;12345;241;4;1672694744870;0.0
APPROXIMATION;12352;241;4;1672694744870;0.0
APPROXIMATION;12346;241;5;1672694744870;0.0
APPROXIMATION;12348;241;5;1672694744870;0.0
APPROXIMATION;12349;241;5;1672694744870;0.0
APPROXIMATION;12345;241;5;1672694744870;0.0
APPROXIMATION;12352;241;5;1672694744870;0.0
APPROXIMATION;12350;241;5;1672694744870;0.0
APPROXIMATION;12351;241;5;1672694744871;0.0
APPROXIMATION;12346;241;6;1672694744871;0.0
APPROXIMATION;12345;241;6;1672694744871;0.0
APPROXIMATION;12348;241;6;1672694744871;0.0
APPROXIMATION;12349;241;6;1672694744871;0.0
APPROXIMATION;12350;241;6;1672694744871;0.0
APPROXIMATION;12351;241;6;1672694744871;0.0
APPROXIMATION;12352;241;6;1672694744871;0.0
APPROXIMATION;12346;241;7;1672694744871;0.0
APPROXIMATION;12348;241;7;1672694744871;0.0
APPROXIMATION;12345;241;7;1672694744871;0.0
APPROXIMATION;12349;241;7;1672694744871;0.0
APPROXIMATION;12351;241;7;1672694744871;0.0
APPROXIMATION;12350;241;7;1672694744871;0.0
APPROXIMATION;12352;241;7;1672694744872;0.0
APPROXIMATION;12346;241;8;1672694744872;0.0
APPROXIMATION;12345;241;8;1672694744872;0.0
APPROXIMATION;12348;241;8;1672694744872;0.0
APPROXIMATION;12349;241;8;1672694744872;0.0
APPROXIMATION;12351;241;8;1672694744872;0.0
APPROXIMATION;12350;241;8;1672694744872;0.0
APPROXIMATION;12352;241;8;1672694744872;0.0
APPROXIMATION;12346;241;9;1672694744872;0.0
APPROXIMATION;12345;241;9;1672694744872;0.0
APPROXIMATION;12348;241;9;1672694744872;0.0
APPROXIMATION;12351;241;9;1672694744872;0.0
APPROXIMATION;12349;241;9;1672694744872;0.0
APPROXIMATION;12350;241;9;1672694744872;0.0
APPROXIMATION;12352;241;9;1672694744872;0.0
APPROXIMATION;12346;241;10;1672694744872;0.0
APPROXIMATION;12345;241;10;1672694744873;0.0
APPROXIMATION;12348;241;10;1672694744873;0.0
APPROXIMATION;12351;241;10;1672694744873;0.0
APPROXIMATION;12350;241;10;1672694744873;0.0
APPROXIMATION;12349;241;10;1672694744873;0.0
APPROXIMATION;12352;241;10;1672694744873;0.0
APPROXIMATION;12346;241;11;1672694744873;0.0
APPROXIMATION;12348;241;11;1672694744873;0.0
APPROXIMATION;12345;241;11;1672694744873;0.0
APPROXIMATION;12352;241;11;1672694744873;0.0
APPROXIMATION;12351;241;11;1672694744873;0.0
APPROXIMATION;12349;241;11;1672694744873;0.0
APPROXIMATION;12350;241;11;1672694744873;0.0
APPROXIMATION;12346;241;12;1672694744873;0.0
APPROXIMATION;12350;241;12;1672694744873;0.0
APPROXIMATION;12348;241;12;1672694744873;0.0
APPROXIMATION;12345;241;12;1672694744873;0.0
APPROXIMATION;12352;241;12;1672694744873;0.0
APPROXIMATION;12351;241;12;1672694744873;0.0
APPROXIMATION;12349;241;12;1672694744874;0.0
APPROXIMATION;12346;241;13;1672694744874;0.0
APPROXIMATION;12350;241;13;1672694744874;0.0
APPROXIMATION;12351;241;13;1672694744874;0.0
APPROXIMATION;12345;241;13;1672694744874;0.0
APPROXIMATION;12349;241;13;1672694744874;0.0
APPROXIMATION;12348;241;13;1672694744874;0.0
APPROXIMATION;12352;241;13;1672694744874;0.0
HALTED;12346;241;14;1672694744874;0.0
HALTED;12351;241;14;1672694744874;0.0
HALTED;12350;241;14;1672694744874;0.0
HALTED;12345;241;14;1672694744874;0.0
HALTED;12348;241;14;1672694744874;0.0
HALTED;12352;241;14;1672694744874;0.0
HALTED;12349;241;14;1672694744874;0.0
INITIALIZATION;12345;242;0;1672694744975;0.0
INITIALIZATION;12346;242;0;1672694744976;0.0
INITIALIZATION;12349;242;0;1672694744976;0.0
INITIALIZATION;12348;242;0;1672694744976;0.0
INITIALIZATION;12351;242;0;1672694744976;0.0
INITIALIZATION;12352;242;0;1672694744976;0.0
INITIALIZATION;12350;242;0;1672694744977;0.0
APPROXIMATION;12345;242;1;1672694744977;0.0
APPROXIMATION;12346;242;1;1672694744977;0.0
APPROXIMATION;12348;242;1;1672694744977;0.0
APPROXIMATION;12349;242;1;1672694744977;0.0
APPROXIMATION;12351;242;1;1672694744977;0.0
APPROXIMATION;12352;242;1;1672694744977;0.0
APPROXIMATION;12350;242;1;1672694744977;0.0
APPROXIMATION;12345;242;2;1672694744977;0.0
APPROXIMATION;12346;242;2;1672694744977;0.0
APPROXIMATION;12348;242;2;1672694744978;0.0
APPROXIMATION;12351;242;2;1672694744978;0.0
APPROXIMATION;12349;242;2;1672694744978;0.0
APPROXIMATION;12352;242;2;1672694744978;0.0
APPROXIMATION;12350;242;2;1672694744978;0.0
APPROXIMATION;12345;242;3;1672694744978;0.0
APPROXIMATION;12348;242;3;1672694744978;0.0
APPROXIMATION;12346;242;3;1672694744978;0.0
APPROXIMATION;12352;242;3;1672694744978;0.0
APPROXIMATION;12350;242;3;1672694744978;0.0
APPROXIMATION;12349;242;3;1672694745020;0.0
APPROXIMATION;12351;242;3;1672694745020;0.0
APPROXIMATION;12345;242;4;1672694745020;0.0
APPROXIMATION;12346;242;4;1672694745020;0.0
APPROXIMATION;12348;242;4;1672694745020;0.0
APPROXIMATION;12351;242;4;1672694745020;0.0
APPROXIMATION;12349;242;4;1672694745020;0.0
APPROXIMATION;12352;242;4;1672694745020;0.0
APPROXIMATION;12350;242;4;1672694745020;0.0
APPROXIMATION;12345;242;5;1672694745021;0.0
APPROXIMATION;12346;242;5;1672694745021;0.0
APPROXIMATION;12349;242;5;1672694745021;0.0
APPROXIMATION;12348;242;5;1672694745021;0.0
APPROXIMATION;12351;242;5;1672694745021;0.0
APPROXIMATION;12350;242;5;1672694745021;0.0
APPROXIMATION;12352;242;5;1672694745021;0.0
APPROXIMATION;12345;242;6;1672694745021;0.0
APPROXIMATION;12346;242;6;1672694745021;0.0
APPROXIMATION;12348;242;6;1672694745021;0.0
APPROXIMATION;12349;242;6;1672694745022;0.0
APPROXIMATION;12351;242;6;1672694745022;0.0
APPROXIMATION;12350;242;6;1672694745022;0.0
APPROXIMATION;12352;242;6;1672694745022;0.0
APPROXIMATION;12345;242;7;1672694745022;0.0
APPROXIMATION;12346;242;7;1672694745022;0.0
APPROXIMATION;12349;242;7;1672694745022;0.0
APPROXIMATION;12351;242;7;1672694745022;0.0
APPROXIMATION;12348;242;7;1672694745022;0.0
APPROXIMATION;12352;242;7;1672694745022;0.0
APPROXIMATION;12350;242;7;1672694745022;0.0
APPROXIMATION;12345;242;8;1672694745022;0.0
APPROXIMATION;12346;242;8;1672694745022;0.0
APPROXIMATION;12349;242;8;1672694745022;0.0
APPROXIMATION;12351;242;8;1672694745022;0.0
APPROXIMATION;12348;242;8;1672694745022;0.0
APPROXIMATION;12350;242;8;1672694745022;0.0
APPROXIMATION;12352;242;8;1672694745022;0.0
APPROXIMATION;12345;242;9;1672694745023;0.0
APPROXIMATION;12346;242;9;1672694745023;0.0
APPROXIMATION;12349;242;9;1672694745023;0.0
APPROXIMATION;12351;242;9;1672694745023;0.0
APPROXIMATION;12350;242;9;1672694745023;0.0
APPROXIMATION;12352;242;9;1672694745023;0.0
APPROXIMATION;12348;242;9;1672694745023;0.0
APPROXIMATION;12345;242;10;1672694745023;0.0
APPROXIMATION;12346;242;10;1672694745023;0.0
APPROXIMATION;12349;242;10;1672694745023;0.0
APPROXIMATION;12351;242;10;1672694745023;0.0
APPROXIMATION;12350;242;10;1672694745023;0.0
APPROXIMATION;12352;242;10;1672694745023;0.0
APPROXIMATION;12348;242;10;1672694745023;0.0
APPROXIMATION;12345;242;11;1672694745023;0.0
APPROXIMATION;12346;242;11;1672694745023;0.0
APPROXIMATION;12349;242;11;1672694745024;0.0
APPROXIMATION;12351;242;11;1672694745024;0.0
APPROXIMATION;12350;242;11;1672694745024;0.0
APPROXIMATION;12348;242;11;1672694745024;0.0
APPROXIMATION;12352;242;11;1672694745024;0.0
APPROXIMATION;12345;242;12;1672694745024;0.0
APPROXIMATION;12346;242;12;1672694745024;0.0
APPROXIMATION;12349;242;12;1672694745024;0.0
APPROXIMATION;12351;242;12;1672694745024;0.0
APPROXIMATION;12352;242;12;1672694745024;0.0
APPROXIMATION;12348;242;12;1672694745024;0.0
APPROXIMATION;12350;242;12;1672694745024;0.0
APPROXIMATION;12345;242;13;1672694745024;0.0
APPROXIMATION;12346;242;13;1672694745024;0.0
APPROXIMATION;12349;242;13;1672694745025;0.0
APPROXIMATION;12351;242;13;1672694745025;0.0
APPROXIMATION;12350;242;13;1672694745025;0.0
APPROXIMATION;12348;242;13;1672694745025;0.0
APPROXIMATION;12352;242;13;1672694745025;0.0
HALTED;12345;242;14;1672694745025;0.0
HALTED;12346;242;14;1672694745025;0.0
HALTED;12349;242;14;1672694745025;0.0
HALTED;12351;242;14;1672694745025;0.0
HALTED;12350;242;14;1672694745025;0.0
HALTED;12352;242;14;1672694745025;0.0
HALTED;12348;242;14;1672694745025;0.0
INITIALIZATION;12345;243;0;1672694745126;0.0
INITIALIZATION;12346;243;0;1672694745126;0.0
INITIALIZATION;12348;243;0;1672694745126;0.0
INITIALIZATION;12349;243;0;1672694745127;0.0
INITIALIZATION;12352;243;0;1672694745127;0.0
INITIALIZATION;12350;243;0;1672694745127;0.0
INITIALIZATION;12351;243;0;1672694745127;0.0
APPROXIMATION;12346;243;1;1672694745127;0.0
APPROXIMATION;12345;243;1;1672694745127;0.0
APPROXIMATION;12349;243;1;1672694745127;0.0
APPROXIMATION;12348;243;1;1672694745127;0.0
APPROXIMATION;12351;243;1;1672694745127;0.0
APPROXIMATION;12352;243;1;1672694745128;0.0
APPROXIMATION;12350;243;1;1672694745128;0.0
APPROXIMATION;12345;243;2;1672694745128;0.0
APPROXIMATION;12346;243;2;1672694745128;0.0
APPROXIMATION;12348;243;2;1672694745128;0.0
APPROXIMATION;12349;243;2;1672694745128;0.0
APPROXIMATION;12351;243;2;1672694745128;0.0
APPROXIMATION;12352;243;2;1672694745128;0.0
APPROXIMATION;12350;243;2;1672694745128;0.0
APPROXIMATION;12346;243;3;1672694745128;0.0
APPROXIMATION;12351;243;3;1672694745129;0.0
APPROXIMATION;12352;243;3;1672694745129;0.0
APPROXIMATION;12350;243;3;1672694745129;0.0
APPROXIMATION;12345;243;3;1672694745170;0.0
APPROXIMATION;12349;243;3;1672694745170;0.0
APPROXIMATION;12348;243;3;1672694745170;0.0
APPROXIMATION;12346;243;4;1672694745170;0.0
APPROXIMATION;12345;243;4;1672694745170;0.0
APPROXIMATION;12349;243;4;1672694745170;0.0
APPROXIMATION;12351;243;4;1672694745170;0.0
APPROXIMATION;12348;243;4;1672694745170;0.0
APPROXIMATION;12350;243;4;1672694745170;0.0
APPROXIMATION;12352;243;4;1672694745170;0.0
APPROXIMATION;12345;243;5;1672694745171;0.0
APPROXIMATION;12348;243;5;1672694745171;0.0
APPROXIMATION;12346;243;5;1672694745171;0.0
APPROXIMATION;12349;243;5;1672694745171;0.0
APPROXIMATION;12352;243;5;1672694745171;0.0
APPROXIMATION;12351;243;5;1672694745171;0.0
APPROXIMATION;12350;243;5;1672694745171;0.0
APPROXIMATION;12345;243;6;1672694745172;0.0
APPROXIMATION;12348;243;6;1672694745172;0.0
APPROXIMATION;12349;243;6;1672694745172;0.0
APPROXIMATION;12352;243;6;1672694745172;0.0
APPROXIMATION;12351;243;6;1672694745172;0.0
APPROXIMATION;12346;243;6;1672694745172;0.0
APPROXIMATION;12350;243;6;1672694745172;0.0
APPROXIMATION;12345;243;7;1672694745172;0.0
APPROXIMATION;12346;243;7;1672694745172;0.0
APPROXIMATION;12349;243;7;1672694745172;0.0
APPROXIMATION;12348;243;7;1672694745172;0.0
APPROXIMATION;12351;243;7;1672694745172;0.0
APPROXIMATION;12352;243;7;1672694745172;0.0
APPROXIMATION;12350;243;7;1672694745173;0.0
APPROXIMATION;12345;243;8;1672694745173;0.0
APPROXIMATION;12346;243;8;1672694745173;0.0
APPROXIMATION;12349;243;8;1672694745173;0.0
APPROXIMATION;12351;243;8;1672694745173;0.0
APPROXIMATION;12348;243;8;1672694745173;0.0
APPROXIMATION;12352;243;8;1672694745173;0.0
APPROXIMATION;12350;243;8;1672694745173;0.0
APPROXIMATION;12346;243;9;1672694745173;0.0
APPROXIMATION;12345;243;9;1672694745173;0.0
APPROXIMATION;12348;243;9;1672694745173;0.0
APPROXIMATION;12349;243;9;1672694745173;0.0
APPROXIMATION;12351;243;9;1672694745173;0.0
APPROXIMATION;12352;243;9;1672694745173;0.0
APPROXIMATION;12350;243;9;1672694745173;0.0
APPROXIMATION;12346;243;10;1672694745174;0.0
APPROXIMATION;12345;243;10;1672694745174;0.0
APPROXIMATION;12348;243;10;1672694745174;0.0
APPROXIMATION;12351;243;10;1672694745174;0.0
APPROXIMATION;12349;243;10;1672694745174;0.0
APPROXIMATION;12352;243;10;1672694745174;0.0
APPROXIMATION;12350;243;10;1672694745174;0.0
APPROXIMATION;12346;243;11;1672694745174;0.0
APPROXIMATION;12345;243;11;1672694745174;0.0
APPROXIMATION;12348;243;11;1672694745174;0.0
APPROXIMATION;12351;243;11;1672694745174;0.0
APPROXIMATION;12349;243;11;1672694745174;0.0
APPROXIMATION;12352;243;11;1672694745174;0.0
APPROXIMATION;12350;243;11;1672694745174;0.0
APPROXIMATION;12346;243;12;1672694745174;0.0
APPROXIMATION;12348;243;12;1672694745174;0.0
APPROXIMATION;12345;243;12;1672694745174;0.0
APPROXIMATION;12349;243;12;1672694745175;0.0
APPROXIMATION;12351;243;12;1672694745175;0.0
APPROXIMATION;12352;243;12;1672694745175;0.0
APPROXIMATION;12350;243;12;1672694745175;0.0
APPROXIMATION;12346;243;13;1672694745175;0.0
APPROXIMATION;12348;243;13;1672694745175;0.0
APPROXIMATION;12345;243;13;1672694745175;0.0
APPROXIMATION;12351;243;13;1672694745175;0.0
APPROXIMATION;12349;243;13;1672694745175;0.0
APPROXIMATION;12352;243;13;1672694745175;0.0
APPROXIMATION;12350;243;13;1672694745175;0.0
HALTED;12346;243;14;1672694745175;0.0
HALTED;12348;243;14;1672694745175;0.0
HALTED;12345;243;14;1672694745175;0.0
HALTED;12351;243;14;1672694745175;0.0
HALTED;12349;243;14;1672694745175;0.0
HALTED;12350;243;14;1672694745175;0.0
HALTED;12352;243;14;1672694745175;0.0
INITIALIZATION;12345;244;0;1672694745276;0.0
INITIALIZATION;12346;244;0;1672694745277;0.0
INITIALIZATION;12349;244;0;1672694745277;0.0
INITIALIZATION;12348;244;0;1672694745277;0.0
INITIALIZATION;12351;244;0;1672694745277;0.0
INITIALIZATION;12350;244;0;1672694745277;0.0
INITIALIZATION;12352;244;0;1672694745277;0.0
APPROXIMATION;12345;244;1;1672694745277;0.0
APPROXIMATION;12348;244;1;1672694745277;0.0
APPROXIMATION;12349;244;1;1672694745277;0.0
APPROXIMATION;12346;244;1;1672694745278;0.0
APPROXIMATION;12352;244;1;1672694745278;0.0
APPROXIMATION;12350;244;1;1672694745278;0.0
APPROXIMATION;12351;244;1;1672694745278;0.0
APPROXIMATION;12345;244;2;1672694745278;0.0
APPROXIMATION;12346;244;2;1672694745278;0.0
APPROXIMATION;12348;244;2;1672694745278;0.0
APPROXIMATION;12349;244;2;1672694745278;0.0
APPROXIMATION;12350;244;2;1672694745279;0.0
APPROXIMATION;12351;244;2;1672694745279;0.0
APPROXIMATION;12352;244;2;1672694745279;0.0
APPROXIMATION;12346;244;3;1672694745279;0.0
APPROXIMATION;12348;244;3;1672694745279;0.0
APPROXIMATION;12349;244;3;1672694745279;0.0
APPROXIMATION;12345;244;3;1672694745279;0.0
APPROXIMATION;12350;244;3;1672694745279;0.0
APPROXIMATION;12351;244;3;1672694745279;0.0
APPROXIMATION;12352;244;3;1672694745279;0.0
APPROXIMATION;12346;244;4;1672694745279;0.0
APPROXIMATION;12348;244;4;1672694745279;0.0
APPROXIMATION;12349;244;4;1672694745279;0.0
APPROXIMATION;12351;244;4;1672694745279;0.0
APPROXIMATION;12345;244;4;1672694745279;0.0
APPROXIMATION;12350;244;4;1672694745280;0.0
APPROXIMATION;12352;244;4;1672694745280;0.0
APPROXIMATION;12346;244;5;1672694745280;0.0
APPROXIMATION;12349;244;5;1672694745280;0.0
APPROXIMATION;12351;244;5;1672694745280;0.0
APPROXIMATION;12350;244;5;1672694745280;0.0
APPROXIMATION;12352;244;5;1672694745280;0.0
APPROXIMATION;12345;244;5;1672694745280;0.0
APPROXIMATION;12348;244;5;1672694745281;0.0
APPROXIMATION;12345;244;6;1672694745281;0.0
APPROXIMATION;12346;244;6;1672694745281;0.0
APPROXIMATION;12349;244;6;1672694745281;0.0
APPROXIMATION;12350;244;6;1672694745281;0.0
APPROXIMATION;12351;244;6;1672694745281;0.0
APPROXIMATION;12352;244;6;1672694745281;0.0
APPROXIMATION;12348;244;6;1672694745281;0.0
APPROXIMATION;12345;244;7;1672694745281;0.0
APPROXIMATION;12346;244;7;1672694745281;0.0
APPROXIMATION;12349;244;7;1672694745281;0.0
APPROXIMATION;12350;244;7;1672694745281;0.0
APPROXIMATION;12351;244;7;1672694745282;0.0
APPROXIMATION;12352;244;7;1672694745282;0.0
APPROXIMATION;12348;244;7;1672694745282;0.0
APPROXIMATION;12346;244;8;1672694745282;0.0
APPROXIMATION;12345;244;8;1672694745282;0.0
APPROXIMATION;12349;244;8;1672694745282;0.0
APPROXIMATION;12350;244;8;1672694745282;0.0
APPROXIMATION;12351;244;8;1672694745282;0.0
APPROXIMATION;12352;244;8;1672694745282;0.0
APPROXIMATION;12348;244;8;1672694745282;0.0
APPROXIMATION;12346;244;9;1672694745282;0.0
APPROXIMATION;12345;244;9;1672694745282;0.0
APPROXIMATION;12349;244;9;1672694745282;0.0
APPROXIMATION;12350;244;9;1672694745282;0.0
APPROXIMATION;12351;244;9;1672694745282;0.0
APPROXIMATION;12352;244;9;1672694745282;0.0
APPROXIMATION;12348;244;9;1672694745282;0.0
APPROXIMATION;12346;244;10;1672694745283;0.0
APPROXIMATION;12349;244;10;1672694745283;0.0
APPROXIMATION;12345;244;10;1672694745283;0.0
APPROXIMATION;12350;244;10;1672694745283;0.0
APPROXIMATION;12351;244;10;1672694745283;0.0
APPROXIMATION;12348;244;10;1672694745283;0.0
APPROXIMATION;12352;244;10;1672694745283;0.0
APPROXIMATION;12346;244;11;1672694745283;0.0
APPROXIMATION;12350;244;11;1672694745283;0.0
APPROXIMATION;12351;244;11;1672694745283;0.0
APPROXIMATION;12349;244;11;1672694745283;0.0
APPROXIMATION;12348;244;11;1672694745283;0.0
APPROXIMATION;12352;244;11;1672694745283;0.0
APPROXIMATION;12345;244;11;1672694745283;0.0
APPROXIMATION;12346;244;12;1672694745283;0.0
APPROXIMATION;12350;244;12;1672694745284;0.0
APPROXIMATION;12348;244;12;1672694745284;0.0
APPROXIMATION;12349;244;12;1672694745284;0.0
APPROXIMATION;12351;244;12;1672694745284;0.0
APPROXIMATION;12352;244;12;1672694745284;0.0
APPROXIMATION;12345;244;12;1672694745284;0.0
APPROXIMATION;12346;244;13;1672694745284;0.0
APPROXIMATION;12348;244;13;1672694745284;0.0
APPROXIMATION;12350;244;13;1672694745284;0.0
APPROXIMATION;12349;244;13;1672694745284;0.0
APPROXIMATION;12351;244;13;1672694745284;0.0
APPROXIMATION;12352;244;13;1672694745284;0.0
APPROXIMATION;12345;244;13;1672694745284;0.0
HALTED;12346;244;14;1672694745284;0.0
HALTED;12348;244;14;1672694745284;0.0
HALTED;12349;244;14;1672694745284;0.0
HALTED;12350;244;14;1672694745285;0.0
HALTED;12351;244;14;1672694745285;0.0
HALTED;12352;244;14;1672694745285;0.0
HALTED;12345;244;14;1672694745285;0.0
INITIALIZATION;12345;245;0;1672694745385;0.0
INITIALIZATION;12346;245;0;1672694745386;0.0
INITIALIZATION;12349;245;0;1672694745386;0.0
INITIALIZATION;12351;245;0;1672694745386;0.0
INITIALIZATION;12352;245;0;1672694745386;0.0
INITIALIZATION;12348;245;0;1672694745387;0.0
INITIALIZATION;12350;245;0;1672694745387;0.0
APPROXIMATION;12346;245;1;1672694745387;0.0
APPROXIMATION;12345;245;1;1672694745387;0.0
APPROXIMATION;12348;245;1;1672694745387;0.0
APPROXIMATION;12349;245;1;1672694745387;0.0
APPROXIMATION;12350;245;1;1672694745387;0.0
APPROXIMATION;12351;245;1;1672694745387;0.0
APPROXIMATION;12346;245;2;1672694745387;0.0
APPROXIMATION;12352;245;1;1672694745387;0.0
APPROXIMATION;12345;245;2;1672694745387;0.0
APPROXIMATION;12348;245;2;1672694745387;0.0
APPROXIMATION;12349;245;2;1672694745388;0.0
APPROXIMATION;12350;245;2;1672694745388;0.0
APPROXIMATION;12351;245;2;1672694745388;0.0
APPROXIMATION;12352;245;2;1672694745388;0.0
APPROXIMATION;12348;245;3;1672694745388;0.0
APPROXIMATION;12352;245;3;1672694745388;0.0
APPROXIMATION;12351;245;3;1672694745388;0.0
APPROXIMATION;12346;245;3;1672694745429;0.0
APPROXIMATION;12350;245;3;1672694745430;0.0
APPROXIMATION;12349;245;3;1672694745430;0.0
APPROXIMATION;12345;245;3;1672694745430;0.0
APPROXIMATION;12346;245;4;1672694745430;0.0
APPROXIMATION;12348;245;4;1672694745430;0.0
APPROXIMATION;12349;245;4;1672694745430;0.0
APPROXIMATION;12350;245;4;1672694745430;0.0
APPROXIMATION;12345;245;4;1672694745430;0.0
APPROXIMATION;12351;245;4;1672694745430;0.0
APPROXIMATION;12352;245;4;1672694745430;0.0
APPROXIMATION;12346;245;5;1672694745430;0.0
APPROXIMATION;12348;245;5;1672694745431;0.0
APPROXIMATION;12345;245;5;1672694745431;0.0
APPROXIMATION;12349;245;5;1672694745431;0.0
APPROXIMATION;12350;245;5;1672694745431;0.0
APPROXIMATION;12351;245;5;1672694745431;0.0
APPROXIMATION;12352;245;5;1672694745431;0.0
APPROXIMATION;12346;245;6;1672694745431;0.0
APPROXIMATION;12348;245;6;1672694745431;0.0
APPROXIMATION;12345;245;6;1672694745431;0.0
APPROXIMATION;12349;245;6;1672694745431;0.0
APPROXIMATION;12350;245;6;1672694745431;0.0
APPROXIMATION;12351;245;6;1672694745431;0.0
APPROXIMATION;12352;245;6;1672694745431;0.0
APPROXIMATION;12346;245;7;1672694745431;0.0
APPROXIMATION;12345;245;7;1672694745432;0.0
APPROXIMATION;12348;245;7;1672694745432;0.0
APPROXIMATION;12349;245;7;1672694745432;0.0
APPROXIMATION;12351;245;7;1672694745432;0.0
APPROXIMATION;12352;245;7;1672694745432;0.0
APPROXIMATION;12350;245;7;1672694745432;0.0
APPROXIMATION;12345;245;8;1672694745432;0.0
APPROXIMATION;12346;245;8;1672694745432;0.0
APPROXIMATION;12348;245;8;1672694745432;0.0
APPROXIMATION;12351;245;8;1672694745432;0.0
APPROXIMATION;12349;245;8;1672694745432;0.0
APPROXIMATION;12352;245;8;1672694745432;0.0
APPROXIMATION;12350;245;8;1672694745432;0.0
APPROXIMATION;12345;245;9;1672694745432;0.0
APPROXIMATION;12346;245;9;1672694745432;0.0
APPROXIMATION;12348;245;9;1672694745433;0.0
APPROXIMATION;12351;245;9;1672694745433;0.0
APPROXIMATION;12352;245;9;1672694745433;0.0
APPROXIMATION;12349;245;9;1672694745433;0.0
APPROXIMATION;12350;245;9;1672694745433;0.0
APPROXIMATION;12345;245;10;1672694745433;0.0
APPROXIMATION;12346;245;10;1672694745433;0.0
APPROXIMATION;12348;245;10;1672694745433;0.0
APPROXIMATION;12351;245;10;1672694745433;0.0
APPROXIMATION;12349;245;10;1672694745433;0.0
APPROXIMATION;12352;245;10;1672694745433;0.0
APPROXIMATION;12350;245;10;1672694745433;0.0
APPROXIMATION;12345;245;11;1672694745433;0.0
APPROXIMATION;12346;245;11;1672694745433;0.0
APPROXIMATION;12348;245;11;1672694745433;0.0
APPROXIMATION;12349;245;11;1672694745433;0.0
APPROXIMATION;12351;245;11;1672694745433;0.0
APPROXIMATION;12352;245;11;1672694745434;0.0
APPROXIMATION;12350;245;11;1672694745434;0.0
APPROXIMATION;12345;245;12;1672694745434;0.0
APPROXIMATION;12346;245;12;1672694745434;0.0
APPROXIMATION;12348;245;12;1672694745434;0.0
APPROXIMATION;12349;245;12;1672694745434;0.0
APPROXIMATION;12350;245;12;1672694745434;0.0
APPROXIMATION;12352;245;12;1672694745434;0.0
APPROXIMATION;12351;245;12;1672694745434;0.0
APPROXIMATION;12345;245;13;1672694745434;0.0
APPROXIMATION;12346;245;13;1672694745434;0.0
APPROXIMATION;12348;245;13;1672694745434;0.0
APPROXIMATION;12349;245;13;1672694745434;0.0
APPROXIMATION;12350;245;13;1672694745434;0.0
APPROXIMATION;12352;245;13;1672694745434;0.0
APPROXIMATION;12351;245;13;1672694745434;0.0
HALTED;12345;245;14;1672694745434;0.0
HALTED;12346;245;14;1672694745434;0.0
HALTED;12349;245;14;1672694745435;0.0
HALTED;12352;245;14;1672694745435;0.0
HALTED;12350;245;14;1672694745435;0.0
HALTED;12351;245;14;1672694745435;0.0
HALTED;12348;245;14;1672694745435;0.0
INITIALIZATION;12345;246;0;1672694745535;0.0
INITIALIZATION;12346;246;0;1672694745536;0.0
INITIALIZATION;12349;246;0;1672694745536;0.0
INITIALIZATION;12348;246;0;1672694745536;0.0
INITIALIZATION;12350;246;0;1672694745536;0.0
INITIALIZATION;12351;246;0;1672694745536;0.0
INITIALIZATION;12352;246;0;1672694745536;0.0
APPROXIMATION;12345;246;1;1672694745536;0.0
APPROXIMATION;12346;246;1;1672694745536;0.0
APPROXIMATION;12348;246;1;1672694745536;0.0
APPROXIMATION;12349;246;1;1672694745536;0.0
APPROXIMATION;12350;246;1;1672694745537;0.0
APPROXIMATION;12352;246;1;1672694745537;0.0
APPROXIMATION;12351;246;1;1672694745537;0.0
APPROXIMATION;12345;246;2;1672694745537;0.0
APPROXIMATION;12346;246;2;1672694745537;0.0
APPROXIMATION;12348;246;2;1672694745537;0.0
APPROXIMATION;12349;246;2;1672694745537;0.0
APPROXIMATION;12350;246;2;1672694745537;0.0
APPROXIMATION;12351;246;2;1672694745537;0.0
APPROXIMATION;12352;246;2;1672694745537;0.0
APPROXIMATION;12345;246;3;1672694745537;0.0
APPROXIMATION;12346;246;3;1672694745537;0.0
APPROXIMATION;12348;246;3;1672694745537;0.0
APPROXIMATION;12349;246;3;1672694745537;0.0
APPROXIMATION;12352;246;3;1672694745537;0.0
APPROXIMATION;12350;246;3;1672694745538;0.0
APPROXIMATION;12351;246;3;1672694745538;0.0
APPROXIMATION;12345;246;4;1672694745538;0.0
APPROXIMATION;12346;246;4;1672694745538;0.0
APPROXIMATION;12348;246;4;1672694745538;0.0
APPROXIMATION;12351;246;4;1672694745538;0.0
APPROXIMATION;12349;246;4;1672694745538;0.0
APPROXIMATION;12352;246;4;1672694745538;0.0
APPROXIMATION;12350;246;4;1672694745538;0.0
APPROXIMATION;12345;246;5;1672694745538;0.0
APPROXIMATION;12346;246;5;1672694745538;0.0
APPROXIMATION;12349;246;5;1672694745538;0.0
APPROXIMATION;12348;246;5;1672694745538;0.0
APPROXIMATION;12351;246;5;1672694745538;0.0
APPROXIMATION;12352;246;5;1672694745538;0.0
APPROXIMATION;12350;246;5;1672694745538;0.0
APPROXIMATION;12345;246;6;1672694745538;0.0
APPROXIMATION;12346;246;6;1672694745539;0.0
APPROXIMATION;12351;246;6;1672694745539;0.0
APPROXIMATION;12348;246;6;1672694745539;0.0
APPROXIMATION;12349;246;6;1672694745539;0.0
APPROXIMATION;12350;246;6;1672694745539;0.0
APPROXIMATION;12352;246;6;1672694745539;0.0
APPROXIMATION;12346;246;7;1672694745539;0.0
APPROXIMATION;12345;246;7;1672694745539;0.0
APPROXIMATION;12351;246;7;1672694745539;0.0
APPROXIMATION;12349;246;7;1672694745539;0.0
APPROXIMATION;12352;246;7;1672694745539;0.0
APPROXIMATION;12350;246;7;1672694745539;0.0
APPROXIMATION;12348;246;7;1672694745539;0.0
APPROXIMATION;12346;246;8;1672694745539;0.0
APPROXIMATION;12351;246;8;1672694745539;0.0
APPROXIMATION;12349;246;8;1672694745539;0.0
APPROXIMATION;12350;246;8;1672694745539;0.0
APPROXIMATION;12345;246;8;1672694745539;0.0
APPROXIMATION;12348;246;8;1672694745540;0.0
APPROXIMATION;12352;246;8;1672694745540;0.0
APPROXIMATION;12346;246;9;1672694745540;0.0
APPROXIMATION;12351;246;9;1672694745540;0.0
APPROXIMATION;12349;246;9;1672694745540;0.0
APPROXIMATION;12350;246;9;1672694745540;0.0
APPROXIMATION;12352;246;9;1672694745540;0.0
APPROXIMATION;12348;246;9;1672694745540;0.0
APPROXIMATION;12345;246;9;1672694745540;0.0
APPROXIMATION;12346;246;10;1672694745540;0.0
APPROXIMATION;12349;246;10;1672694745540;0.0
APPROXIMATION;12351;246;10;1672694745540;0.0
APPROXIMATION;12350;246;10;1672694745540;0.0
APPROXIMATION;12348;246;10;1672694745540;0.0
APPROXIMATION;12352;246;10;1672694745540;0.0
APPROXIMATION;12345;246;10;1672694745540;0.0
APPROXIMATION;12346;246;11;1672694745540;0.0
APPROXIMATION;12349;246;11;1672694745541;0.0
APPROXIMATION;12351;246;11;1672694745541;0.0
APPROXIMATION;12348;246;11;1672694745541;0.0
APPROXIMATION;12350;246;11;1672694745541;0.0
APPROXIMATION;12352;246;11;1672694745541;0.0
APPROXIMATION;12345;246;11;1672694745541;0.0
APPROXIMATION;12346;246;12;1672694745541;0.0
APPROXIMATION;12349;246;12;1672694745541;0.0
APPROXIMATION;12348;246;12;1672694745541;0.0
APPROXIMATION;12351;246;12;1672694745541;0.0
APPROXIMATION;12350;246;12;1672694745541;0.0
APPROXIMATION;12352;246;12;1672694745541;0.0
APPROXIMATION;12345;246;12;1672694745541;0.0
APPROXIMATION;12346;246;13;1672694745541;0.0
APPROXIMATION;12348;246;13;1672694745542;0.0
APPROXIMATION;12349;246;13;1672694745542;0.0
APPROXIMATION;12351;246;13;1672694745542;0.0
APPROXIMATION;12350;246;13;1672694745542;0.0
APPROXIMATION;12352;246;13;1672694745542;0.0
APPROXIMATION;12345;246;13;1672694745542;0.0
HALTED;12346;246;14;1672694745542;0.0
HALTED;12348;246;14;1672694745542;0.0
HALTED;12349;246;14;1672694745542;0.0
HALTED;12350;246;14;1672694745542;0.0
HALTED;12351;246;14;1672694745542;0.0
HALTED;12352;246;14;1672694745542;0.0
HALTED;12345;246;14;1672694745542;0.0
INITIALIZATION;12345;247;0;1672694745643;0.0
INITIALIZATION;12346;247;0;1672694745644;0.0
INITIALIZATION;12348;247;0;1672694745644;0.0
INITIALIZATION;12349;247;0;1672694745644;0.0
INITIALIZATION;12351;247;0;1672694745644;0.0
INITIALIZATION;12352;247;0;1672694745644;0.0
INITIALIZATION;12350;247;0;1672694745644;0.0
APPROXIMATION;12345;247;1;1672694745644;0.0
APPROXIMATION;12346;247;1;1672694745645;0.0
APPROXIMATION;12348;247;1;1672694745645;0.0
APPROXIMATION;12351;247;1;1672694745645;0.0
APPROXIMATION;12349;247;1;1672694745645;0.0
APPROXIMATION;12352;247;1;1672694745645;0.0
APPROXIMATION;12350;247;1;1672694745645;0.0
APPROXIMATION;12346;247;2;1672694745645;0.0
APPROXIMATION;12345;247;2;1672694745645;0.0
APPROXIMATION;12348;247;2;1672694745645;0.0
APPROXIMATION;12351;247;2;1672694745645;0.0
APPROXIMATION;12349;247;2;1672694745645;0.0
APPROXIMATION;12350;247;2;1672694745645;0.0
APPROXIMATION;12352;247;2;1672694745646;0.0
APPROXIMATION;12345;247;3;1672694745646;0.0
APPROXIMATION;12348;247;3;1672694745646;0.0
APPROXIMATION;12346;247;3;1672694745646;0.0
APPROXIMATION;12351;247;3;1672694745646;0.0
APPROXIMATION;12349;247;3;1672694745646;0.0
APPROXIMATION;12352;247;3;1672694745646;0.0
APPROXIMATION;12350;247;3;1672694745646;0.0
APPROXIMATION;12345;247;4;1672694745646;0.0
APPROXIMATION;12346;247;4;1672694745646;0.0
APPROXIMATION;12348;247;4;1672694745646;0.0
APPROXIMATION;12349;247;4;1672694745647;0.0
APPROXIMATION;12350;247;4;1672694745647;0.0
APPROXIMATION;12351;247;4;1672694745647;0.0
APPROXIMATION;12352;247;4;1672694745647;0.0
APPROXIMATION;12346;247;5;1672694745647;0.0
APPROXIMATION;12345;247;5;1672694745647;0.0
APPROXIMATION;12348;247;5;1672694745647;0.0
APPROXIMATION;12349;247;5;1672694745647;0.0
APPROXIMATION;12352;247;5;1672694745647;0.0
APPROXIMATION;12350;247;5;1672694745647;0.0
APPROXIMATION;12351;247;5;1672694745647;0.0
APPROXIMATION;12346;247;6;1672694745647;0.0
APPROXIMATION;12345;247;6;1672694745647;0.0
APPROXIMATION;12348;247;6;1672694745647;0.0
APPROXIMATION;12349;247;6;1672694745647;0.0
APPROXIMATION;12350;247;6;1672694745647;0.0
APPROXIMATION;12352;247;6;1672694745647;0.0
APPROXIMATION;12351;247;6;1672694745647;0.0
APPROXIMATION;12346;247;7;1672694745648;0.0
APPROXIMATION;12348;247;7;1672694745648;0.0
APPROXIMATION;12345;247;7;1672694745648;0.0
APPROXIMATION;12349;247;7;1672694745648;0.0
APPROXIMATION;12352;247;7;1672694745648;0.0
APPROXIMATION;12350;247;7;1672694745648;0.0
APPROXIMATION;12351;247;7;1672694745648;0.0
APPROXIMATION;12346;247;8;1672694745648;0.0
APPROXIMATION;12348;247;8;1672694745648;0.0
APPROXIMATION;12345;247;8;1672694745648;0.0
APPROXIMATION;12350;247;8;1672694745648;0.0
APPROXIMATION;12352;247;8;1672694745648;0.0
APPROXIMATION;12349;247;8;1672694745648;0.0
APPROXIMATION;12351;247;8;1672694745648;0.0
APPROXIMATION;12346;247;9;1672694745648;0.0
APPROXIMATION;12348;247;9;1672694745648;0.0
APPROXIMATION;12349;247;9;1672694745649;0.0
APPROXIMATION;12352;247;9;1672694745649;0.0
APPROXIMATION;12345;247;9;1672694745649;0.0
APPROXIMATION;12350;247;9;1672694745649;0.0
APPROXIMATION;12351;247;9;1672694745649;0.0
APPROXIMATION;12346;247;10;1672694745649;0.0
APPROXIMATION;12348;247;10;1672694745649;0.0
APPROXIMATION;12349;247;10;1672694745649;0.0
APPROXIMATION;12350;247;10;1672694745649;0.0
APPROXIMATION;12345;247;10;1672694745649;0.0
APPROXIMATION;12352;247;10;1672694745649;0.0
APPROXIMATION;12351;247;10;1672694745649;0.0
APPROXIMATION;12346;247;11;1672694745649;0.0
APPROXIMATION;12348;247;11;1672694745649;0.0
APPROXIMATION;12349;247;11;1672694745649;0.0
APPROXIMATION;12350;247;11;1672694745649;0.0
APPROXIMATION;12345;247;11;1672694745649;0.0
APPROXIMATION;12351;247;11;1672694745649;0.0
APPROXIMATION;12352;247;11;1672694745649;0.0
APPROXIMATION;12346;247;12;1672694745650;0.0
APPROXIMATION;12348;247;12;1672694745650;0.0
APPROXIMATION;12349;247;12;1672694745650;0.0
APPROXIMATION;12350;247;12;1672694745650;0.0
APPROXIMATION;12351;247;12;1672694745650;0.0
APPROXIMATION;12345;247;12;1672694745650;0.0
APPROXIMATION;12352;247;12;1672694745650;0.0
APPROXIMATION;12346;247;13;1672694745650;0.0
APPROXIMATION;12348;247;13;1672694745650;0.0
APPROXIMATION;12349;247;13;1672694745650;0.0
APPROXIMATION;12345;247;13;1672694745650;0.0
APPROXIMATION;12350;247;13;1672694745650;0.0
APPROXIMATION;12352;247;13;1672694745650;0.0
APPROXIMATION;12351;247;13;1672694745650;0.0
HALTED;12346;247;14;1672694745650;0.0
HALTED;12348;247;14;1672694745651;0.0
HALTED;12350;247;14;1672694745651;0.0
HALTED;12349;247;14;1672694745651;0.0
HALTED;12351;247;14;1672694745651;0.0
HALTED;12352;247;14;1672694745651;0.0
HALTED;12345;247;14;1672694745651;0.0
INITIALIZATION;12345;248;0;1672694745751;0.0
INITIALIZATION;12346;248;0;1672694745752;0.0
INITIALIZATION;12351;248;0;1672694745752;0.0
INITIALIZATION;12350;248;0;1672694745752;0.0
INITIALIZATION;12352;248;0;1672694745753;0.0
INITIALIZATION;12349;248;0;1672694745753;0.0
INITIALIZATION;12348;248;0;1672694745754;0.0
APPROXIMATION;12345;248;1;1672694745754;0.0
APPROXIMATION;12346;248;1;1672694745754;0.0
APPROXIMATION;12349;248;1;1672694745754;0.0
APPROXIMATION;12350;248;1;1672694745754;0.0
APPROXIMATION;12351;248;1;1672694745754;0.0
APPROXIMATION;12348;248;1;1672694745754;0.0
APPROXIMATION;12346;248;2;1672694745754;0.0
APPROXIMATION;12352;248;1;1672694745754;0.0
APPROXIMATION;12345;248;2;1672694745754;0.0
APPROXIMATION;12350;248;2;1672694745755;0.0
APPROXIMATION;12348;248;2;1672694745755;0.0
APPROXIMATION;12346;248;3;1672694745755;0.0
APPROXIMATION;12349;248;2;1672694745755;0.0
APPROXIMATION;12351;248;2;1672694745755;0.0
APPROXIMATION;12352;248;2;1672694745755;0.0
APPROXIMATION;12348;248;3;1672694745755;0.0
APPROXIMATION;12351;248;3;1672694745756;0.0
APPROXIMATION;12352;248;3;1672694745756;0.0
APPROXIMATION;12345;248;3;1672694745800;0.0
APPROXIMATION;12349;248;3;1672694745800;0.0
APPROXIMATION;12350;248;3;1672694745800;0.0
APPROXIMATION;12346;248;4;1672694745800;0.0
APPROXIMATION;12348;248;4;1672694745800;0.0
APPROXIMATION;12345;248;4;1672694745800;0.0
APPROXIMATION;12349;248;4;1672694745800;0.0
APPROXIMATION;12352;248;4;1672694745800;0.0
APPROXIMATION;12351;248;4;1672694745800;0.0
APPROXIMATION;12346;248;5;1672694745800;0.0
APPROXIMATION;12350;248;4;1672694745800;0.0
APPROXIMATION;12348;248;5;1672694745801;0.0
APPROXIMATION;12345;248;5;1672694745801;0.0
APPROXIMATION;12351;248;5;1672694745801;0.0
APPROXIMATION;12350;248;5;1672694745801;0.0
APPROXIMATION;12352;248;5;1672694745801;0.0
APPROXIMATION;12346;248;6;1672694745801;0.0
APPROXIMATION;12349;248;5;1672694745801;0.0
APPROXIMATION;12348;248;6;1672694745801;0.0
APPROXIMATION;12345;248;6;1672694745801;0.0
APPROXIMATION;12350;248;6;1672694745801;0.0
APPROXIMATION;12352;248;6;1672694745801;0.0
APPROXIMATION;12349;248;6;1672694745801;0.0
APPROXIMATION;12351;248;6;1672694745801;0.0
APPROXIMATION;12346;248;7;1672694745801;0.0
APPROXIMATION;12348;248;7;1672694745801;0.0
APPROXIMATION;12345;248;7;1672694745801;0.0
APPROXIMATION;12349;248;7;1672694745802;0.0
APPROXIMATION;12350;248;7;1672694745802;0.0
APPROXIMATION;12352;248;7;1672694745802;0.0
APPROXIMATION;12351;248;7;1672694745802;0.0
APPROXIMATION;12346;248;8;1672694745802;0.0
APPROXIMATION;12345;248;8;1672694745802;0.0
APPROXIMATION;12348;248;8;1672694745802;0.0
APPROXIMATION;12349;248;8;1672694745802;0.0
APPROXIMATION;12350;248;8;1672694745802;0.0
APPROXIMATION;12352;248;8;1672694745802;0.0
APPROXIMATION;12351;248;8;1672694745802;0.0
APPROXIMATION;12346;248;9;1672694745802;0.0
APPROXIMATION;12345;248;9;1672694745802;0.0
APPROXIMATION;12348;248;9;1672694745802;0.0
APPROXIMATION;12349;248;9;1672694745802;0.0
APPROXIMATION;12352;248;9;1672694745802;0.0
APPROXIMATION;12350;248;9;1672694745802;0.0
APPROXIMATION;12351;248;9;1672694745802;0.0
APPROXIMATION;12346;248;10;1672694745803;0.0
APPROXIMATION;12345;248;10;1672694745803;0.0
APPROXIMATION;12348;248;10;1672694745803;0.0
APPROXIMATION;12349;248;10;1672694745803;0.0
APPROXIMATION;12352;248;10;1672694745803;0.0
APPROXIMATION;12350;248;10;1672694745803;0.0
APPROXIMATION;12351;248;10;1672694745803;0.0
APPROXIMATION;12345;248;11;1672694745803;0.0
APPROXIMATION;12346;248;11;1672694745803;0.0
APPROXIMATION;12348;248;11;1672694745803;0.0
APPROXIMATION;12351;248;11;1672694745803;0.0
APPROXIMATION;12352;248;11;1672694745803;0.0
APPROXIMATION;12350;248;11;1672694745803;0.0
APPROXIMATION;12349;248;11;1672694745803;0.0
APPROXIMATION;12345;248;12;1672694745803;0.0
APPROXIMATION;12346;248;12;1672694745803;0.0
APPROXIMATION;12348;248;12;1672694745803;0.0
APPROXIMATION;12350;248;12;1672694745804;0.0
APPROXIMATION;12351;248;12;1672694745804;0.0
APPROXIMATION;12352;248;12;1672694745804;0.0
APPROXIMATION;12349;248;12;1672694745804;0.0
APPROXIMATION;12345;248;13;1672694745804;0.0
APPROXIMATION;12346;248;13;1672694745804;0.0
APPROXIMATION;12348;248;13;1672694745804;0.0
APPROXIMATION;12350;248;13;1672694745804;0.0
APPROXIMATION;12351;248;13;1672694745804;0.0
APPROXIMATION;12352;248;13;1672694745804;0.0
APPROXIMATION;12349;248;13;1672694745804;0.0
HALTED;12345;248;14;1672694745804;0.0
HALTED;12346;248;14;1672694745804;0.0
HALTED;12348;248;14;1672694745804;0.0
HALTED;12350;248;14;1672694745804;0.0
HALTED;12351;248;14;1672694745804;0.0
HALTED;12352;248;14;1672694745804;0.0
HALTED;12349;248;14;1672694745805;0.0
INITIALIZATION;12345;249;0;1672694745905;0.0
INITIALIZATION;12346;249;0;1672694745905;0.0
INITIALIZATION;12348;249;0;1672694745906;0.0
INITIALIZATION;12349;249;0;1672694745906;0.0
INITIALIZATION;12352;249;0;1672694745906;0.0
INITIALIZATION;12350;249;0;1672694745906;0.0
INITIALIZATION;12351;249;0;1672694745906;0.0
APPROXIMATION;12345;249;1;1672694745906;0.0
APPROXIMATION;12348;249;1;1672694745906;0.0
APPROXIMATION;12346;249;1;1672694745906;0.0
APPROXIMATION;12351;249;1;1672694745906;0.0
APPROXIMATION;12349;249;1;1672694745906;0.0
APPROXIMATION;12352;249;1;1672694745906;0.0
APPROXIMATION;12350;249;1;1672694745907;0.0
APPROXIMATION;12345;249;2;1672694745907;0.0
APPROXIMATION;12346;249;2;1672694745907;0.0
APPROXIMATION;12348;249;2;1672694745907;0.0
APPROXIMATION;12351;249;2;1672694745907;0.0
APPROXIMATION;12350;249;2;1672694745907;0.0
APPROXIMATION;12352;249;2;1672694745907;0.0
APPROXIMATION;12349;249;2;1672694745907;0.0
APPROXIMATION;12345;249;3;1672694745907;0.0
APPROXIMATION;12346;249;3;1672694745907;0.0
APPROXIMATION;12348;249;3;1672694745907;0.0
APPROXIMATION;12349;249;3;1672694745907;0.0
APPROXIMATION;12350;249;3;1672694745907;0.0
APPROXIMATION;12351;249;3;1672694745907;0.0
APPROXIMATION;12352;249;3;1672694745908;0.0
APPROXIMATION;12346;249;4;1672694745908;0.0
APPROXIMATION;12345;249;4;1672694745908;0.0
APPROXIMATION;12348;249;4;1672694745908;0.0
APPROXIMATION;12349;249;4;1672694745908;0.0
APPROXIMATION;12350;249;4;1672694745908;0.0
APPROXIMATION;12351;249;4;1672694745908;0.0
APPROXIMATION;12352;249;4;1672694745908;0.0
APPROXIMATION;12346;249;5;1672694745908;0.0
APPROXIMATION;12348;249;5;1672694745908;0.0
APPROXIMATION;12345;249;5;1672694745908;0.0
APPROXIMATION;12349;249;5;1672694745908;0.0
APPROXIMATION;12350;249;5;1672694745908;0.0
APPROXIMATION;12351;249;5;1672694745908;0.0
APPROXIMATION;12352;249;5;1672694745908;0.0
APPROXIMATION;12346;249;6;1672694745908;0.0
APPROXIMATION;12348;249;6;1672694745908;0.0
APPROXIMATION;12349;249;6;1672694745909;0.0
APPROXIMATION;12350;249;6;1672694745909;0.0
APPROXIMATION;12351;249;6;1672694745909;0.0
APPROXIMATION;12345;249;6;1672694745909;0.0
APPROXIMATION;12352;249;6;1672694745909;0.0
APPROXIMATION;12346;249;7;1672694745909;0.0
APPROXIMATION;12348;249;7;1672694745909;0.0
APPROXIMATION;12349;249;7;1672694745909;0.0
APPROXIMATION;12350;249;7;1672694745909;0.0
APPROXIMATION;12351;249;7;1672694745909;0.0
APPROXIMATION;12352;249;7;1672694745909;0.0
APPROXIMATION;12345;249;7;1672694745909;0.0
APPROXIMATION;12346;249;8;1672694745909;0.0
APPROXIMATION;12348;249;8;1672694745909;0.0
APPROXIMATION;12349;249;8;1672694745909;0.0
APPROXIMATION;12350;249;8;1672694745909;0.0
APPROXIMATION;12351;249;8;1672694745910;0.0
APPROXIMATION;12352;249;8;1672694745910;0.0
APPROXIMATION;12345;249;8;1672694745910;0.0
APPROXIMATION;12346;249;9;1672694745910;0.0
APPROXIMATION;12348;249;9;1672694745910;0.0
APPROXIMATION;12349;249;9;1672694745910;0.0
APPROXIMATION;12350;249;9;1672694745910;0.0
APPROXIMATION;12351;249;9;1672694745910;0.0
APPROXIMATION;12352;249;9;1672694745910;0.0
APPROXIMATION;12345;249;9;1672694745910;0.0
APPROXIMATION;12346;249;10;1672694745910;0.0
APPROXIMATION;12348;249;10;1672694745910;0.0
APPROXIMATION;12349;249;10;1672694745910;0.0
APPROXIMATION;12350;249;10;1672694745910;0.0
APPROXIMATION;12351;249;10;1672694745910;0.0
APPROXIMATION;12352;249;10;1672694745911;0.0
APPROXIMATION;12345;249;10;1672694745911;0.0
APPROXIMATION;12346;249;11;1672694745911;0.0
APPROXIMATION;12348;249;11;1672694745911;0.0
APPROXIMATION;12349;249;11;1672694745911;0.0
APPROXIMATION;12350;249;11;1672694745911;0.0
APPROXIMATION;12351;249;11;1672694745911;0.0
APPROXIMATION;12352;249;11;1672694745911;0.0
APPROXIMATION;12345;249;11;1672694745911;0.0
APPROXIMATION;12346;249;12;1672694745911;0.0
APPROXIMATION;12348;249;12;1672694745911;0.0
APPROXIMATION;12349;249;12;1672694745911;0.0
APPROXIMATION;12350;249;12;1672694745911;0.0
APPROXIMATION;12352;249;12;1672694745911;0.0
APPROXIMATION;12351;249;12;1672694745911;0.0
APPROXIMATION;12345;249;12;1672694745911;0.0
APPROXIMATION;12346;249;13;1672694745912;0.0
APPROXIMATION;12348;249;13;1672694745912;0.0
APPROXIMATION;12349;249;13;1672694745912;0.0
APPROXIMATION;12350;249;13;1672694745912;0.0
APPROXIMATION;12351;249;13;1672694745912;0.0
APPROXIMATION;12352;249;13;1672694745912;0.0
APPROXIMATION;12345;249;13;1672694745912;0.0
HALTED;12346;249;14;1672694745912;0.0
HALTED;12348;249;14;1672694745912;0.0
HALTED;12349;249;14;1672694745912;0.0
HALTED;12350;249;14;1672694745912;0.0
HALTED;12351;249;14;1672694745912;0.0
HALTED;12352;249;14;1672694745912;0.0
HALTED;12345;249;14;1672694745912;0.0
INITIALIZATION;12345;250;0;1672694746013;0.0
INITIALIZATION;12346;250;0;1672694746014;0.0
INITIALIZATION;12349;250;0;1672694746014;0.0
INITIALIZATION;12348;250;0;1672694746014;0.0
INITIALIZATION;12352;250;0;1672694746014;0.0
INITIALIZATION;12350;250;0;1672694746014;0.0
INITIALIZATION;12351;250;0;1672694746014;0.0
APPROXIMATION;12345;250;1;1672694746014;0.0
APPROXIMATION;12346;250;1;1672694746015;0.0
APPROXIMATION;12349;250;1;1672694746015;0.0
APPROXIMATION;12348;250;1;1672694746015;0.0
APPROXIMATION;12352;250;1;1672694746015;0.0
APPROXIMATION;12351;250;1;1672694746015;0.0
APPROXIMATION;12345;250;2;1672694746015;0.0
APPROXIMATION;12346;250;2;1672694746015;0.0
APPROXIMATION;12350;250;1;1672694746015;0.0
APPROXIMATION;12351;250;2;1672694746015;0.0
APPROXIMATION;12349;250;2;1672694746015;0.0
APPROXIMATION;12352;250;2;1672694746015;0.0
APPROXIMATION;12350;250;2;1672694746015;0.0
APPROXIMATION;12346;250;3;1672694746015;0.0
APPROXIMATION;12345;250;3;1672694746015;0.0
APPROXIMATION;12351;250;3;1672694746016;0.0
APPROXIMATION;12352;250;3;1672694746016;0.0
APPROXIMATION;12349;250;3;1672694746016;0.0
APPROXIMATION;12350;250;3;1672694746059;0.0
APPROXIMATION;12348;250;2;1672694746059;0.0
APPROXIMATION;12348;250;3;1672694746060;0.0
APPROXIMATION;12346;250;4;1672694746060;0.0
APPROXIMATION;12345;250;4;1672694746060;0.0
APPROXIMATION;12349;250;4;1672694746060;0.0
APPROXIMATION;12351;250;4;1672694746060;0.0
APPROXIMATION;12350;250;4;1672694746060;0.0
APPROXIMATION;12345;250;5;1672694746060;0.0
APPROXIMATION;12352;250;4;1672694746060;0.0
APPROXIMATION;12346;250;5;1672694746060;0.0
APPROXIMATION;12349;250;5;1672694746061;0.0
APPROXIMATION;12352;250;5;1672694746061;0.0
APPROXIMATION;12350;250;5;1672694746061;0.0
APPROXIMATION;12351;250;5;1672694746061;0.0
APPROXIMATION;12348;250;4;1672694746109;0.0
APPROXIMATION;12348;250;5;1672694746109;0.0
APPROXIMATION;12345;250;6;1672694746110;0.0
APPROXIMATION;12346;250;6;1672694746110;0.0
APPROXIMATION;12349;250;6;1672694746110;0.0
APPROXIMATION;12350;250;6;1672694746110;0.0
APPROXIMATION;12351;250;6;1672694746110;0.0
APPROXIMATION;12348;250;6;1672694746110;0.0
APPROXIMATION;12352;250;6;1672694746110;0.0
APPROXIMATION;12345;250;7;1672694746110;0.0
APPROXIMATION;12348;250;7;1672694746110;0.0
APPROXIMATION;12346;250;7;1672694746110;0.0
APPROXIMATION;12352;250;7;1672694746110;0.0
APPROXIMATION;12349;250;7;1672694746110;0.0
APPROXIMATION;12350;250;7;1672694746110;0.0
APPROXIMATION;12351;250;7;1672694746111;0.0
APPROXIMATION;12348;250;8;1672694746111;0.0
APPROXIMATION;12345;250;8;1672694746111;0.0
APPROXIMATION;12346;250;8;1672694746111;0.0
APPROXIMATION;12349;250;8;1672694746111;0.0
APPROXIMATION;12351;250;8;1672694746111;0.0
APPROXIMATION;12350;250;8;1672694746111;0.0
APPROXIMATION;12352;250;8;1672694746111;0.0
APPROXIMATION;12345;250;9;1672694746111;0.0
APPROXIMATION;12346;250;9;1672694746111;0.0
APPROXIMATION;12348;250;9;1672694746112;0.0
APPROXIMATION;12349;250;9;1672694746112;0.0
APPROXIMATION;12352;250;9;1672694746112;0.0
APPROXIMATION;12351;250;9;1672694746112;0.0
APPROXIMATION;12350;250;9;1672694746112;0.0
APPROXIMATION;12345;250;10;1672694746112;0.0
APPROXIMATION;12346;250;10;1672694746112;0.0
APPROXIMATION;12348;250;10;1672694746112;0.0
APPROXIMATION;12352;250;10;1672694746112;0.0
APPROXIMATION;12350;250;10;1672694746112;0.0
APPROXIMATION;12349;250;10;1672694746112;0.0
APPROXIMATION;12351;250;10;1672694746112;0.0
APPROXIMATION;12345;250;11;1672694746112;0.0
APPROXIMATION;12346;250;11;1672694746112;0.0
APPROXIMATION;12348;250;11;1672694746112;0.0
APPROXIMATION;12351;250;11;1672694746113;0.0
APPROXIMATION;12350;250;11;1672694746113;0.0
APPROXIMATION;12352;250;11;1672694746113;0.0
APPROXIMATION;12345;250;12;1672694746113;0.0
APPROXIMATION;12349;250;11;1672694746113;0.0
APPROXIMATION;12346;250;12;1672694746113;0.0
APPROXIMATION;12348;250;12;1672694746113;0.0
APPROXIMATION;12351;250;12;1672694746113;0.0
APPROXIMATION;12350;250;12;1672694746113;0.0
APPROXIMATION;12352;250;12;1672694746113;0.0
APPROXIMATION;12349;250;12;1672694746113;0.0
APPROXIMATION;12346;250;13;1672694746113;0.0
APPROXIMATION;12345;250;13;1672694746113;0.0
APPROXIMATION;12348;250;13;1672694746113;0.0
APPROXIMATION;12351;250;13;1672694746113;0.0
APPROXIMATION;12352;250;13;1672694746114;0.0
APPROXIMATION;12349;250;13;1672694746114;0.0
APPROXIMATION;12350;250;13;1672694746114;0.0
HALTED;12345;250;14;1672694746114;0.0
HALTED;12346;250;14;1672694746114;0.0
HALTED;12348;250;14;1672694746114;0.0
HALTED;12351;250;14;1672694746114;0.0
HALTED;12349;250;14;1672694746114;0.0
HALTED;12352;250;14;1672694746114;0.0
HALTED;12350;250;14;1672694746114;0.0
INITIALIZATION;12345;251;0;1672694746214;0.0
INITIALIZATION;12346;251;0;1672694746215;0.0
INITIALIZATION;12350;251;0;1672694746215;0.0
INITIALIZATION;12349;251;0;1672694746215;0.0
INITIALIZATION;12348;251;0;1672694746215;0.0
INITIALIZATION;12352;251;0;1672694746215;0.0
INITIALIZATION;12351;251;0;1672694746215;0.0
APPROXIMATION;12345;251;1;1672694746216;0.0
APPROXIMATION;12346;251;1;1672694746216;0.0
APPROXIMATION;12348;251;1;1672694746216;0.0
APPROXIMATION;12351;251;1;1672694746216;0.0
APPROXIMATION;12350;251;1;1672694746216;0.0
APPROXIMATION;12352;251;1;1672694746216;0.0
APPROXIMATION;12349;251;1;1672694746216;0.0
APPROXIMATION;12345;251;2;1672694746216;0.0
APPROXIMATION;12346;251;2;1672694746216;0.0
APPROXIMATION;12348;251;2;1672694746216;0.0
APPROXIMATION;12350;251;2;1672694746216;0.0
APPROXIMATION;12351;251;2;1672694746216;0.0
APPROXIMATION;12352;251;2;1672694746217;0.0
APPROXIMATION;12349;251;2;1672694746217;0.0
APPROXIMATION;12345;251;3;1672694746217;0.0
APPROXIMATION;12346;251;3;1672694746217;0.0
APPROXIMATION;12348;251;3;1672694746217;0.0
APPROXIMATION;12350;251;3;1672694746217;0.0
APPROXIMATION;12349;251;3;1672694746217;0.0
APPROXIMATION;12351;251;3;1672694746259;0.0
APPROXIMATION;12352;251;3;1672694746260;0.0
APPROXIMATION;12345;251;4;1672694746260;0.0
APPROXIMATION;12346;251;4;1672694746260;0.0
APPROXIMATION;12348;251;4;1672694746260;0.0
APPROXIMATION;12351;251;4;1672694746260;0.0
APPROXIMATION;12349;251;4;1672694746260;0.0
APPROXIMATION;12352;251;4;1672694746260;0.0
APPROXIMATION;12350;251;4;1672694746260;0.0
APPROXIMATION;12346;251;5;1672694746260;0.0
APPROXIMATION;12345;251;5;1672694746260;0.0
APPROXIMATION;12348;251;5;1672694746260;0.0
APPROXIMATION;12351;251;5;1672694746260;0.0
APPROXIMATION;12352;251;5;1672694746260;0.0
APPROXIMATION;12350;251;5;1672694746260;0.0
APPROXIMATION;12349;251;5;1672694746261;0.0
APPROXIMATION;12345;251;6;1672694746261;0.0
APPROXIMATION;12346;251;6;1672694746261;0.0
APPROXIMATION;12348;251;6;1672694746261;0.0
APPROXIMATION;12349;251;6;1672694746261;0.0
APPROXIMATION;12350;251;6;1672694746261;0.0
APPROXIMATION;12351;251;6;1672694746261;0.0
APPROXIMATION;12352;251;6;1672694746261;0.0
APPROXIMATION;12345;251;7;1672694746261;0.0
APPROXIMATION;12348;251;7;1672694746261;0.0
APPROXIMATION;12349;251;7;1672694746262;0.0
APPROXIMATION;12351;251;7;1672694746262;0.0
APPROXIMATION;12352;251;7;1672694746262;0.0
APPROXIMATION;12346;251;7;1672694746310;0.0
APPROXIMATION;12350;251;7;1672694746310;0.0
APPROXIMATION;12345;251;8;1672694746310;0.0
APPROXIMATION;12348;251;8;1672694746310;0.0
APPROXIMATION;12346;251;8;1672694746310;0.0
APPROXIMATION;12349;251;8;1672694746310;0.0
APPROXIMATION;12351;251;8;1672694746310;0.0
APPROXIMATION;12352;251;8;1672694746310;0.0
APPROXIMATION;12350;251;8;1672694746310;0.0
APPROXIMATION;12345;251;9;1672694746310;0.0
APPROXIMATION;12346;251;9;1672694746310;0.0
APPROXIMATION;12348;251;9;1672694746310;0.0
APPROXIMATION;12351;251;9;1672694746311;0.0
APPROXIMATION;12349;251;9;1672694746311;0.0
APPROXIMATION;12350;251;9;1672694746311;0.0
APPROXIMATION;12352;251;9;1672694746311;0.0
APPROXIMATION;12345;251;10;1672694746311;0.0
APPROXIMATION;12346;251;10;1672694746311;0.0
APPROXIMATION;12348;251;10;1672694746311;0.0
APPROXIMATION;12349;251;10;1672694746311;0.0
APPROXIMATION;12352;251;10;1672694746311;0.0
APPROXIMATION;12351;251;10;1672694746311;0.0
APPROXIMATION;12350;251;10;1672694746312;0.0
APPROXIMATION;12345;251;11;1672694746312;0.0
APPROXIMATION;12346;251;11;1672694746312;0.0
APPROXIMATION;12348;251;11;1672694746312;0.0
APPROXIMATION;12349;251;11;1672694746312;0.0
APPROXIMATION;12350;251;11;1672694746312;0.0
APPROXIMATION;12351;251;11;1672694746312;0.0
APPROXIMATION;12352;251;11;1672694746312;0.0
APPROXIMATION;12345;251;12;1672694746312;0.0
APPROXIMATION;12346;251;12;1672694746312;0.0
APPROXIMATION;12348;251;12;1672694746312;0.0
APPROXIMATION;12349;251;12;1672694746312;0.0
APPROXIMATION;12350;251;12;1672694746312;0.0
APPROXIMATION;12351;251;12;1672694746312;0.0
APPROXIMATION;12352;251;12;1672694746312;0.0
APPROXIMATION;12345;251;13;1672694746313;0.0
APPROXIMATION;12346;251;13;1672694746313;0.0
APPROXIMATION;12348;251;13;1672694746313;0.0
APPROXIMATION;12349;251;13;1672694746313;0.0
APPROXIMATION;12350;251;13;1672694746313;0.0
APPROXIMATION;12351;251;13;1672694746313;0.0
APPROXIMATION;12352;251;13;1672694746313;0.0
HALTED;12346;251;14;1672694746313;0.0
HALTED;12345;251;14;1672694746313;0.0
HALTED;12348;251;14;1672694746313;0.0
HALTED;12349;251;14;1672694746313;0.0
HALTED;12350;251;14;1672694746313;0.0
HALTED;12351;251;14;1672694746313;0.0
HALTED;12352;251;14;1672694746313;0.0
INITIALIZATION;12345;252;0;1672694746414;0.0
INITIALIZATION;12346;252;0;1672694746415;0.0
INITIALIZATION;12349;252;0;1672694746415;0.0
INITIALIZATION;12351;252;0;1672694746415;0.0
INITIALIZATION;12348;252;0;1672694746415;0.0
INITIALIZATION;12350;252;0;1672694746415;0.0
INITIALIZATION;12352;252;0;1672694746415;0.0
APPROXIMATION;12345;252;1;1672694746415;0.0
APPROXIMATION;12346;252;1;1672694746415;0.0
APPROXIMATION;12348;252;1;1672694746416;0.0
APPROXIMATION;12345;252;2;1672694746416;0.0
APPROXIMATION;12349;252;1;1672694746416;0.0
APPROXIMATION;12351;252;1;1672694746416;0.0
APPROXIMATION;12350;252;1;1672694746416;0.0
APPROXIMATION;12352;252;1;1672694746416;0.0
APPROXIMATION;12346;252;2;1672694746416;0.0
APPROXIMATION;12348;252;2;1672694746417;0.0
APPROXIMATION;12352;252;2;1672694746417;0.0
APPROXIMATION;12350;252;2;1672694746417;0.0
APPROXIMATION;12351;252;2;1672694746417;0.0
APPROXIMATION;12349;252;2;1672694746417;0.0
APPROXIMATION;12348;252;3;1672694746417;0.0
APPROXIMATION;12349;252;3;1672694746417;0.0
APPROXIMATION;12350;252;3;1672694746417;0.0
APPROXIMATION;12351;252;3;1672694746417;0.0
APPROXIMATION;12352;252;3;1672694746417;0.0
APPROXIMATION;12346;252;3;1672694746459;0.0
APPROXIMATION;12345;252;3;1672694746460;0.0
APPROXIMATION;12346;252;4;1672694746460;0.0
APPROXIMATION;12348;252;4;1672694746460;0.0
APPROXIMATION;12349;252;4;1672694746460;0.0
APPROXIMATION;12350;252;4;1672694746460;0.0
APPROXIMATION;12351;252;4;1672694746460;0.0
APPROXIMATION;12345;252;4;1672694746460;0.0
APPROXIMATION;12352;252;4;1672694746460;0.0
APPROXIMATION;12346;252;5;1672694746460;0.0
APPROXIMATION;12345;252;5;1672694746461;0.0
APPROXIMATION;12348;252;5;1672694746461;0.0
APPROXIMATION;12349;252;5;1672694746461;0.0
APPROXIMATION;12350;252;5;1672694746461;0.0
APPROXIMATION;12352;252;5;1672694746461;0.0
APPROXIMATION;12351;252;5;1672694746461;0.0
APPROXIMATION;12346;252;6;1672694746461;0.0
APPROXIMATION;12345;252;6;1672694746461;0.0
APPROXIMATION;12348;252;6;1672694746461;0.0
APPROXIMATION;12349;252;6;1672694746461;0.0
APPROXIMATION;12350;252;6;1672694746461;0.0
APPROXIMATION;12351;252;6;1672694746461;0.0
APPROXIMATION;12352;252;6;1672694746461;0.0
APPROXIMATION;12352;252;7;1672694746462;0.0
APPROXIMATION;12345;252;7;1672694746462;0.0
APPROXIMATION;12346;252;7;1672694746462;0.0
APPROXIMATION;12350;252;7;1672694746462;0.0
APPROXIMATION;12348;252;7;1672694746462;0.0
APPROXIMATION;12349;252;7;1672694746462;0.0
APPROXIMATION;12351;252;7;1672694746462;0.0
APPROXIMATION;12345;252;8;1672694746462;0.0
APPROXIMATION;12346;252;8;1672694746462;0.0
APPROXIMATION;12350;252;8;1672694746462;0.0
APPROXIMATION;12352;252;8;1672694746462;0.0
APPROXIMATION;12348;252;8;1672694746462;0.0
APPROXIMATION;12349;252;8;1672694746462;0.0
APPROXIMATION;12351;252;8;1672694746463;0.0
APPROXIMATION;12345;252;9;1672694746463;0.0
APPROXIMATION;12346;252;9;1672694746463;0.0
APPROXIMATION;12352;252;9;1672694746463;0.0
APPROXIMATION;12348;252;9;1672694746463;0.0
APPROXIMATION;12350;252;9;1672694746463;0.0
APPROXIMATION;12349;252;9;1672694746463;0.0
APPROXIMATION;12351;252;9;1672694746463;0.0
APPROXIMATION;12346;252;10;1672694746463;0.0
APPROXIMATION;12345;252;10;1672694746463;0.0
APPROXIMATION;12348;252;10;1672694746463;0.0
APPROXIMATION;12352;252;10;1672694746463;0.0
APPROXIMATION;12349;252;10;1672694746463;0.0
APPROXIMATION;12351;252;10;1672694746463;0.0
APPROXIMATION;12350;252;10;1672694746463;0.0
APPROXIMATION;12346;252;11;1672694746463;0.0
APPROXIMATION;12345;252;11;1672694746463;0.0
APPROXIMATION;12348;252;11;1672694746463;0.0
APPROXIMATION;12349;252;11;1672694746464;0.0
APPROXIMATION;12352;252;11;1672694746464;0.0
APPROXIMATION;12351;252;11;1672694746464;0.0
APPROXIMATION;12350;252;11;1672694746464;0.0
APPROXIMATION;12346;252;12;1672694746464;0.0
APPROXIMATION;12345;252;12;1672694746464;0.0
APPROXIMATION;12348;252;12;1672694746464;0.0
APPROXIMATION;12351;252;12;1672694746464;0.0
APPROXIMATION;12349;252;12;1672694746464;0.0
APPROXIMATION;12352;252;12;1672694746464;0.0
APPROXIMATION;12350;252;12;1672694746464;0.0
APPROXIMATION;12345;252;13;1672694746464;0.0
APPROXIMATION;12346;252;13;1672694746464;0.0
APPROXIMATION;12348;252;13;1672694746464;0.0
APPROXIMATION;12349;252;13;1672694746464;0.0
APPROXIMATION;12352;252;13;1672694746464;0.0
APPROXIMATION;12351;252;13;1672694746464;0.0
APPROXIMATION;12350;252;13;1672694746465;0.0
HALTED;12345;252;14;1672694746465;0.0
HALTED;12346;252;14;1672694746465;0.0
HALTED;12348;252;14;1672694746465;0.0
HALTED;12349;252;14;1672694746465;0.0
HALTED;12352;252;14;1672694746465;0.0
HALTED;12351;252;14;1672694746465;0.0
HALTED;12350;252;14;1672694746465;0.0
INITIALIZATION;12345;253;0;1672694746566;0.0
INITIALIZATION;12346;253;0;1672694746567;0.0
INITIALIZATION;12349;253;0;1672694746567;0.0
INITIALIZATION;12348;253;0;1672694746567;0.0
INITIALIZATION;12351;253;0;1672694746567;0.0
INITIALIZATION;12350;253;0;1672694746567;0.0
INITIALIZATION;12352;253;0;1672694746567;0.0
APPROXIMATION;12346;253;1;1672694746567;0.0
APPROXIMATION;12348;253;1;1672694746568;0.0
APPROXIMATION;12345;253;1;1672694746568;0.0
APPROXIMATION;12349;253;1;1672694746568;0.0
APPROXIMATION;12351;253;1;1672694746568;0.0
APPROXIMATION;12350;253;1;1672694746568;0.0
APPROXIMATION;12352;253;1;1672694746568;0.0
APPROXIMATION;12345;253;2;1672694746568;0.0
APPROXIMATION;12346;253;2;1672694746568;0.0
APPROXIMATION;12348;253;2;1672694746568;0.0
APPROXIMATION;12351;253;2;1672694746569;0.0
APPROXIMATION;12352;253;2;1672694746569;0.0
APPROXIMATION;12349;253;2;1672694746569;0.0
APPROXIMATION;12350;253;2;1672694746569;0.0
APPROXIMATION;12346;253;3;1672694746569;0.0
APPROXIMATION;12345;253;3;1672694746569;0.0
APPROXIMATION;12348;253;3;1672694746569;0.0
APPROXIMATION;12349;253;3;1672694746569;0.0
APPROXIMATION;12352;253;3;1672694746569;0.0
APPROXIMATION;12350;253;3;1672694746569;0.0
APPROXIMATION;12351;253;3;1672694746569;0.0
APPROXIMATION;12346;253;4;1672694746569;0.0
APPROXIMATION;12348;253;4;1672694746569;0.0
APPROXIMATION;12345;253;4;1672694746569;0.0
APPROXIMATION;12349;253;4;1672694746569;0.0
APPROXIMATION;12351;253;4;1672694746569;0.0
APPROXIMATION;12350;253;4;1672694746569;0.0
APPROXIMATION;12352;253;4;1672694746569;0.0
APPROXIMATION;12346;253;5;1672694746569;0.0
APPROXIMATION;12348;253;5;1672694746570;0.0
APPROXIMATION;12351;253;5;1672694746570;0.0
APPROXIMATION;12350;253;5;1672694746570;0.0
APPROXIMATION;12352;253;5;1672694746570;0.0
APPROXIMATION;12345;253;5;1672694746570;0.0
APPROXIMATION;12349;253;5;1672694746570;0.0
APPROXIMATION;12346;253;6;1672694746570;0.0
APPROXIMATION;12348;253;6;1672694746570;0.0
APPROXIMATION;12350;253;6;1672694746570;0.0
APPROXIMATION;12351;253;6;1672694746570;0.0
APPROXIMATION;12352;253;6;1672694746570;0.0
APPROXIMATION;12349;253;6;1672694746570;0.0
APPROXIMATION;12345;253;6;1672694746570;0.0
APPROXIMATION;12346;253;7;1672694746570;0.0
APPROXIMATION;12348;253;7;1672694746571;0.0
APPROXIMATION;12349;253;7;1672694746571;0.0
APPROXIMATION;12350;253;7;1672694746571;0.0
APPROXIMATION;12351;253;7;1672694746571;0.0
APPROXIMATION;12352;253;7;1672694746571;0.0
APPROXIMATION;12345;253;7;1672694746571;0.0
APPROXIMATION;12346;253;8;1672694746571;0.0
APPROXIMATION;12348;253;8;1672694746571;0.0
APPROXIMATION;12349;253;8;1672694746571;0.0
APPROXIMATION;12350;253;8;1672694746571;0.0
APPROXIMATION;12351;253;8;1672694746571;0.0
APPROXIMATION;12352;253;8;1672694746571;0.0
APPROXIMATION;12345;253;8;1672694746571;0.0
APPROXIMATION;12346;253;9;1672694746571;0.0
APPROXIMATION;12348;253;9;1672694746571;0.0
APPROXIMATION;12349;253;9;1672694746572;0.0
APPROXIMATION;12350;253;9;1672694746572;0.0
APPROXIMATION;12351;253;9;1672694746572;0.0
APPROXIMATION;12352;253;9;1672694746572;0.0
APPROXIMATION;12345;253;9;1672694746572;0.0
APPROXIMATION;12346;253;10;1672694746572;0.0
APPROXIMATION;12348;253;10;1672694746572;0.0
APPROXIMATION;12349;253;10;1672694746572;0.0
APPROXIMATION;12351;253;10;1672694746572;0.0
APPROXIMATION;12350;253;10;1672694746572;0.0
APPROXIMATION;12345;253;10;1672694746572;0.0
APPROXIMATION;12352;253;10;1672694746572;0.0
APPROXIMATION;12346;253;11;1672694746572;0.0
APPROXIMATION;12348;253;11;1672694746572;0.0
APPROXIMATION;12349;253;11;1672694746573;0.0
APPROXIMATION;12350;253;11;1672694746573;0.0
APPROXIMATION;12351;253;11;1672694746573;0.0
APPROXIMATION;12352;253;11;1672694746573;0.0
APPROXIMATION;12345;253;11;1672694746573;0.0
APPROXIMATION;12346;253;12;1672694746573;0.0
APPROXIMATION;12348;253;12;1672694746573;0.0
APPROXIMATION;12349;253;12;1672694746573;0.0
APPROXIMATION;12350;253;12;1672694746573;0.0
APPROXIMATION;12351;253;12;1672694746573;0.0
APPROXIMATION;12352;253;12;1672694746573;0.0
APPROXIMATION;12345;253;12;1672694746573;0.0
APPROXIMATION;12346;253;13;1672694746573;0.0
APPROXIMATION;12348;253;13;1672694746573;0.0
APPROXIMATION;12349;253;13;1672694746573;0.0
APPROXIMATION;12350;253;13;1672694746574;0.0
APPROXIMATION;12351;253;13;1672694746574;0.0
APPROXIMATION;12352;253;13;1672694746574;0.0
APPROXIMATION;12345;253;13;1672694746574;0.0
HALTED;12346;253;14;1672694746574;0.0
HALTED;12348;253;14;1672694746574;0.0
HALTED;12349;253;14;1672694746574;0.0
HALTED;12351;253;14;1672694746574;0.0
HALTED;12350;253;14;1672694746574;0.0
HALTED;12352;253;14;1672694746574;0.0
HALTED;12345;253;14;1672694746574;0.0
INITIALIZATION;12345;254;0;1672694746675;0.0
INITIALIZATION;12346;254;0;1672694746675;0.0
INITIALIZATION;12349;254;0;1672694746676;0.0
INITIALIZATION;12351;254;0;1672694746676;0.0
INITIALIZATION;12350;254;0;1672694746676;0.0
INITIALIZATION;12352;254;0;1672694746676;0.0
INITIALIZATION;12348;254;0;1672694746676;0.0
APPROXIMATION;12345;254;1;1672694746676;0.0
APPROXIMATION;12346;254;1;1672694746676;0.0
APPROXIMATION;12349;254;1;1672694746676;0.0
APPROXIMATION;12350;254;1;1672694746676;0.0
APPROXIMATION;12351;254;1;1672694746676;0.0
APPROXIMATION;12348;254;1;1672694746676;0.0
APPROXIMATION;12346;254;2;1672694746676;0.0
APPROXIMATION;12352;254;1;1672694746676;0.0
APPROXIMATION;12345;254;2;1672694746676;0.0
APPROXIMATION;12348;254;2;1672694746677;0.0
APPROXIMATION;12349;254;2;1672694746677;0.0
APPROXIMATION;12350;254;2;1672694746677;0.0
APPROXIMATION;12351;254;2;1672694746677;0.0
APPROXIMATION;12345;254;3;1672694746677;0.0
APPROXIMATION;12346;254;3;1672694746677;0.0
APPROXIMATION;12352;254;2;1672694746677;0.0
APPROXIMATION;12348;254;3;1672694746677;0.0
APPROXIMATION;12349;254;3;1672694746677;0.0
APPROXIMATION;12352;254;3;1672694746678;0.0
APPROXIMATION;12351;254;3;1672694746720;0.0
APPROXIMATION;12350;254;3;1672694746720;0.0
APPROXIMATION;12345;254;4;1672694746720;0.0
APPROXIMATION;12346;254;4;1672694746720;0.0
APPROXIMATION;12348;254;4;1672694746720;0.0
APPROXIMATION;12352;254;4;1672694746720;0.0
APPROXIMATION;12350;254;4;1672694746720;0.0
APPROXIMATION;12349;254;4;1672694746720;0.0
APPROXIMATION;12351;254;4;1672694746720;0.0
APPROXIMATION;12345;254;5;1672694746720;0.0
APPROXIMATION;12346;254;5;1672694746720;0.0
APPROXIMATION;12348;254;5;1672694746720;0.0
APPROXIMATION;12352;254;5;1672694746720;0.0
APPROXIMATION;12349;254;5;1672694746721;0.0
APPROXIMATION;12345;254;6;1672694746721;0.0
APPROXIMATION;12350;254;5;1672694746721;0.0
APPROXIMATION;12346;254;6;1672694746721;0.0
APPROXIMATION;12351;254;5;1672694746721;0.0
APPROXIMATION;12348;254;6;1672694746721;0.0
APPROXIMATION;12349;254;6;1672694746721;0.0
APPROXIMATION;12350;254;6;1672694746721;0.0
APPROXIMATION;12351;254;6;1672694746721;0.0
APPROXIMATION;12352;254;6;1672694746721;0.0
APPROXIMATION;12345;254;7;1672694746721;0.0
APPROXIMATION;12348;254;7;1672694746722;0.0
APPROXIMATION;12350;254;7;1672694746722;0.0
APPROXIMATION;12352;254;7;1672694746722;0.0
APPROXIMATION;12351;254;7;1672694746722;0.0
APPROXIMATION;12346;254;7;1672694746769;0.0
APPROXIMATION;12349;254;7;1672694746769;0.0
APPROXIMATION;12345;254;8;1672694746770;0.0
APPROXIMATION;12348;254;8;1672694746770;0.0
APPROXIMATION;12346;254;8;1672694746770;0.0
APPROXIMATION;12350;254;8;1672694746770;0.0
APPROXIMATION;12349;254;8;1672694746770;0.0
APPROXIMATION;12351;254;8;1672694746770;0.0
APPROXIMATION;12352;254;8;1672694746770;0.0
APPROXIMATION;12345;254;9;1672694746770;0.0
APPROXIMATION;12346;254;9;1672694746770;0.0
APPROXIMATION;12348;254;9;1672694746770;0.0
APPROXIMATION;12349;254;9;1672694746770;0.0
APPROXIMATION;12350;254;9;1672694746771;0.0
APPROXIMATION;12351;254;9;1672694746771;0.0
APPROXIMATION;12352;254;9;1672694746771;0.0
APPROXIMATION;12345;254;10;1672694746771;0.0
APPROXIMATION;12346;254;10;1672694746771;0.0
APPROXIMATION;12348;254;10;1672694746771;0.0
APPROXIMATION;12349;254;10;1672694746771;0.0
APPROXIMATION;12352;254;10;1672694746771;0.0
APPROXIMATION;12350;254;10;1672694746771;0.0
APPROXIMATION;12349;254;11;1672694746819;0.0
APPROXIMATION;12348;254;11;1672694746819;0.0
APPROXIMATION;12351;254;10;1672694746819;0.0
APPROXIMATION;12345;254;11;1672694746819;0.0
APPROXIMATION;12346;254;11;1672694746819;0.0
APPROXIMATION;12352;254;11;1672694746819;0.0
APPROXIMATION;12350;254;11;1672694746819;0.0
APPROXIMATION;12351;254;11;1672694746820;0.0
APPROXIMATION;12346;254;12;1672694746820;0.0
APPROXIMATION;12345;254;12;1672694746820;0.0
APPROXIMATION;12348;254;12;1672694746820;0.0
APPROXIMATION;12349;254;12;1672694746820;0.0
APPROXIMATION;12351;254;12;1672694746820;0.0
APPROXIMATION;12352;254;12;1672694746820;0.0
APPROXIMATION;12350;254;12;1672694746820;0.0
APPROXIMATION;12346;254;13;1672694746820;0.0
APPROXIMATION;12345;254;13;1672694746820;0.0
APPROXIMATION;12348;254;13;1672694746820;0.0
APPROXIMATION;12351;254;13;1672694746821;0.0
APPROXIMATION;12349;254;13;1672694746821;0.0
APPROXIMATION;12352;254;13;1672694746821;0.0
APPROXIMATION;12350;254;13;1672694746821;0.0
HALTED;12345;254;14;1672694746821;0.0
HALTED;12348;254;14;1672694746821;0.0
HALTED;12351;254;14;1672694746821;0.0
HALTED;12346;254;14;1672694746821;0.0
HALTED;12352;254;14;1672694746821;0.0
HALTED;12350;254;14;1672694746821;0.0
HALTED;12349;254;14;1672694746821;0.0
INITIALIZATION;12345;255;0;1672694746922;0.0
INITIALIZATION;12346;255;0;1672694746922;0.0
INITIALIZATION;12348;255;0;1672694746923;0.0
INITIALIZATION;12349;255;0;1672694746923;0.0
INITIALIZATION;12350;255;0;1672694746923;0.0
INITIALIZATION;12351;255;0;1672694746923;0.0
INITIALIZATION;12352;255;0;1672694746923;0.0
APPROXIMATION;12345;255;1;1672694746923;0.0
APPROXIMATION;12346;255;1;1672694746923;0.0
APPROXIMATION;12348;255;1;1672694746923;0.0
APPROXIMATION;12349;255;1;1672694746923;0.0
APPROXIMATION;12351;255;1;1672694746924;0.0
APPROXIMATION;12350;255;1;1672694746924;0.0
APPROXIMATION;12352;255;1;1672694746924;0.0
APPROXIMATION;12346;255;2;1672694746924;0.0
APPROXIMATION;12345;255;2;1672694746924;0.0
APPROXIMATION;12348;255;2;1672694746924;0.0
APPROXIMATION;12349;255;2;1672694746924;0.0
APPROXIMATION;12350;255;2;1672694746924;0.0
APPROXIMATION;12352;255;2;1672694746924;0.0
APPROXIMATION;12351;255;2;1672694746924;0.0
APPROXIMATION;12346;255;3;1672694746925;0.0
APPROXIMATION;12345;255;3;1672694746925;0.0
APPROXIMATION;12348;255;3;1672694746925;0.0
APPROXIMATION;12349;255;3;1672694746925;0.0
APPROXIMATION;12350;255;3;1672694746925;0.0
APPROXIMATION;12351;255;3;1672694746925;0.0
APPROXIMATION;12352;255;3;1672694746925;0.0
APPROXIMATION;12346;255;4;1672694746925;0.0
APPROXIMATION;12348;255;4;1672694746925;0.0
APPROXIMATION;12349;255;4;1672694746925;0.0
APPROXIMATION;12345;255;4;1672694746925;0.0
APPROXIMATION;12350;255;4;1672694746925;0.0
APPROXIMATION;12351;255;4;1672694746925;0.0
APPROXIMATION;12352;255;4;1672694746925;0.0
APPROXIMATION;12346;255;5;1672694746926;0.0
APPROXIMATION;12348;255;5;1672694746926;0.0
APPROXIMATION;12349;255;5;1672694746926;0.0
APPROXIMATION;12350;255;5;1672694746926;0.0
APPROXIMATION;12352;255;5;1672694746926;0.0
APPROXIMATION;12351;255;5;1672694746926;0.0
APPROXIMATION;12345;255;5;1672694746926;0.0
APPROXIMATION;12346;255;6;1672694746926;0.0
APPROXIMATION;12348;255;6;1672694746926;0.0
APPROXIMATION;12349;255;6;1672694746926;0.0
APPROXIMATION;12350;255;6;1672694746926;0.0
APPROXIMATION;12351;255;6;1672694746926;0.0
APPROXIMATION;12352;255;6;1672694746926;0.0
APPROXIMATION;12345;255;6;1672694746926;0.0
APPROXIMATION;12346;255;7;1672694746926;0.0
APPROXIMATION;12348;255;7;1672694746927;0.0
APPROXIMATION;12349;255;7;1672694746927;0.0
APPROXIMATION;12350;255;7;1672694746927;0.0
APPROXIMATION;12352;255;7;1672694746927;0.0
APPROXIMATION;12345;255;7;1672694746927;0.0
APPROXIMATION;12351;255;7;1672694746927;0.0
APPROXIMATION;12346;255;8;1672694746927;0.0
APPROXIMATION;12348;255;8;1672694746927;0.0
APPROXIMATION;12349;255;8;1672694746927;0.0
APPROXIMATION;12350;255;8;1672694746927;0.0
APPROXIMATION;12351;255;8;1672694746927;0.0
APPROXIMATION;12352;255;8;1672694746927;0.0
APPROXIMATION;12345;255;8;1672694746927;0.0
APPROXIMATION;12346;255;9;1672694746927;0.0
APPROXIMATION;12348;255;9;1672694746928;0.0
APPROXIMATION;12349;255;9;1672694746928;0.0
APPROXIMATION;12350;255;9;1672694746928;0.0
APPROXIMATION;12352;255;9;1672694746928;0.0
APPROXIMATION;12345;255;9;1672694746928;0.0
APPROXIMATION;12351;255;9;1672694746928;0.0
APPROXIMATION;12346;255;10;1672694746928;0.0
APPROXIMATION;12348;255;10;1672694746928;0.0
APPROXIMATION;12349;255;10;1672694746928;0.0
APPROXIMATION;12350;255;10;1672694746928;0.0
APPROXIMATION;12351;255;10;1672694746928;0.0
APPROXIMATION;12345;255;10;1672694746928;0.0
APPROXIMATION;12352;255;10;1672694746928;0.0
APPROXIMATION;12346;255;11;1672694746928;0.0
APPROXIMATION;12348;255;11;1672694746928;0.0
APPROXIMATION;12349;255;11;1672694746929;0.0
APPROXIMATION;12350;255;11;1672694746929;0.0
APPROXIMATION;12351;255;11;1672694746929;0.0
APPROXIMATION;12352;255;11;1672694746929;0.0
APPROXIMATION;12345;255;11;1672694746929;0.0
APPROXIMATION;12346;255;12;1672694746929;0.0
APPROXIMATION;12348;255;12;1672694746929;0.0
APPROXIMATION;12349;255;12;1672694746929;0.0
APPROXIMATION;12350;255;12;1672694746929;0.0
APPROXIMATION;12351;255;12;1672694746929;0.0
APPROXIMATION;12352;255;12;1672694746929;0.0
APPROXIMATION;12345;255;12;1672694746929;0.0
APPROXIMATION;12346;255;13;1672694746929;0.0
APPROXIMATION;12348;255;13;1672694746930;0.0
APPROXIMATION;12349;255;13;1672694746930;0.0
APPROXIMATION;12350;255;13;1672694746930;0.0
APPROXIMATION;12351;255;13;1672694746930;0.0
APPROXIMATION;12352;255;13;1672694746930;0.0
APPROXIMATION;12345;255;13;1672694746930;0.0
HALTED;12346;255;14;1672694746930;0.0
HALTED;12348;255;14;1672694746930;0.0
HALTED;12349;255;14;1672694746930;0.0
HALTED;12350;255;14;1672694746930;0.0
HALTED;12351;255;14;1672694746930;0.0
HALTED;12345;255;14;1672694746930;0.0
HALTED;12352;255;14;1672694746930;0.0
INITIALIZATION;12345;256;0;1672694747032;0.0
INITIALIZATION;12346;256;0;1672694747033;0.0
INITIALIZATION;12349;256;0;1672694747033;0.0
INITIALIZATION;12348;256;0;1672694747033;0.0
INITIALIZATION;12350;256;0;1672694747033;0.0
INITIALIZATION;12351;256;0;1672694747033;0.0
INITIALIZATION;12352;256;0;1672694747033;0.0
APPROXIMATION;12346;256;1;1672694747033;0.0
APPROXIMATION;12345;256;1;1672694747033;0.0
APPROXIMATION;12348;256;1;1672694747034;0.0
APPROXIMATION;12349;256;1;1672694747034;0.0
APPROXIMATION;12350;256;1;1672694747034;0.0
APPROXIMATION;12352;256;1;1672694747034;0.0
APPROXIMATION;12351;256;1;1672694747034;0.0
APPROXIMATION;12346;256;2;1672694747034;0.0
APPROXIMATION;12345;256;2;1672694747034;0.0
APPROXIMATION;12348;256;2;1672694747034;0.0
APPROXIMATION;12349;256;2;1672694747034;0.0
APPROXIMATION;12352;256;2;1672694747034;0.0
APPROXIMATION;12350;256;2;1672694747034;0.0
APPROXIMATION;12351;256;2;1672694747034;0.0
APPROXIMATION;12346;256;3;1672694747034;0.0
APPROXIMATION;12349;256;3;1672694747035;0.0
APPROXIMATION;12350;256;3;1672694747035;0.0
APPROXIMATION;12351;256;3;1672694747035;0.0
APPROXIMATION;12348;256;3;1672694747035;0.0
APPROXIMATION;12352;256;3;1672694747079;0.0
APPROXIMATION;12345;256;3;1672694747080;0.0
APPROXIMATION;12346;256;4;1672694747080;0.0
APPROXIMATION;12348;256;4;1672694747080;0.0
APPROXIMATION;12349;256;4;1672694747080;0.0
APPROXIMATION;12350;256;4;1672694747080;0.0
APPROXIMATION;12352;256;4;1672694747080;0.0
APPROXIMATION;12345;256;4;1672694747080;0.0
APPROXIMATION;12351;256;4;1672694747080;0.0
APPROXIMATION;12346;256;5;1672694747081;0.0
APPROXIMATION;12348;256;5;1672694747081;0.0
APPROXIMATION;12349;256;5;1672694747081;0.0
APPROXIMATION;12345;256;5;1672694747081;0.0
APPROXIMATION;12352;256;5;1672694747081;0.0
APPROXIMATION;12351;256;5;1672694747081;0.0
APPROXIMATION;12350;256;5;1672694747081;0.0
APPROXIMATION;12345;256;6;1672694747081;0.0
APPROXIMATION;12346;256;6;1672694747081;0.0
APPROXIMATION;12348;256;6;1672694747082;0.0
APPROXIMATION;12349;256;6;1672694747082;0.0
APPROXIMATION;12350;256;6;1672694747082;0.0
APPROXIMATION;12351;256;6;1672694747082;0.0
APPROXIMATION;12352;256;6;1672694747082;0.0
APPROXIMATION;12345;256;7;1672694747082;0.0
APPROXIMATION;12349;256;7;1672694747082;0.0
APPROXIMATION;12350;256;7;1672694747082;0.0
APPROXIMATION;12351;256;7;1672694747082;0.0
APPROXIMATION;12352;256;7;1672694747082;0.0
APPROXIMATION;12346;256;7;1672694747129;0.0
APPROXIMATION;12348;256;7;1672694747130;0.0
APPROXIMATION;12345;256;8;1672694747130;0.0
APPROXIMATION;12346;256;8;1672694747130;0.0
APPROXIMATION;12349;256;8;1672694747130;0.0
APPROXIMATION;12350;256;8;1672694747130;0.0
APPROXIMATION;12351;256;8;1672694747130;0.0
APPROXIMATION;12352;256;8;1672694747130;0.0
APPROXIMATION;12348;256;8;1672694747130;0.0
APPROXIMATION;12346;256;9;1672694747130;0.0
APPROXIMATION;12345;256;9;1672694747130;0.0
APPROXIMATION;12348;256;9;1672694747131;0.0
APPROXIMATION;12351;256;9;1672694747131;0.0
APPROXIMATION;12349;256;9;1672694747131;0.0
APPROXIMATION;12352;256;9;1672694747131;0.0
APPROXIMATION;12350;256;9;1672694747131;0.0
APPROXIMATION;12346;256;10;1672694747131;0.0
APPROXIMATION;12345;256;10;1672694747131;0.0
APPROXIMATION;12348;256;10;1672694747131;0.0
APPROXIMATION;12349;256;10;1672694747131;0.0
APPROXIMATION;12351;256;10;1672694747131;0.0
APPROXIMATION;12352;256;10;1672694747131;0.0
APPROXIMATION;12350;256;10;1672694747131;0.0
APPROXIMATION;12346;256;11;1672694747131;0.0
APPROXIMATION;12345;256;11;1672694747132;0.0
APPROXIMATION;12348;256;11;1672694747132;0.0
APPROXIMATION;12351;256;11;1672694747132;0.0
APPROXIMATION;12350;256;11;1672694747132;0.0
APPROXIMATION;12349;256;11;1672694747132;0.0
APPROXIMATION;12352;256;11;1672694747132;0.0
APPROXIMATION;12346;256;12;1672694747132;0.0
APPROXIMATION;12348;256;12;1672694747132;0.0
APPROXIMATION;12345;256;12;1672694747132;0.0
APPROXIMATION;12350;256;12;1672694747132;0.0
APPROXIMATION;12351;256;12;1672694747132;0.0
APPROXIMATION;12352;256;12;1672694747132;0.0
APPROXIMATION;12349;256;12;1672694747132;0.0
APPROXIMATION;12346;256;13;1672694747132;0.0
APPROXIMATION;12348;256;13;1672694747132;0.0
APPROXIMATION;12345;256;13;1672694747132;0.0
APPROXIMATION;12350;256;13;1672694747132;0.0
APPROXIMATION;12352;256;13;1672694747133;0.0
APPROXIMATION;12351;256;13;1672694747133;0.0
APPROXIMATION;12349;256;13;1672694747133;0.0
HALTED;12346;256;14;1672694747133;0.0
HALTED;12345;256;14;1672694747133;0.0
HALTED;12348;256;14;1672694747133;0.0
HALTED;12350;256;14;1672694747133;0.0
HALTED;12351;256;14;1672694747133;0.0
HALTED;12352;256;14;1672694747133;0.0
HALTED;12349;256;14;1672694747133;0.0
INITIALIZATION;12345;257;0;1672694747234;0.0
INITIALIZATION;12346;257;0;1672694747234;0.0
INITIALIZATION;12348;257;0;1672694747235;0.0
INITIALIZATION;12349;257;0;1672694747235;0.0
INITIALIZATION;12350;257;0;1672694747235;0.0
INITIALIZATION;12351;257;0;1672694747235;0.0
INITIALIZATION;12352;257;0;1672694747235;0.0
APPROXIMATION;12345;257;1;1672694747235;0.0
APPROXIMATION;12346;257;1;1672694747235;0.0
APPROXIMATION;12349;257;1;1672694747235;0.0
APPROXIMATION;12345;257;2;1672694747235;0.0
APPROXIMATION;12352;257;1;1672694747235;0.0
APPROXIMATION;12348;257;1;1672694747235;0.0
APPROXIMATION;12350;257;1;1672694747235;0.0
APPROXIMATION;12351;257;1;1672694747236;0.0
APPROXIMATION;12346;257;2;1672694747236;0.0
APPROXIMATION;12348;257;2;1672694747236;0.0
APPROXIMATION;12349;257;2;1672694747236;0.0
APPROXIMATION;12350;257;2;1672694747236;0.0
APPROXIMATION;12352;257;2;1672694747236;0.0
APPROXIMATION;12351;257;2;1672694747236;0.0
APPROXIMATION;12345;257;3;1672694747236;0.0
APPROXIMATION;12348;257;3;1672694747236;0.0
APPROXIMATION;12352;257;3;1672694747236;0.0
APPROXIMATION;12351;257;3;1672694747236;0.0
APPROXIMATION;12349;257;3;1672694747236;0.0
APPROXIMATION;12346;257;3;1672694747280;0.0
APPROXIMATION;12345;257;4;1672694747280;0.0
APPROXIMATION;12348;257;4;1672694747280;0.0
APPROXIMATION;12350;257;3;1672694747280;0.0
APPROXIMATION;12349;257;4;1672694747280;0.0
APPROXIMATION;12351;257;4;1672694747280;0.0
APPROXIMATION;12352;257;4;1672694747280;0.0
APPROXIMATION;12346;257;4;1672694747280;0.0
APPROXIMATION;12345;257;5;1672694747280;0.0
APPROXIMATION;12348;257;5;1672694747281;0.0
APPROXIMATION;12350;257;4;1672694747281;0.0
APPROXIMATION;12349;257;5;1672694747281;0.0
APPROXIMATION;12346;257;5;1672694747281;0.0
APPROXIMATION;12351;257;5;1672694747281;0.0
APPROXIMATION;12352;257;5;1672694747281;0.0
APPROXIMATION;12345;257;6;1672694747281;0.0
APPROXIMATION;12350;257;5;1672694747281;0.0
APPROXIMATION;12346;257;6;1672694747281;0.0
APPROXIMATION;12348;257;6;1672694747281;0.0
APPROXIMATION;12352;257;6;1672694747282;0.0
APPROXIMATION;12351;257;6;1672694747282;0.0
APPROXIMATION;12349;257;6;1672694747282;0.0
APPROXIMATION;12350;257;6;1672694747282;0.0
APPROXIMATION;12345;257;7;1672694747282;0.0
APPROXIMATION;12346;257;7;1672694747282;0.0
APPROXIMATION;12348;257;7;1672694747282;0.0
APPROXIMATION;12350;257;7;1672694747282;0.0
APPROXIMATION;12351;257;7;1672694747282;0.0
APPROXIMATION;12352;257;7;1672694747282;0.0
APPROXIMATION;12349;257;7;1672694747282;0.0
APPROXIMATION;12345;257;8;1672694747282;0.0
APPROXIMATION;12346;257;8;1672694747282;0.0
APPROXIMATION;12348;257;8;1672694747283;0.0
APPROXIMATION;12350;257;8;1672694747283;0.0
APPROXIMATION;12351;257;8;1672694747283;0.0
APPROXIMATION;12352;257;8;1672694747283;0.0
APPROXIMATION;12349;257;8;1672694747283;0.0
APPROXIMATION;12345;257;9;1672694747283;0.0
APPROXIMATION;12346;257;9;1672694747283;0.0
APPROXIMATION;12348;257;9;1672694747283;0.0
APPROXIMATION;12351;257;9;1672694747283;0.0
APPROXIMATION;12350;257;9;1672694747283;0.0
APPROXIMATION;12352;257;9;1672694747283;0.0
APPROXIMATION;12345;257;10;1672694747283;0.0
APPROXIMATION;12349;257;9;1672694747283;0.0
APPROXIMATION;12346;257;10;1672694747283;0.0
APPROXIMATION;12348;257;10;1672694747284;0.0
APPROXIMATION;12351;257;10;1672694747284;0.0
APPROXIMATION;12350;257;10;1672694747284;0.0
APPROXIMATION;12352;257;10;1672694747284;0.0
APPROXIMATION;12349;257;10;1672694747284;0.0
APPROXIMATION;12345;257;11;1672694747284;0.0
APPROXIMATION;12346;257;11;1672694747284;0.0
APPROXIMATION;12348;257;11;1672694747284;0.0
APPROXIMATION;12351;257;11;1672694747284;0.0
APPROXIMATION;12350;257;11;1672694747284;0.0
APPROXIMATION;12352;257;11;1672694747284;0.0
APPROXIMATION;12345;257;12;1672694747284;0.0
APPROXIMATION;12349;257;11;1672694747284;0.0
APPROXIMATION;12346;257;12;1672694747284;0.0
APPROXIMATION;12351;257;12;1672694747284;0.0
APPROXIMATION;12350;257;12;1672694747284;0.0
APPROXIMATION;12348;257;12;1672694747284;0.0
APPROXIMATION;12352;257;12;1672694747284;0.0
APPROXIMATION;12349;257;12;1672694747284;0.0
APPROXIMATION;12345;257;13;1672694747284;0.0
APPROXIMATION;12346;257;13;1672694747285;0.0
APPROXIMATION;12351;257;13;1672694747285;0.0
APPROXIMATION;12350;257;13;1672694747285;0.0
APPROXIMATION;12352;257;13;1672694747285;0.0
APPROXIMATION;12348;257;13;1672694747285;0.0
APPROXIMATION;12349;257;13;1672694747285;0.0
HALTED;12345;257;14;1672694747285;0.0
HALTED;12346;257;14;1672694747285;0.0
HALTED;12350;257;14;1672694747285;0.0
HALTED;12351;257;14;1672694747285;0.0
HALTED;12352;257;14;1672694747285;0.0
HALTED;12349;257;14;1672694747285;0.0
HALTED;12348;257;14;1672694747285;0.0
INITIALIZATION;12345;258;0;1672694747386;0.0
INITIALIZATION;12346;258;0;1672694747386;0.0
INITIALIZATION;12348;258;0;1672694747387;0.0
INITIALIZATION;12352;258;0;1672694747387;0.0
INITIALIZATION;12351;258;0;1672694747387;0.0
INITIALIZATION;12349;258;0;1672694747387;0.0
INITIALIZATION;12350;258;0;1672694747387;0.0
APPROXIMATION;12345;258;1;1672694747387;0.0
APPROXIMATION;12346;258;1;1672694747387;0.0
APPROXIMATION;12348;258;1;1672694747387;0.0
APPROXIMATION;12352;258;1;1672694747387;0.0
APPROXIMATION;12346;258;2;1672694747388;0.0
APPROXIMATION;12350;258;1;1672694747388;0.0
APPROXIMATION;12351;258;1;1672694747388;0.0
APPROXIMATION;12349;258;1;1672694747388;0.0
APPROXIMATION;12345;258;2;1672694747388;0.0
APPROXIMATION;12348;258;2;1672694747388;0.0
APPROXIMATION;12350;258;2;1672694747388;0.0
APPROXIMATION;12351;258;2;1672694747388;0.0
APPROXIMATION;12352;258;2;1672694747388;0.0
APPROXIMATION;12346;258;3;1672694747388;0.0
APPROXIMATION;12349;258;2;1672694747388;0.0
APPROXIMATION;12345;258;3;1672694747389;0.0
APPROXIMATION;12350;258;3;1672694747389;0.0
APPROXIMATION;12348;258;3;1672694747389;0.0
APPROXIMATION;12349;258;3;1672694747389;0.0
APPROXIMATION;12352;258;3;1672694747430;0.0
APPROXIMATION;12351;258;3;1672694747430;0.0
APPROXIMATION;12345;258;4;1672694747430;0.0
APPROXIMATION;12346;258;4;1672694747430;0.0
APPROXIMATION;12348;258;4;1672694747430;0.0
APPROXIMATION;12350;258;4;1672694747430;0.0
APPROXIMATION;12352;258;4;1672694747430;0.0
APPROXIMATION;12349;258;4;1672694747430;0.0
APPROXIMATION;12351;258;4;1672694747430;0.0
APPROXIMATION;12346;258;5;1672694747430;0.0
APPROXIMATION;12348;258;5;1672694747430;0.0
APPROXIMATION;12350;258;5;1672694747430;0.0
APPROXIMATION;12345;258;5;1672694747431;0.0
APPROXIMATION;12351;258;5;1672694747431;0.0
APPROXIMATION;12352;258;5;1672694747431;0.0
APPROXIMATION;12349;258;5;1672694747431;0.0
APPROXIMATION;12346;258;6;1672694747431;0.0
APPROXIMATION;12345;258;6;1672694747431;0.0
APPROXIMATION;12348;258;6;1672694747431;0.0
APPROXIMATION;12351;258;6;1672694747431;0.0
APPROXIMATION;12350;258;6;1672694747431;0.0
APPROXIMATION;12352;258;6;1672694747431;0.0
APPROXIMATION;12349;258;6;1672694747431;0.0
APPROXIMATION;12345;258;7;1672694747432;0.0
APPROXIMATION;12346;258;7;1672694747432;0.0
APPROXIMATION;12348;258;7;1672694747432;0.0
APPROXIMATION;12351;258;7;1672694747432;0.0
APPROXIMATION;12350;258;7;1672694747432;0.0
APPROXIMATION;12352;258;7;1672694747432;0.0
APPROXIMATION;12349;258;7;1672694747432;0.0
APPROXIMATION;12345;258;8;1672694747432;0.0
APPROXIMATION;12346;258;8;1672694747432;0.0
APPROXIMATION;12348;258;8;1672694747432;0.0
APPROXIMATION;12351;258;8;1672694747432;0.0
APPROXIMATION;12350;258;8;1672694747432;0.0
APPROXIMATION;12352;258;8;1672694747432;0.0
APPROXIMATION;12349;258;8;1672694747432;0.0
APPROXIMATION;12346;258;9;1672694747433;0.0
APPROXIMATION;12345;258;9;1672694747433;0.0
APPROXIMATION;12348;258;9;1672694747433;0.0
APPROXIMATION;12350;258;9;1672694747433;0.0
APPROXIMATION;12351;258;9;1672694747433;0.0
APPROXIMATION;12352;258;9;1672694747433;0.0
APPROXIMATION;12349;258;9;1672694747433;0.0
APPROXIMATION;12345;258;10;1672694747433;0.0
APPROXIMATION;12346;258;10;1672694747433;0.0
APPROXIMATION;12348;258;10;1672694747433;0.0
APPROXIMATION;12350;258;10;1672694747433;0.0
APPROXIMATION;12351;258;10;1672694747433;0.0
APPROXIMATION;12352;258;10;1672694747433;0.0
APPROXIMATION;12349;258;10;1672694747433;0.0
APPROXIMATION;12346;258;11;1672694747434;0.0
APPROXIMATION;12345;258;11;1672694747434;0.0
APPROXIMATION;12348;258;11;1672694747434;0.0
APPROXIMATION;12350;258;11;1672694747434;0.0
APPROXIMATION;12351;258;11;1672694747434;0.0
APPROXIMATION;12352;258;11;1672694747434;0.0
APPROXIMATION;12349;258;11;1672694747434;0.0
APPROXIMATION;12346;258;12;1672694747434;0.0
APPROXIMATION;12345;258;12;1672694747434;0.0
APPROXIMATION;12348;258;12;1672694747434;0.0
APPROXIMATION;12351;258;12;1672694747434;0.0
APPROXIMATION;12350;258;12;1672694747434;0.0
APPROXIMATION;12352;258;12;1672694747434;0.0
APPROXIMATION;12349;258;12;1672694747434;0.0
APPROXIMATION;12346;258;13;1672694747434;0.0
APPROXIMATION;12345;258;13;1672694747434;0.0
APPROXIMATION;12348;258;13;1672694747435;0.0
APPROXIMATION;12351;258;13;1672694747435;0.0
APPROXIMATION;12350;258;13;1672694747435;0.0
APPROXIMATION;12352;258;13;1672694747435;0.0
APPROXIMATION;12349;258;13;1672694747435;0.0
HALTED;12346;258;14;1672694747435;0.0
HALTED;12345;258;14;1672694747435;0.0
HALTED;12348;258;14;1672694747435;0.0
HALTED;12350;258;14;1672694747435;0.0
HALTED;12351;258;14;1672694747435;0.0
HALTED;12352;258;14;1672694747435;0.0
HALTED;12349;258;14;1672694747435;0.0
INITIALIZATION;12345;259;0;1672694747536;0.0
INITIALIZATION;12348;259;0;1672694747536;0.0
INITIALIZATION;12349;259;0;1672694747536;0.0
INITIALIZATION;12352;259;0;1672694747536;0.0
INITIALIZATION;12351;259;0;1672694747536;0.0
INITIALIZATION;12350;259;0;1672694747536;0.0
INITIALIZATION;12346;259;0;1672694747548;0.0
APPROXIMATION;12345;259;1;1672694747548;0.0
APPROXIMATION;12350;259;1;1672694747549;0.0
APPROXIMATION;12348;259;1;1672694747549;0.0
APPROXIMATION;12349;259;1;1672694747549;0.0
APPROXIMATION;12346;259;1;1672694747549;0.0
APPROXIMATION;12351;259;1;1672694747549;0.0
APPROXIMATION;12352;259;1;1672694747549;0.0
APPROXIMATION;12345;259;2;1672694747549;0.0
APPROXIMATION;12348;259;2;1672694747550;0.0
APPROXIMATION;12346;259;2;1672694747550;0.0
APPROXIMATION;12350;259;2;1672694747550;0.0
APPROXIMATION;12351;259;2;1672694747550;0.0
APPROXIMATION;12349;259;2;1672694747550;0.0
APPROXIMATION;12352;259;2;1672694747550;0.0
APPROXIMATION;12345;259;3;1672694747551;0.0
APPROXIMATION;12346;259;3;1672694747551;0.0
APPROXIMATION;12348;259;3;1672694747551;0.0
APPROXIMATION;12350;259;3;1672694747551;0.0
APPROXIMATION;12352;259;3;1672694747551;0.0
APPROXIMATION;12351;259;3;1672694747589;0.0
APPROXIMATION;12349;259;3;1672694747589;0.0
APPROXIMATION;12345;259;4;1672694747590;0.0
APPROXIMATION;12346;259;4;1672694747590;0.0
APPROXIMATION;12348;259;4;1672694747590;0.0
APPROXIMATION;12350;259;4;1672694747590;0.0
APPROXIMATION;12351;259;4;1672694747590;0.0
APPROXIMATION;12345;259;5;1672694747590;0.0
APPROXIMATION;12352;259;4;1672694747590;0.0
APPROXIMATION;12349;259;4;1672694747590;0.0
APPROXIMATION;12346;259;5;1672694747590;0.0
APPROXIMATION;12348;259;5;1672694747590;0.0
APPROXIMATION;12350;259;5;1672694747590;0.0
APPROXIMATION;12351;259;5;1672694747590;0.0
APPROXIMATION;12352;259;5;1672694747591;0.0
APPROXIMATION;12345;259;6;1672694747591;0.0
APPROXIMATION;12349;259;5;1672694747591;0.0
APPROXIMATION;12346;259;6;1672694747591;0.0
APPROXIMATION;12348;259;6;1672694747591;0.0
APPROXIMATION;12350;259;6;1672694747591;0.0
APPROXIMATION;12351;259;6;1672694747591;0.0
APPROXIMATION;12352;259;6;1672694747591;0.0
APPROXIMATION;12349;259;6;1672694747591;0.0
APPROXIMATION;12346;259;7;1672694747591;0.0
APPROXIMATION;12345;259;7;1672694747591;0.0
APPROXIMATION;12348;259;7;1672694747591;0.0
APPROXIMATION;12350;259;7;1672694747592;0.0
APPROXIMATION;12351;259;7;1672694747592;0.0
APPROXIMATION;12352;259;7;1672694747592;0.0
APPROXIMATION;12349;259;7;1672694747592;0.0
APPROXIMATION;12346;259;8;1672694747592;0.0
APPROXIMATION;12345;259;8;1672694747592;0.0
APPROXIMATION;12348;259;8;1672694747592;0.0
APPROXIMATION;12350;259;8;1672694747592;0.0
APPROXIMATION;12351;259;8;1672694747592;0.0
APPROXIMATION;12352;259;8;1672694747592;0.0
APPROXIMATION;12349;259;8;1672694747592;0.0
APPROXIMATION;12346;259;9;1672694747592;0.0
APPROXIMATION;12348;259;9;1672694747592;0.0
APPROXIMATION;12345;259;9;1672694747592;0.0
APPROXIMATION;12351;259;9;1672694747592;0.0
APPROXIMATION;12350;259;9;1672694747592;0.0
APPROXIMATION;12349;259;9;1672694747592;0.0
APPROXIMATION;12352;259;9;1672694747592;0.0
APPROXIMATION;12346;259;10;1672694747593;0.0
APPROXIMATION;12348;259;10;1672694747593;0.0
APPROXIMATION;12345;259;10;1672694747593;0.0
APPROXIMATION;12350;259;10;1672694747593;0.0
APPROXIMATION;12352;259;10;1672694747593;0.0
APPROXIMATION;12349;259;10;1672694747593;0.0
APPROXIMATION;12351;259;10;1672694747593;0.0
APPROXIMATION;12346;259;11;1672694747593;0.0
APPROXIMATION;12348;259;11;1672694747593;0.0
APPROXIMATION;12350;259;11;1672694747593;0.0
APPROXIMATION;12351;259;11;1672694747593;0.0
APPROXIMATION;12349;259;11;1672694747593;0.0
APPROXIMATION;12345;259;11;1672694747593;0.0
APPROXIMATION;12352;259;11;1672694747593;0.0
APPROXIMATION;12346;259;12;1672694747593;0.0
APPROXIMATION;12348;259;12;1672694747594;0.0
APPROXIMATION;12349;259;12;1672694747594;0.0
APPROXIMATION;12350;259;12;1672694747594;0.0
APPROXIMATION;12351;259;12;1672694747594;0.0
APPROXIMATION;12352;259;12;1672694747594;0.0
APPROXIMATION;12345;259;12;1672694747594;0.0
APPROXIMATION;12346;259;13;1672694747594;0.0
APPROXIMATION;12348;259;13;1672694747594;0.0
APPROXIMATION;12349;259;13;1672694747594;0.0
APPROXIMATION;12350;259;13;1672694747594;0.0
APPROXIMATION;12351;259;13;1672694747594;0.0
APPROXIMATION;12352;259;13;1672694747594;0.0
APPROXIMATION;12345;259;13;1672694747594;0.0
HALTED;12346;259;14;1672694747594;0.0
HALTED;12348;259;14;1672694747595;0.0
HALTED;12349;259;14;1672694747595;0.0
HALTED;12350;259;14;1672694747595;0.0
HALTED;12351;259;14;1672694747595;0.0
HALTED;12345;259;14;1672694747595;0.0
HALTED;12352;259;14;1672694747595;0.0
INITIALIZATION;12345;260;0;1672694747696;0.0
INITIALIZATION;12346;260;0;1672694747696;0.0
INITIALIZATION;12348;260;0;1672694747697;0.0
INITIALIZATION;12349;260;0;1672694747697;0.0
INITIALIZATION;12352;260;0;1672694747697;0.0
INITIALIZATION;12350;260;0;1672694747697;0.0
INITIALIZATION;12351;260;0;1672694747698;0.0
APPROXIMATION;12345;260;1;1672694747698;0.0
APPROXIMATION;12346;260;1;1672694747698;0.0
APPROXIMATION;12348;260;1;1672694747699;0.0
APPROXIMATION;12349;260;1;1672694747699;0.0
APPROXIMATION;12351;260;1;1672694747700;0.0
APPROXIMATION;12350;260;1;1672694747700;0.0
APPROXIMATION;12352;260;1;1672694747700;0.0
APPROXIMATION;12346;260;2;1672694747700;0.0
APPROXIMATION;12345;260;2;1672694747700;0.0
APPROXIMATION;12348;260;2;1672694747700;0.0
APPROXIMATION;12349;260;2;1672694747700;0.0
APPROXIMATION;12351;260;2;1672694747700;0.0
APPROXIMATION;12350;260;2;1672694747700;0.0
APPROXIMATION;12352;260;2;1672694747700;0.0
APPROXIMATION;12346;260;3;1672694747700;0.0
APPROXIMATION;12345;260;3;1672694747701;0.0
APPROXIMATION;12350;260;3;1672694747701;0.0
APPROXIMATION;12348;260;3;1672694747701;0.0
APPROXIMATION;12351;260;3;1672694747701;0.0
APPROXIMATION;12349;260;3;1672694747701;0.0
APPROXIMATION;12352;260;3;1672694747701;0.0
APPROXIMATION;12346;260;4;1672694747701;0.0
APPROXIMATION;12350;260;4;1672694747701;0.0
APPROXIMATION;12345;260;4;1672694747701;0.0
APPROXIMATION;12348;260;4;1672694747701;0.0
APPROXIMATION;12349;260;4;1672694747701;0.0
APPROXIMATION;12351;260;4;1672694747701;0.0
APPROXIMATION;12352;260;4;1672694747701;0.0
APPROXIMATION;12345;260;5;1672694747701;0.0
APPROXIMATION;12346;260;5;1672694747702;0.0
APPROXIMATION;12350;260;5;1672694747702;0.0
APPROXIMATION;12351;260;5;1672694747702;0.0
APPROXIMATION;12352;260;5;1672694747702;0.0
APPROXIMATION;12348;260;5;1672694747702;0.0
APPROXIMATION;12349;260;5;1672694747702;0.0
APPROXIMATION;12345;260;6;1672694747702;0.0
APPROXIMATION;12346;260;6;1672694747702;0.0
APPROXIMATION;12350;260;6;1672694747702;0.0
APPROXIMATION;12348;260;6;1672694747702;0.0
APPROXIMATION;12351;260;6;1672694747702;0.0
APPROXIMATION;12352;260;6;1672694747702;0.0
APPROXIMATION;12349;260;6;1672694747702;0.0
APPROXIMATION;12345;260;7;1672694747702;0.0
APPROXIMATION;12346;260;7;1672694747703;0.0
APPROXIMATION;12351;260;7;1672694747703;0.0
APPROXIMATION;12350;260;7;1672694747703;0.0
APPROXIMATION;12348;260;7;1672694747703;0.0
APPROXIMATION;12352;260;7;1672694747703;0.0
APPROXIMATION;12349;260;7;1672694747703;0.0
APPROXIMATION;12345;260;8;1672694747703;0.0
APPROXIMATION;12346;260;8;1672694747703;0.0
APPROXIMATION;12350;260;8;1672694747703;0.0
APPROXIMATION;12351;260;8;1672694747703;0.0
APPROXIMATION;12348;260;8;1672694747703;0.0
APPROXIMATION;12352;260;8;1672694747703;0.0
APPROXIMATION;12349;260;8;1672694747703;0.0
APPROXIMATION;12345;260;9;1672694747703;0.0
APPROXIMATION;12346;260;9;1672694747703;0.0
APPROXIMATION;12350;260;9;1672694747704;0.0
APPROXIMATION;12351;260;9;1672694747704;0.0
APPROXIMATION;12348;260;9;1672694747704;0.0
APPROXIMATION;12352;260;9;1672694747704;0.0
APPROXIMATION;12349;260;9;1672694747704;0.0
APPROXIMATION;12346;260;10;1672694747704;0.0
APPROXIMATION;12345;260;10;1672694747704;0.0
APPROXIMATION;12351;260;10;1672694747704;0.0
APPROXIMATION;12350;260;10;1672694747704;0.0
APPROXIMATION;12348;260;10;1672694747704;0.0
APPROXIMATION;12352;260;10;1672694747704;0.0
APPROXIMATION;12349;260;10;1672694747704;0.0
APPROXIMATION;12346;260;11;1672694747704;0.0
APPROXIMATION;12345;260;11;1672694747704;0.0
APPROXIMATION;12350;260;11;1672694747704;0.0
APPROXIMATION;12348;260;11;1672694747704;0.0
APPROXIMATION;12351;260;11;1672694747704;0.0
APPROXIMATION;12352;260;11;1672694747704;0.0
APPROXIMATION;12349;260;11;1672694747705;0.0
APPROXIMATION;12346;260;12;1672694747705;0.0
APPROXIMATION;12345;260;12;1672694747705;0.0
APPROXIMATION;12350;260;12;1672694747705;0.0
APPROXIMATION;12351;260;12;1672694747705;0.0
APPROXIMATION;12348;260;12;1672694747705;0.0
APPROXIMATION;12352;260;12;1672694747705;0.0
APPROXIMATION;12349;260;12;1672694747705;0.0
APPROXIMATION;12346;260;13;1672694747705;0.0
APPROXIMATION;12345;260;13;1672694747705;0.0
APPROXIMATION;12350;260;13;1672694747705;0.0
APPROXIMATION;12351;260;13;1672694747705;0.0
APPROXIMATION;12348;260;13;1672694747705;0.0
APPROXIMATION;12352;260;13;1672694747705;0.0
APPROXIMATION;12349;260;13;1672694747705;0.0
HALTED;12346;260;14;1672694747706;0.0
HALTED;12350;260;14;1672694747706;0.0
HALTED;12345;260;14;1672694747706;0.0
HALTED;12351;260;14;1672694747706;0.0
HALTED;12352;260;14;1672694747706;0.0
HALTED;12348;260;14;1672694747706;0.0
HALTED;12349;260;14;1672694747706;0.0
INITIALIZATION;12345;261;0;1672694747806;0.0
INITIALIZATION;12349;261;0;1672694747807;0.0
INITIALIZATION;12348;261;0;1672694747807;0.0
INITIALIZATION;12346;261;0;1672694747807;0.0
INITIALIZATION;12350;261;0;1672694747807;0.0
INITIALIZATION;12351;261;0;1672694747807;0.0
APPROXIMATION;12345;261;1;1672694747807;0.0
INITIALIZATION;12352;261;0;1672694747808;0.0
APPROXIMATION;12346;261;1;1672694747808;0.0
APPROXIMATION;12348;261;1;1672694747808;0.0
APPROXIMATION;12349;261;1;1672694747808;0.0
APPROXIMATION;12352;261;1;1672694747808;0.0
APPROXIMATION;12351;261;1;1672694747808;0.0
APPROXIMATION;12350;261;1;1672694747808;0.0
APPROXIMATION;12345;261;2;1672694747808;0.0
APPROXIMATION;12349;261;2;1672694747808;0.0
APPROXIMATION;12352;261;2;1672694747808;0.0
APPROXIMATION;12351;261;2;1672694747808;0.0
APPROXIMATION;12346;261;2;1672694747809;0.0
APPROXIMATION;12345;261;3;1672694747809;0.0
APPROXIMATION;12348;261;2;1672694747809;0.0
APPROXIMATION;12350;261;2;1672694747809;0.0
APPROXIMATION;12349;261;3;1672694747809;0.0
APPROXIMATION;12346;261;3;1672694747809;0.0
APPROXIMATION;12352;261;3;1672694747809;0.0
APPROXIMATION;12351;261;3;1672694747809;0.0
APPROXIMATION;12348;261;3;1672694747809;0.0
APPROXIMATION;12345;261;4;1672694747809;0.0
APPROXIMATION;12350;261;3;1672694747809;0.0
APPROXIMATION;12351;261;4;1672694747810;0.0
APPROXIMATION;12349;261;4;1672694747810;0.0
APPROXIMATION;12346;261;4;1672694747810;0.0
APPROXIMATION;12348;261;4;1672694747810;0.0
APPROXIMATION;12352;261;4;1672694747810;0.0
APPROXIMATION;12350;261;4;1672694747810;0.0
APPROXIMATION;12345;261;5;1672694747810;0.0
APPROXIMATION;12346;261;5;1672694747810;0.0
APPROXIMATION;12349;261;5;1672694747810;0.0
APPROXIMATION;12351;261;5;1672694747810;0.0
APPROXIMATION;12348;261;5;1672694747810;0.0
APPROXIMATION;12352;261;5;1672694747810;0.0
APPROXIMATION;12350;261;5;1672694747810;0.0
APPROXIMATION;12345;261;6;1672694747810;0.0
APPROXIMATION;12346;261;6;1672694747810;0.0
APPROXIMATION;12348;261;6;1672694747810;0.0
APPROXIMATION;12352;261;6;1672694747810;0.0
APPROXIMATION;12349;261;6;1672694747810;0.0
APPROXIMATION;12351;261;6;1672694747810;0.0
APPROXIMATION;12350;261;6;1672694747810;0.0
APPROXIMATION;12345;261;7;1672694747811;0.0
APPROXIMATION;12346;261;7;1672694747811;0.0
APPROXIMATION;12348;261;7;1672694747811;0.0
APPROXIMATION;12350;261;7;1672694747811;0.0
APPROXIMATION;12352;261;7;1672694747811;0.0
APPROXIMATION;12351;261;7;1672694747811;0.0
APPROXIMATION;12349;261;7;1672694747811;0.0
APPROXIMATION;12346;261;8;1672694747811;0.0
APPROXIMATION;12348;261;8;1672694747811;0.0
APPROXIMATION;12345;261;8;1672694747811;0.0
APPROXIMATION;12350;261;8;1672694747811;0.0
APPROXIMATION;12351;261;8;1672694747811;0.0
APPROXIMATION;12352;261;8;1672694747811;0.0
APPROXIMATION;12349;261;8;1672694747811;0.0
APPROXIMATION;12346;261;9;1672694747811;0.0
APPROXIMATION;12348;261;9;1672694747812;0.0
APPROXIMATION;12351;261;9;1672694747812;0.0
APPROXIMATION;12352;261;9;1672694747812;0.0
APPROXIMATION;12345;261;9;1672694747812;0.0
APPROXIMATION;12349;261;9;1672694747812;0.0
APPROXIMATION;12350;261;9;1672694747812;0.0
APPROXIMATION;12345;261;10;1672694747823;0.0
APPROXIMATION;12349;261;10;1672694747823;0.0
APPROXIMATION;12351;261;10;1672694747823;0.0
APPROXIMATION;12352;261;10;1672694747823;0.0
APPROXIMATION;12345;261;11;1672694747823;0.0
APPROXIMATION;12346;261;10;1672694747823;0.0
APPROXIMATION;12348;261;10;1672694747823;0.0
APPROXIMATION;12350;261;10;1672694747823;0.0
APPROXIMATION;12349;261;11;1672694747824;0.0
APPROXIMATION;12346;261;11;1672694747824;0.0
APPROXIMATION;12348;261;11;1672694747824;0.0
APPROXIMATION;12352;261;11;1672694747824;0.0
APPROXIMATION;12351;261;11;1672694747824;0.0
APPROXIMATION;12345;261;12;1672694747824;0.0
APPROXIMATION;12350;261;11;1672694747824;0.0
APPROXIMATION;12346;261;12;1672694747824;0.0
APPROXIMATION;12348;261;12;1672694747824;0.0
APPROXIMATION;12349;261;12;1672694747824;0.0
APPROXIMATION;12352;261;12;1672694747824;0.0
APPROXIMATION;12350;261;12;1672694747824;0.0
APPROXIMATION;12351;261;12;1672694747824;0.0
APPROXIMATION;12345;261;13;1672694747824;0.0
APPROXIMATION;12346;261;13;1672694747825;0.0
APPROXIMATION;12349;261;13;1672694747825;0.0
APPROXIMATION;12350;261;13;1672694747825;0.0
APPROXIMATION;12352;261;13;1672694747825;0.0
APPROXIMATION;12348;261;13;1672694747825;0.0
APPROXIMATION;12351;261;13;1672694747825;0.0
HALTED;12345;261;14;1672694747825;0.0
HALTED;12346;261;14;1672694747825;0.0
HALTED;12351;261;14;1672694747825;0.0
HALTED;12349;261;14;1672694747825;0.0
HALTED;12352;261;14;1672694747825;0.0
HALTED;12348;261;14;1672694747825;0.0
HALTED;12350;261;14;1672694747825;0.0
INITIALIZATION;12345;262;0;1672694747926;0.0
INITIALIZATION;12346;262;0;1672694747926;0.0
INITIALIZATION;12348;262;0;1672694747926;0.0
INITIALIZATION;12349;262;0;1672694747926;0.0
INITIALIZATION;12350;262;0;1672694747927;0.0
INITIALIZATION;12352;262;0;1672694747927;0.0
INITIALIZATION;12351;262;0;1672694747927;0.0
APPROXIMATION;12346;262;1;1672694747927;0.0
APPROXIMATION;12345;262;1;1672694747927;0.0
APPROXIMATION;12348;262;1;1672694747927;0.0
APPROXIMATION;12350;262;1;1672694747927;0.0
APPROXIMATION;12352;262;1;1672694747927;0.0
APPROXIMATION;12351;262;1;1672694747927;0.0
APPROXIMATION;12349;262;1;1672694747927;0.0
APPROXIMATION;12346;262;2;1672694747927;0.0
APPROXIMATION;12345;262;2;1672694747928;0.0
APPROXIMATION;12348;262;2;1672694747928;0.0
APPROXIMATION;12349;262;2;1672694747928;0.0
APPROXIMATION;12350;262;2;1672694747928;0.0
APPROXIMATION;12351;262;2;1672694747928;0.0
APPROXIMATION;12352;262;2;1672694747928;0.0
APPROXIMATION;12346;262;3;1672694747928;0.0
APPROXIMATION;12345;262;3;1672694747928;0.0
APPROXIMATION;12349;262;3;1672694747928;0.0
APPROXIMATION;12348;262;3;1672694747928;0.0
APPROXIMATION;12350;262;3;1672694747928;0.0
APPROXIMATION;12351;262;3;1672694747928;0.0
APPROXIMATION;12352;262;3;1672694747928;0.0
APPROXIMATION;12346;262;4;1672694747928;0.0
APPROXIMATION;12345;262;4;1672694747928;0.0
APPROXIMATION;12349;262;4;1672694747929;0.0
APPROXIMATION;12348;262;4;1672694747929;0.0
APPROXIMATION;12350;262;4;1672694747929;0.0
APPROXIMATION;12346;262;5;1672694747929;0.0
APPROXIMATION;12351;262;4;1672694747929;0.0
APPROXIMATION;12352;262;4;1672694747929;0.0
APPROXIMATION;12345;262;5;1672694747929;0.0
APPROXIMATION;12349;262;5;1672694747929;0.0
APPROXIMATION;12348;262;5;1672694747929;0.0
APPROXIMATION;12350;262;5;1672694747929;0.0
APPROXIMATION;12351;262;5;1672694747929;0.0
APPROXIMATION;12346;262;6;1672694747929;0.0
APPROXIMATION;12352;262;5;1672694747929;0.0
APPROXIMATION;12345;262;6;1672694747929;0.0
APPROXIMATION;12349;262;6;1672694747929;0.0
APPROXIMATION;12348;262;6;1672694747930;0.0
APPROXIMATION;12350;262;6;1672694747930;0.0
APPROXIMATION;12351;262;6;1672694747930;0.0
APPROXIMATION;12352;262;6;1672694747930;0.0
APPROXIMATION;12346;262;7;1672694747930;0.0
APPROXIMATION;12345;262;7;1672694747930;0.0
APPROXIMATION;12349;262;7;1672694747930;0.0
APPROXIMATION;12348;262;7;1672694747930;0.0
APPROXIMATION;12352;262;7;1672694747930;0.0
APPROXIMATION;12351;262;7;1672694747930;0.0
APPROXIMATION;12350;262;7;1672694747930;0.0
APPROXIMATION;12345;262;8;1672694747930;0.0
APPROXIMATION;12346;262;8;1672694747930;0.0
APPROXIMATION;12349;262;8;1672694747930;0.0
APPROXIMATION;12348;262;8;1672694747930;0.0
APPROXIMATION;12352;262;8;1672694747930;0.0
APPROXIMATION;12351;262;8;1672694747930;0.0
APPROXIMATION;12350;262;8;1672694747930;0.0
APPROXIMATION;12345;262;9;1672694747931;0.0
APPROXIMATION;12346;262;9;1672694747931;0.0
APPROXIMATION;12349;262;9;1672694747931;0.0
APPROXIMATION;12351;262;9;1672694747931;0.0
APPROXIMATION;12350;262;9;1672694747931;0.0
APPROXIMATION;12348;262;9;1672694747931;0.0
APPROXIMATION;12352;262;9;1672694747931;0.0
APPROXIMATION;12345;262;10;1672694747931;0.0
APPROXIMATION;12346;262;10;1672694747931;0.0
APPROXIMATION;12349;262;10;1672694747931;0.0
APPROXIMATION;12351;262;10;1672694747931;0.0
APPROXIMATION;12350;262;10;1672694747931;0.0
APPROXIMATION;12348;262;10;1672694747931;0.0
APPROXIMATION;12352;262;10;1672694747931;0.0
APPROXIMATION;12345;262;11;1672694747931;0.0
APPROXIMATION;12346;262;11;1672694747932;0.0
APPROXIMATION;12349;262;11;1672694747932;0.0
APPROXIMATION;12351;262;11;1672694747932;0.0
APPROXIMATION;12352;262;11;1672694747932;0.0
APPROXIMATION;12350;262;11;1672694747932;0.0
APPROXIMATION;12348;262;11;1672694747932;0.0
APPROXIMATION;12345;262;12;1672694747932;0.0
APPROXIMATION;12346;262;12;1672694747932;0.0
APPROXIMATION;12351;262;12;1672694747932;0.0
APPROXIMATION;12349;262;12;1672694747932;0.0
APPROXIMATION;12350;262;12;1672694747932;0.0
APPROXIMATION;12352;262;12;1672694747932;0.0
APPROXIMATION;12348;262;12;1672694747932;0.0
APPROXIMATION;12346;262;13;1672694747932;0.0
APPROXIMATION;12345;262;13;1672694747932;0.0
APPROXIMATION;12349;262;13;1672694747933;0.0
APPROXIMATION;12350;262;13;1672694747933;0.0
APPROXIMATION;12351;262;13;1672694747933;0.0
APPROXIMATION;12348;262;13;1672694747933;0.0
APPROXIMATION;12352;262;13;1672694747933;0.0
HALTED;12345;262;14;1672694747933;0.0
HALTED;12346;262;14;1672694747933;0.0
HALTED;12349;262;14;1672694747933;0.0
HALTED;12351;262;14;1672694747933;0.0
HALTED;12350;262;14;1672694747933;0.0
HALTED;12352;262;14;1672694747933;0.0
HALTED;12348;262;14;1672694747933;0.0
INITIALIZATION;12345;263;0;1672694748033;0.0
INITIALIZATION;12346;263;0;1672694748034;0.0
INITIALIZATION;12348;263;0;1672694748034;0.0
INITIALIZATION;12349;263;0;1672694748034;0.0
INITIALIZATION;12350;263;0;1672694748034;0.0
INITIALIZATION;12351;263;0;1672694748034;0.0
INITIALIZATION;12352;263;0;1672694748034;0.0
APPROXIMATION;12345;263;1;1672694748034;0.0
APPROXIMATION;12346;263;1;1672694748035;0.0
APPROXIMATION;12348;263;1;1672694748035;0.0
APPROXIMATION;12349;263;1;1672694748035;0.0
APPROXIMATION;12350;263;1;1672694748035;0.0
APPROXIMATION;12351;263;1;1672694748035;0.0
APPROXIMATION;12352;263;1;1672694748035;0.0
APPROXIMATION;12345;263;2;1672694748035;0.0
APPROXIMATION;12346;263;2;1672694748035;0.0
APPROXIMATION;12348;263;2;1672694748035;0.0
APPROXIMATION;12349;263;2;1672694748035;0.0
APPROXIMATION;12352;263;2;1672694748035;0.0
APPROXIMATION;12350;263;2;1672694748035;0.0
APPROXIMATION;12351;263;2;1672694748035;0.0
APPROXIMATION;12345;263;3;1672694748035;0.0
APPROXIMATION;12346;263;3;1672694748036;0.0
APPROXIMATION;12348;263;3;1672694748036;0.0
APPROXIMATION;12349;263;3;1672694748036;0.0
APPROXIMATION;12351;263;3;1672694748036;0.0
APPROXIMATION;12352;263;3;1672694748036;0.0
APPROXIMATION;12350;263;3;1672694748036;0.0
APPROXIMATION;12345;263;4;1672694748036;0.0
APPROXIMATION;12346;263;4;1672694748036;0.0
APPROXIMATION;12348;263;4;1672694748036;0.0
APPROXIMATION;12349;263;4;1672694748036;0.0
APPROXIMATION;12350;263;4;1672694748036;0.0
APPROXIMATION;12351;263;4;1672694748037;0.0
APPROXIMATION;12345;263;5;1672694748037;0.0
APPROXIMATION;12352;263;4;1672694748037;0.0
APPROXIMATION;12346;263;5;1672694748037;0.0
APPROXIMATION;12348;263;5;1672694748037;0.0
APPROXIMATION;12349;263;5;1672694748037;0.0
APPROXIMATION;12350;263;5;1672694748037;0.0
APPROXIMATION;12351;263;5;1672694748037;0.0
APPROXIMATION;12345;263;6;1672694748037;0.0
APPROXIMATION;12352;263;5;1672694748037;0.0
APPROXIMATION;12346;263;6;1672694748037;0.0
APPROXIMATION;12348;263;6;1672694748037;0.0
APPROXIMATION;12349;263;6;1672694748037;0.0
APPROXIMATION;12350;263;6;1672694748037;0.0
APPROXIMATION;12351;263;6;1672694748037;0.0
APPROXIMATION;12352;263;6;1672694748037;0.0
APPROXIMATION;12346;263;7;1672694748038;0.0
APPROXIMATION;12345;263;7;1672694748038;0.0
APPROXIMATION;12348;263;7;1672694748038;0.0
APPROXIMATION;12349;263;7;1672694748038;0.0
APPROXIMATION;12350;263;7;1672694748038;0.0
APPROXIMATION;12351;263;7;1672694748038;0.0
APPROXIMATION;12352;263;7;1672694748038;0.0
APPROXIMATION;12346;263;8;1672694748038;0.0
APPROXIMATION;12348;263;8;1672694748038;0.0
APPROXIMATION;12349;263;8;1672694748038;0.0
APPROXIMATION;12345;263;8;1672694748038;0.0
APPROXIMATION;12350;263;8;1672694748038;0.0
APPROXIMATION;12351;263;8;1672694748038;0.0
APPROXIMATION;12352;263;8;1672694748038;0.0
APPROXIMATION;12346;263;9;1672694748038;0.0
APPROXIMATION;12349;263;9;1672694748038;0.0
APPROXIMATION;12351;263;9;1672694748038;0.0
APPROXIMATION;12348;263;9;1672694748038;0.0
APPROXIMATION;12350;263;9;1672694748038;0.0
APPROXIMATION;12352;263;9;1672694748038;0.0
APPROXIMATION;12345;263;9;1672694748039;0.0
APPROXIMATION;12346;263;10;1672694748039;0.0
APPROXIMATION;12349;263;10;1672694748039;0.0
APPROXIMATION;12350;263;10;1672694748039;0.0
APPROXIMATION;12348;263;10;1672694748039;0.0
APPROXIMATION;12351;263;10;1672694748039;0.0
APPROXIMATION;12352;263;10;1672694748039;0.0
APPROXIMATION;12345;263;10;1672694748039;0.0
APPROXIMATION;12346;263;11;1672694748039;0.0
APPROXIMATION;12349;263;11;1672694748039;0.0
APPROXIMATION;12348;263;11;1672694748039;0.0
APPROXIMATION;12350;263;11;1672694748039;0.0
APPROXIMATION;12351;263;11;1672694748039;0.0
APPROXIMATION;12345;263;11;1672694748040;0.0
APPROXIMATION;12352;263;11;1672694748040;0.0
APPROXIMATION;12346;263;12;1672694748040;0.0
APPROXIMATION;12348;263;12;1672694748040;0.0
APPROXIMATION;12349;263;12;1672694748040;0.0
APPROXIMATION;12350;263;12;1672694748040;0.0
APPROXIMATION;12351;263;12;1672694748040;0.0
APPROXIMATION;12352;263;12;1672694748040;0.0
APPROXIMATION;12345;263;12;1672694748040;0.0
APPROXIMATION;12346;263;13;1672694748040;0.0
APPROXIMATION;12348;263;13;1672694748040;0.0
APPROXIMATION;12349;263;13;1672694748040;0.0
APPROXIMATION;12351;263;13;1672694748040;0.0
APPROXIMATION;12350;263;13;1672694748040;0.0
APPROXIMATION;12352;263;13;1672694748040;0.0
APPROXIMATION;12345;263;13;1672694748040;0.0
HALTED;12346;263;14;1672694748041;0.0
HALTED;12348;263;14;1672694748041;0.0
HALTED;12349;263;14;1672694748041;0.0
HALTED;12350;263;14;1672694748041;0.0
HALTED;12351;263;14;1672694748041;0.0
HALTED;12352;263;14;1672694748041;0.0
HALTED;12345;263;14;1672694748041;0.0
INITIALIZATION;12345;264;0;1672694748142;0.0
INITIALIZATION;12346;264;0;1672694748142;0.0
INITIALIZATION;12348;264;0;1672694748142;0.0
INITIALIZATION;12349;264;0;1672694748143;0.0
INITIALIZATION;12351;264;0;1672694748143;0.0
INITIALIZATION;12352;264;0;1672694748143;0.0
INITIALIZATION;12350;264;0;1672694748143;0.0
APPROXIMATION;12345;264;1;1672694748143;0.0
APPROXIMATION;12349;264;1;1672694748143;0.0
APPROXIMATION;12348;264;1;1672694748143;0.0
APPROXIMATION;12350;264;1;1672694748143;0.0
APPROXIMATION;12346;264;1;1672694748144;0.0
APPROXIMATION;12352;264;1;1672694748144;0.0
APPROXIMATION;12351;264;1;1672694748144;0.0
APPROXIMATION;12345;264;2;1672694748144;0.0
APPROXIMATION;12348;264;2;1672694748144;0.0
APPROXIMATION;12346;264;2;1672694748144;0.0
APPROXIMATION;12349;264;2;1672694748144;0.0
APPROXIMATION;12351;264;2;1672694748144;0.0
APPROXIMATION;12350;264;2;1672694748144;0.0
APPROXIMATION;12352;264;2;1672694748144;0.0
APPROXIMATION;12345;264;3;1672694748144;0.0
APPROXIMATION;12346;264;3;1672694748145;0.0
APPROXIMATION;12352;264;3;1672694748145;0.0
APPROXIMATION;12350;264;3;1672694748145;0.0
APPROXIMATION;12351;264;3;1672694748145;0.0
APPROXIMATION;12348;264;3;1672694748190;0.0
APPROXIMATION;12349;264;3;1672694748190;0.0
APPROXIMATION;12345;264;4;1672694748190;0.0
APPROXIMATION;12346;264;4;1672694748190;0.0
APPROXIMATION;12350;264;4;1672694748190;0.0
APPROXIMATION;12351;264;4;1672694748190;0.0
APPROXIMATION;12348;264;4;1672694748190;0.0
APPROXIMATION;12345;264;5;1672694748190;0.0
APPROXIMATION;12349;264;4;1672694748190;0.0
APPROXIMATION;12352;264;4;1672694748190;0.0
APPROXIMATION;12346;264;5;1672694748190;0.0
APPROXIMATION;12348;264;5;1672694748191;0.0
APPROXIMATION;12349;264;5;1672694748191;0.0
APPROXIMATION;12351;264;5;1672694748191;0.0
APPROXIMATION;12350;264;5;1672694748191;0.0
APPROXIMATION;12352;264;5;1672694748191;0.0
APPROXIMATION;12345;264;6;1672694748191;0.0
APPROXIMATION;12346;264;6;1672694748191;0.0
APPROXIMATION;12348;264;6;1672694748191;0.0
APPROXIMATION;12350;264;6;1672694748191;0.0
APPROXIMATION;12349;264;6;1672694748191;0.0
APPROXIMATION;12352;264;6;1672694748191;0.0
APPROXIMATION;12345;264;7;1672694748191;0.0
APPROXIMATION;12349;264;7;1672694748239;0.0
APPROXIMATION;12348;264;7;1672694748239;0.0
APPROXIMATION;12351;264;6;1672694748239;0.0
APPROXIMATION;12350;264;7;1672694748239;0.0
APPROXIMATION;12352;264;7;1672694748239;0.0
APPROXIMATION;12346;264;7;1672694748240;0.0
APPROXIMATION;12351;264;7;1672694748240;0.0
APPROXIMATION;12345;264;8;1672694748240;0.0
APPROXIMATION;12346;264;8;1672694748240;0.0
APPROXIMATION;12348;264;8;1672694748240;0.0
APPROXIMATION;12349;264;8;1672694748240;0.0
APPROXIMATION;12351;264;8;1672694748240;0.0
APPROXIMATION;12350;264;8;1672694748240;0.0
APPROXIMATION;12345;264;9;1672694748241;0.0
APPROXIMATION;12352;264;8;1672694748241;0.0
APPROXIMATION;12346;264;9;1672694748241;0.0
APPROXIMATION;12348;264;9;1672694748242;0.0
APPROXIMATION;12349;264;9;1672694748242;0.0
APPROXIMATION;12350;264;9;1672694748242;0.0
APPROXIMATION;12352;264;9;1672694748242;0.0
APPROXIMATION;12351;264;9;1672694748242;0.0
APPROXIMATION;12345;264;10;1672694748242;0.0
APPROXIMATION;12346;264;10;1672694748242;0.0
APPROXIMATION;12352;264;10;1672694748242;0.0
APPROXIMATION;12348;264;10;1672694748243;0.0
APPROXIMATION;12349;264;10;1672694748243;0.0
APPROXIMATION;12345;264;11;1672694748243;0.0
APPROXIMATION;12351;264;10;1672694748243;0.0
APPROXIMATION;12350;264;10;1672694748243;0.0
APPROXIMATION;12346;264;11;1672694748243;0.0
APPROXIMATION;12351;264;11;1672694748243;0.0
APPROXIMATION;12352;264;11;1672694748243;0.0
APPROXIMATION;12348;264;11;1672694748243;0.0
APPROXIMATION;12350;264;11;1672694748243;0.0
APPROXIMATION;12349;264;11;1672694748243;0.0
APPROXIMATION;12345;264;12;1672694748243;0.0
APPROXIMATION;12348;264;12;1672694748244;0.0
APPROXIMATION;12346;264;12;1672694748244;0.0
APPROXIMATION;12350;264;12;1672694748244;0.0
APPROXIMATION;12351;264;12;1672694748244;0.0
APPROXIMATION;12352;264;12;1672694748244;0.0
APPROXIMATION;12349;264;12;1672694748244;0.0
APPROXIMATION;12345;264;13;1672694748244;0.0
APPROXIMATION;12346;264;13;1672694748244;0.0
APPROXIMATION;12348;264;13;1672694748244;0.0
APPROXIMATION;12350;264;13;1672694748244;0.0
APPROXIMATION;12351;264;13;1672694748244;0.0
APPROXIMATION;12352;264;13;1672694748244;0.0
APPROXIMATION;12349;264;13;1672694748244;0.0
HALTED;12345;264;14;1672694748244;0.0
HALTED;12346;264;14;1672694748244;0.0
HALTED;12348;264;14;1672694748245;0.0
HALTED;12351;264;14;1672694748245;0.0
HALTED;12350;264;14;1672694748245;0.0
HALTED;12352;264;14;1672694748245;0.0
HALTED;12349;264;14;1672694748245;0.0
INITIALIZATION;12345;265;0;1672694748345;0.0
INITIALIZATION;12346;265;0;1672694748346;0.0
INITIALIZATION;12348;265;0;1672694748346;0.0
INITIALIZATION;12349;265;0;1672694748346;0.0
INITIALIZATION;12350;265;0;1672694748346;0.0
INITIALIZATION;12351;265;0;1672694748346;0.0
INITIALIZATION;12352;265;0;1672694748346;0.0
APPROXIMATION;12346;265;1;1672694748346;0.0
APPROXIMATION;12345;265;1;1672694748347;0.0
APPROXIMATION;12350;265;1;1672694748347;0.0
APPROXIMATION;12351;265;1;1672694748347;0.0
APPROXIMATION;12348;265;1;1672694748347;0.0
APPROXIMATION;12352;265;1;1672694748347;0.0
APPROXIMATION;12349;265;1;1672694748347;0.0
APPROXIMATION;12345;265;2;1672694748347;0.0
APPROXIMATION;12349;265;2;1672694748348;0.0
APPROXIMATION;12350;265;2;1672694748348;0.0
APPROXIMATION;12346;265;2;1672694748348;0.0
APPROXIMATION;12351;265;2;1672694748348;0.0
APPROXIMATION;12352;265;2;1672694748348;0.0
APPROXIMATION;12348;265;2;1672694748348;0.0
APPROXIMATION;12349;265;3;1672694748348;0.0
APPROXIMATION;12348;265;3;1672694748348;0.0
APPROXIMATION;12350;265;3;1672694748348;0.0
APPROXIMATION;12351;265;3;1672694748348;0.0
APPROXIMATION;12352;265;3;1672694748348;0.0
APPROXIMATION;12346;265;3;1672694748390;0.0
APPROXIMATION;12345;265;3;1672694748390;0.0
APPROXIMATION;12348;265;4;1672694748390;0.0
APPROXIMATION;12349;265;4;1672694748390;0.0
APPROXIMATION;12350;265;4;1672694748390;0.0
APPROXIMATION;12346;265;4;1672694748390;0.0
APPROXIMATION;12351;265;4;1672694748390;0.0
APPROXIMATION;12352;265;4;1672694748390;0.0
APPROXIMATION;12345;265;4;1672694748390;0.0
APPROXIMATION;12348;265;5;1672694748390;0.0
APPROXIMATION;12349;265;5;1672694748390;0.0
APPROXIMATION;12345;265;5;1672694748391;0.0
APPROXIMATION;12350;265;5;1672694748391;0.0
APPROXIMATION;12351;265;5;1672694748391;0.0
APPROXIMATION;12346;265;5;1672694748391;0.0
APPROXIMATION;12352;265;5;1672694748391;0.0
APPROXIMATION;12345;265;6;1672694748391;0.0
APPROXIMATION;12348;265;6;1672694748391;0.0
APPROXIMATION;12350;265;6;1672694748391;0.0
APPROXIMATION;12351;265;6;1672694748391;0.0
APPROXIMATION;12352;265;6;1672694748391;0.0
APPROXIMATION;12349;265;6;1672694748391;0.0
APPROXIMATION;12346;265;6;1672694748392;0.0
APPROXIMATION;12345;265;7;1672694748392;0.0
APPROXIMATION;12348;265;7;1672694748392;0.0
APPROXIMATION;12346;265;7;1672694748392;0.0
APPROXIMATION;12349;265;7;1672694748392;0.0
APPROXIMATION;12350;265;7;1672694748392;0.0
APPROXIMATION;12351;265;7;1672694748392;0.0
APPROXIMATION;12352;265;7;1672694748392;0.0
APPROXIMATION;12345;265;8;1672694748392;0.0
APPROXIMATION;12348;265;8;1672694748392;0.0
APPROXIMATION;12346;265;8;1672694748392;0.0
APPROXIMATION;12349;265;8;1672694748392;0.0
APPROXIMATION;12350;265;8;1672694748393;0.0
APPROXIMATION;12351;265;8;1672694748393;0.0
APPROXIMATION;12352;265;8;1672694748393;0.0
APPROXIMATION;12345;265;9;1672694748393;0.0
APPROXIMATION;12348;265;9;1672694748393;0.0
APPROXIMATION;12346;265;9;1672694748393;0.0
APPROXIMATION;12349;265;9;1672694748393;0.0
APPROXIMATION;12350;265;9;1672694748393;0.0
APPROXIMATION;12351;265;9;1672694748393;0.0
APPROXIMATION;12352;265;9;1672694748393;0.0
APPROXIMATION;12345;265;10;1672694748393;0.0
APPROXIMATION;12350;265;10;1672694748393;0.0
APPROXIMATION;12348;265;10;1672694748393;0.0
APPROXIMATION;12346;265;10;1672694748393;0.0
APPROXIMATION;12351;265;10;1672694748393;0.0
APPROXIMATION;12349;265;10;1672694748393;0.0
APPROXIMATION;12352;265;10;1672694748393;0.0
APPROXIMATION;12345;265;11;1672694748393;0.0
APPROXIMATION;12350;265;11;1672694748394;0.0
APPROXIMATION;12351;265;11;1672694748394;0.0
APPROXIMATION;12346;265;11;1672694748394;0.0
APPROXIMATION;12352;265;11;1672694748394;0.0
APPROXIMATION;12348;265;11;1672694748394;0.0
APPROXIMATION;12349;265;11;1672694748394;0.0
APPROXIMATION;12345;265;12;1672694748394;0.0
APPROXIMATION;12350;265;12;1672694748394;0.0
APPROXIMATION;12351;265;12;1672694748394;0.0
APPROXIMATION;12352;265;12;1672694748394;0.0
APPROXIMATION;12346;265;12;1672694748394;0.0
APPROXIMATION;12348;265;12;1672694748394;0.0
APPROXIMATION;12349;265;12;1672694748394;0.0
APPROXIMATION;12345;265;13;1672694748394;0.0
APPROXIMATION;12346;265;13;1672694748394;0.0
APPROXIMATION;12350;265;13;1672694748395;0.0
APPROXIMATION;12351;265;13;1672694748395;0.0
APPROXIMATION;12348;265;13;1672694748395;0.0
APPROXIMATION;12352;265;13;1672694748395;0.0
APPROXIMATION;12349;265;13;1672694748395;0.0
HALTED;12345;265;14;1672694748395;0.0
HALTED;12346;265;14;1672694748395;0.0
HALTED;12351;265;14;1672694748395;0.0
HALTED;12350;265;14;1672694748395;0.0
HALTED;12352;265;14;1672694748395;0.0
HALTED;12348;265;14;1672694748395;0.0
HALTED;12349;265;14;1672694748395;0.0
INITIALIZATION;12345;266;0;1672694748495;0.0
INITIALIZATION;12346;266;0;1672694748496;0.0
INITIALIZATION;12348;266;0;1672694748496;0.0
INITIALIZATION;12349;266;0;1672694748496;0.0
INITIALIZATION;12351;266;0;1672694748496;0.0
INITIALIZATION;12350;266;0;1672694748496;0.0
INITIALIZATION;12352;266;0;1672694748497;0.0
APPROXIMATION;12345;266;1;1672694748497;0.0
APPROXIMATION;12346;266;1;1672694748497;0.0
APPROXIMATION;12352;266;1;1672694748497;0.0
APPROXIMATION;12348;266;1;1672694748497;0.0
APPROXIMATION;12351;266;1;1672694748498;0.0
APPROXIMATION;12349;266;1;1672694748498;0.0
APPROXIMATION;12350;266;1;1672694748498;0.0
APPROXIMATION;12345;266;2;1672694748498;0.0
APPROXIMATION;12351;266;2;1672694748498;0.0
APPROXIMATION;12352;266;2;1672694748498;0.0
APPROXIMATION;12348;266;2;1672694748498;0.0
APPROXIMATION;12349;266;2;1672694748498;0.0
APPROXIMATION;12350;266;2;1672694748498;0.0
APPROXIMATION;12345;266;3;1672694748499;0.0
APPROXIMATION;12351;266;3;1672694748499;0.0
APPROXIMATION;12352;266;3;1672694748499;0.0
APPROXIMATION;12346;266;2;1672694748539;0.0
APPROXIMATION;12349;266;3;1672694748539;0.0
APPROXIMATION;12346;266;3;1672694748539;0.0
APPROXIMATION;12348;266;3;1672694748540;0.0
APPROXIMATION;12350;266;3;1672694748540;0.0
APPROXIMATION;12345;266;4;1672694748540;0.0
APPROXIMATION;12346;266;4;1672694748540;0.0
APPROXIMATION;12350;266;4;1672694748540;0.0
APPROXIMATION;12349;266;4;1672694748540;0.0
APPROXIMATION;12345;266;5;1672694748540;0.0
APPROXIMATION;12351;266;4;1672694748540;0.0
APPROXIMATION;12348;266;4;1672694748540;0.0
APPROXIMATION;12352;266;4;1672694748540;0.0
APPROXIMATION;12349;266;5;1672694748541;0.0
APPROXIMATION;12351;266;5;1672694748541;0.0
APPROXIMATION;12346;266;5;1672694748541;0.0
APPROXIMATION;12352;266;5;1672694748541;0.0
APPROXIMATION;12345;266;6;1672694748541;0.0
APPROXIMATION;12348;266;5;1672694748541;0.0
APPROXIMATION;12350;266;5;1672694748541;0.0
APPROXIMATION;12351;266;6;1672694748541;0.0
APPROXIMATION;12349;266;6;1672694748542;0.0
APPROXIMATION;12346;266;6;1672694748542;0.0
APPROXIMATION;12352;266;6;1672694748542;0.0
APPROXIMATION;12348;266;6;1672694748542;0.0
APPROXIMATION;12350;266;6;1672694748542;0.0
APPROXIMATION;12345;266;7;1672694748542;0.0
APPROXIMATION;12348;266;7;1672694748542;0.0
APPROXIMATION;12346;266;7;1672694748542;0.0
APPROXIMATION;12350;266;7;1672694748542;0.0
APPROXIMATION;12351;266;7;1672694748542;0.0
APPROXIMATION;12352;266;7;1672694748542;0.0
APPROXIMATION;12349;266;7;1672694748542;0.0
APPROXIMATION;12345;266;8;1672694748542;0.0
APPROXIMATION;12346;266;8;1672694748542;0.0
APPROXIMATION;12348;266;8;1672694748543;0.0
APPROXIMATION;12350;266;8;1672694748543;0.0
APPROXIMATION;12352;266;8;1672694748543;0.0
APPROXIMATION;12351;266;8;1672694748543;0.0
APPROXIMATION;12349;266;8;1672694748543;0.0
APPROXIMATION;12345;266;9;1672694748543;0.0
APPROXIMATION;12346;266;9;1672694748543;0.0
APPROXIMATION;12348;266;9;1672694748543;0.0
APPROXIMATION;12350;266;9;1672694748543;0.0
APPROXIMATION;12351;266;9;1672694748543;0.0
APPROXIMATION;12352;266;9;1672694748543;0.0
APPROXIMATION;12349;266;9;1672694748543;0.0
APPROXIMATION;12345;266;10;1672694748543;0.0
APPROXIMATION;12346;266;10;1672694748543;0.0
APPROXIMATION;12348;266;10;1672694748543;0.0
APPROXIMATION;12351;266;10;1672694748543;0.0
APPROXIMATION;12350;266;10;1672694748543;0.0
APPROXIMATION;12352;266;10;1672694748544;0.0
APPROXIMATION;12349;266;10;1672694748544;0.0
APPROXIMATION;12345;266;11;1672694748544;0.0
APPROXIMATION;12346;266;11;1672694748544;0.0
APPROXIMATION;12348;266;11;1672694748544;0.0
APPROXIMATION;12350;266;11;1672694748544;0.0
APPROXIMATION;12351;266;11;1672694748544;0.0
APPROXIMATION;12352;266;11;1672694748544;0.0
APPROXIMATION;12349;266;11;1672694748544;0.0
APPROXIMATION;12345;266;12;1672694748544;0.0
APPROXIMATION;12346;266;12;1672694748544;0.0
APPROXIMATION;12348;266;12;1672694748544;0.0
APPROXIMATION;12350;266;12;1672694748544;0.0
APPROXIMATION;12351;266;12;1672694748544;0.0
APPROXIMATION;12352;266;12;1672694748544;0.0
APPROXIMATION;12349;266;12;1672694748544;0.0
APPROXIMATION;12345;266;13;1672694748544;0.0
APPROXIMATION;12346;266;13;1672694748545;0.0
APPROXIMATION;12348;266;13;1672694748545;0.0
APPROXIMATION;12351;266;13;1672694748545;0.0
APPROXIMATION;12350;266;13;1672694748545;0.0
APPROXIMATION;12352;266;13;1672694748545;0.0
APPROXIMATION;12349;266;13;1672694748545;0.0
HALTED;12345;266;14;1672694748545;0.0
HALTED;12346;266;14;1672694748545;0.0
HALTED;12348;266;14;1672694748545;0.0
HALTED;12350;266;14;1672694748545;0.0
HALTED;12351;266;14;1672694748545;0.0
HALTED;12352;266;14;1672694748545;0.0
HALTED;12349;266;14;1672694748545;0.0
INITIALIZATION;12345;267;0;1672694748646;0.0
INITIALIZATION;12346;267;0;1672694748646;0.0
INITIALIZATION;12348;267;0;1672694748646;0.0
INITIALIZATION;12349;267;0;1672694748646;0.0
INITIALIZATION;12350;267;0;1672694748646;0.0
INITIALIZATION;12351;267;0;1672694748646;0.0
INITIALIZATION;12352;267;0;1672694748646;0.0
APPROXIMATION;12345;267;1;1672694748647;0.0
APPROXIMATION;12346;267;1;1672694748647;0.0
APPROXIMATION;12348;267;1;1672694748647;0.0
APPROXIMATION;12350;267;1;1672694748647;0.0
APPROXIMATION;12349;267;1;1672694748647;0.0
APPROXIMATION;12351;267;1;1672694748647;0.0
APPROXIMATION;12352;267;1;1672694748647;0.0
APPROXIMATION;12346;267;2;1672694748647;0.0
APPROXIMATION;12348;267;2;1672694748647;0.0
APPROXIMATION;12349;267;2;1672694748647;0.0
APPROXIMATION;12350;267;2;1672694748647;0.0
APPROXIMATION;12351;267;2;1672694748647;0.0
APPROXIMATION;12352;267;2;1672694748648;0.0
APPROXIMATION;12350;267;3;1672694748648;0.0
APPROXIMATION;12352;267;3;1672694748689;0.0
APPROXIMATION;12349;267;3;1672694748689;0.0
APPROXIMATION;12345;267;2;1672694748689;0.0
APPROXIMATION;12348;267;3;1672694748690;0.0
APPROXIMATION;12351;267;3;1672694748690;0.0
APPROXIMATION;12345;267;3;1672694748690;0.0
APPROXIMATION;12346;267;3;1672694748690;0.0
APPROXIMATION;12348;267;4;1672694748690;0.0
APPROXIMATION;12346;267;4;1672694748690;0.0
APPROXIMATION;12345;267;4;1672694748690;0.0
APPROXIMATION;12349;267;4;1672694748690;0.0
APPROXIMATION;12350;267;4;1672694748690;0.0
APPROXIMATION;12351;267;4;1672694748690;0.0
APPROXIMATION;12352;267;4;1672694748690;0.0
APPROXIMATION;12346;267;5;1672694748690;0.0
APPROXIMATION;12348;267;5;1672694748691;0.0
APPROXIMATION;12345;267;5;1672694748691;0.0
APPROXIMATION;12350;267;5;1672694748691;0.0
APPROXIMATION;12349;267;5;1672694748691;0.0
APPROXIMATION;12351;267;5;1672694748691;0.0
APPROXIMATION;12352;267;5;1672694748691;0.0
APPROXIMATION;12345;267;6;1672694748691;0.0
APPROXIMATION;12346;267;6;1672694748691;0.0
APPROXIMATION;12350;267;6;1672694748691;0.0
APPROXIMATION;12352;267;6;1672694748691;0.0
APPROXIMATION;12349;267;6;1672694748691;0.0
APPROXIMATION;12351;267;6;1672694748740;0.0
APPROXIMATION;12348;267;6;1672694748740;0.0
APPROXIMATION;12345;267;7;1672694748740;0.0
APPROXIMATION;12346;267;7;1672694748740;0.0
APPROXIMATION;12349;267;7;1672694748740;0.0
APPROXIMATION;12352;267;7;1672694748740;0.0
APPROXIMATION;12351;267;7;1672694748741;0.0
APPROXIMATION;12350;267;7;1672694748741;0.0
APPROXIMATION;12348;267;7;1672694748741;0.0
APPROXIMATION;12345;267;8;1672694748741;0.0
APPROXIMATION;12346;267;8;1672694748741;0.0
APPROXIMATION;12348;267;8;1672694748741;0.0
APPROXIMATION;12349;267;8;1672694748741;0.0
APPROXIMATION;12350;267;8;1672694748741;0.0
APPROXIMATION;12352;267;8;1672694748741;0.0
APPROXIMATION;12351;267;8;1672694748741;0.0
APPROXIMATION;12345;267;9;1672694748741;0.0
APPROXIMATION;12346;267;9;1672694748741;0.0
APPROXIMATION;12348;267;9;1672694748741;0.0
APPROXIMATION;12349;267;9;1672694748741;0.0
APPROXIMATION;12350;267;9;1672694748741;0.0
APPROXIMATION;12351;267;9;1672694748741;0.0
APPROXIMATION;12352;267;9;1672694748741;0.0
APPROXIMATION;12345;267;10;1672694748742;0.0
APPROXIMATION;12348;267;10;1672694748742;0.0
APPROXIMATION;12350;267;10;1672694748742;0.0
APPROXIMATION;12349;267;10;1672694748742;0.0
APPROXIMATION;12346;267;10;1672694748742;0.0
APPROXIMATION;12351;267;10;1672694748742;0.0
APPROXIMATION;12352;267;10;1672694748742;0.0
APPROXIMATION;12345;267;11;1672694748742;0.0
APPROXIMATION;12346;267;11;1672694748742;0.0
APPROXIMATION;12348;267;11;1672694748742;0.0
APPROXIMATION;12349;267;11;1672694748742;0.0
APPROXIMATION;12352;267;11;1672694748742;0.0
APPROXIMATION;12350;267;11;1672694748743;0.0
APPROXIMATION;12351;267;11;1672694748743;0.0
APPROXIMATION;12345;267;12;1672694748743;0.0
APPROXIMATION;12346;267;12;1672694748743;0.0
APPROXIMATION;12348;267;12;1672694748743;0.0
APPROXIMATION;12351;267;12;1672694748743;0.0
APPROXIMATION;12349;267;12;1672694748743;0.0
APPROXIMATION;12350;267;12;1672694748743;0.0
APPROXIMATION;12352;267;12;1672694748743;0.0
APPROXIMATION;12346;267;13;1672694748743;0.0
APPROXIMATION;12345;267;13;1672694748743;0.0
APPROXIMATION;12348;267;13;1672694748743;0.0
APPROXIMATION;12351;267;13;1672694748743;0.0
APPROXIMATION;12350;267;13;1672694748743;0.0
APPROXIMATION;12349;267;13;1672694748743;0.0
APPROXIMATION;12352;267;13;1672694748743;0.0
HALTED;12346;267;14;1672694748743;0.0
HALTED;12345;267;14;1672694748744;0.0
HALTED;12348;267;14;1672694748744;0.0
HALTED;12351;267;14;1672694748744;0.0
HALTED;12350;267;14;1672694748744;0.0
HALTED;12352;267;14;1672694748744;0.0
HALTED;12349;267;14;1672694748744;0.0
INITIALIZATION;12345;268;0;1672694748844;0.0
INITIALIZATION;12346;268;0;1672694748845;0.0
INITIALIZATION;12348;268;0;1672694748845;0.0
INITIALIZATION;12349;268;0;1672694748845;0.0
INITIALIZATION;12350;268;0;1672694748845;0.0
INITIALIZATION;12351;268;0;1672694748845;0.0
APPROXIMATION;12345;268;1;1672694748845;0.0
INITIALIZATION;12352;268;0;1672694748845;0.0
APPROXIMATION;12346;268;1;1672694748846;0.0
APPROXIMATION;12348;268;1;1672694748846;0.0
APPROXIMATION;12350;268;1;1672694748846;0.0
APPROXIMATION;12351;268;1;1672694748846;0.0
APPROXIMATION;12352;268;1;1672694748846;0.0
APPROXIMATION;12349;268;1;1672694748846;0.0
APPROXIMATION;12345;268;2;1672694748846;0.0
APPROXIMATION;12346;268;2;1672694748846;0.0
APPROXIMATION;12348;268;2;1672694748847;0.0
APPROXIMATION;12351;268;2;1672694748847;0.0
APPROXIMATION;12352;268;2;1672694748847;0.0
APPROXIMATION;12349;268;2;1672694748847;0.0
APPROXIMATION;12350;268;2;1672694748847;0.0
APPROXIMATION;12345;268;3;1672694748847;0.0
APPROXIMATION;12346;268;3;1672694748847;0.0
APPROXIMATION;12348;268;3;1672694748847;0.0
APPROXIMATION;12349;268;3;1672694748847;0.0
APPROXIMATION;12352;268;3;1672694748847;0.0
APPROXIMATION;12351;268;3;1672694748847;0.0
APPROXIMATION;12350;268;3;1672694748847;0.0
APPROXIMATION;12345;268;4;1672694748847;0.0
APPROXIMATION;12346;268;4;1672694748848;0.0
APPROXIMATION;12352;268;4;1672694748848;0.0
APPROXIMATION;12349;268;4;1672694748848;0.0
APPROXIMATION;12351;268;4;1672694748848;0.0
APPROXIMATION;12348;268;4;1672694748848;0.0
APPROXIMATION;12350;268;4;1672694748848;0.0
APPROXIMATION;12345;268;5;1672694748848;0.0
APPROXIMATION;12346;268;5;1672694748848;0.0
APPROXIMATION;12351;268;5;1672694748848;0.0
APPROXIMATION;12350;268;5;1672694748848;0.0
APPROXIMATION;12352;268;5;1672694748848;0.0
APPROXIMATION;12349;268;5;1672694748848;0.0
APPROXIMATION;12348;268;5;1672694748848;0.0
APPROXIMATION;12346;268;6;1672694748848;0.0
APPROXIMATION;12345;268;6;1672694748848;0.0
APPROXIMATION;12349;268;6;1672694748849;0.0
APPROXIMATION;12350;268;6;1672694748849;0.0
APPROXIMATION;12351;268;6;1672694748849;0.0
APPROXIMATION;12352;268;6;1672694748849;0.0
APPROXIMATION;12348;268;6;1672694748849;0.0
APPROXIMATION;12346;268;7;1672694748849;0.0
APPROXIMATION;12345;268;7;1672694748849;0.0
APPROXIMATION;12349;268;7;1672694748849;0.0
APPROXIMATION;12350;268;7;1672694748849;0.0
APPROXIMATION;12351;268;7;1672694748849;0.0
APPROXIMATION;12352;268;7;1672694748849;0.0
APPROXIMATION;12348;268;7;1672694748849;0.0
APPROXIMATION;12346;268;8;1672694748849;0.0
APPROXIMATION;12345;268;8;1672694748849;0.0
APPROXIMATION;12349;268;8;1672694748850;0.0
APPROXIMATION;12350;268;8;1672694748850;0.0
APPROXIMATION;12351;268;8;1672694748850;0.0
APPROXIMATION;12352;268;8;1672694748850;0.0
APPROXIMATION;12348;268;8;1672694748850;0.0
APPROXIMATION;12346;268;9;1672694748850;0.0
APPROXIMATION;12345;268;9;1672694748850;0.0
APPROXIMATION;12349;268;9;1672694748850;0.0
APPROXIMATION;12350;268;9;1672694748850;0.0
APPROXIMATION;12351;268;9;1672694748850;0.0
APPROXIMATION;12352;268;9;1672694748850;0.0
APPROXIMATION;12348;268;9;1672694748850;0.0
APPROXIMATION;12346;268;10;1672694748850;0.0
APPROXIMATION;12345;268;10;1672694748850;0.0
APPROXIMATION;12349;268;10;1672694748850;0.0
APPROXIMATION;12350;268;10;1672694748851;0.0
APPROXIMATION;12351;268;10;1672694748851;0.0
APPROXIMATION;12352;268;10;1672694748851;0.0
APPROXIMATION;12348;268;10;1672694748851;0.0
APPROXIMATION;12346;268;11;1672694748851;0.0
APPROXIMATION;12345;268;11;1672694748851;0.0
APPROXIMATION;12349;268;11;1672694748851;0.0
APPROXIMATION;12350;268;11;1672694748851;0.0
APPROXIMATION;12351;268;11;1672694748851;0.0
APPROXIMATION;12352;268;11;1672694748851;0.0
APPROXIMATION;12348;268;11;1672694748851;0.0
APPROXIMATION;12346;268;12;1672694748851;0.0
APPROXIMATION;12345;268;12;1672694748851;0.0
APPROXIMATION;12349;268;12;1672694748851;0.0
APPROXIMATION;12350;268;12;1672694748851;0.0
APPROXIMATION;12351;268;12;1672694748851;0.0
APPROXIMATION;12352;268;12;1672694748852;0.0
APPROXIMATION;12348;268;12;1672694748852;0.0
APPROXIMATION;12346;268;13;1672694748852;0.0
APPROXIMATION;12349;268;13;1672694748852;0.0
APPROXIMATION;12345;268;13;1672694748852;0.0
APPROXIMATION;12350;268;13;1672694748852;0.0
APPROXIMATION;12351;268;13;1672694748852;0.0
APPROXIMATION;12352;268;13;1672694748852;0.0
APPROXIMATION;12348;268;13;1672694748852;0.0
HALTED;12346;268;14;1672694748852;0.0
HALTED;12349;268;14;1672694748852;0.0
HALTED;12345;268;14;1672694748852;0.0
HALTED;12350;268;14;1672694748852;0.0
HALTED;12351;268;14;1672694748852;0.0
HALTED;12352;268;14;1672694748852;0.0
HALTED;12348;268;14;1672694748852;0.0
INITIALIZATION;12345;269;0;1672694748953;0.0
INITIALIZATION;12346;269;0;1672694748954;0.0
INITIALIZATION;12348;269;0;1672694748954;0.0
INITIALIZATION;12349;269;0;1672694748954;0.0
INITIALIZATION;12350;269;0;1672694748954;0.0
INITIALIZATION;12351;269;0;1672694748954;0.0
INITIALIZATION;12352;269;0;1672694748954;0.0
APPROXIMATION;12345;269;1;1672694748954;0.0
APPROXIMATION;12346;269;1;1672694748954;0.0
APPROXIMATION;12348;269;1;1672694748954;0.0
APPROXIMATION;12351;269;1;1672694748955;0.0
APPROXIMATION;12352;269;1;1672694748955;0.0
APPROXIMATION;12350;269;1;1672694748955;0.0
APPROXIMATION;12345;269;2;1672694748955;0.0
APPROXIMATION;12349;269;1;1672694748955;0.0
APPROXIMATION;12346;269;2;1672694748955;0.0
APPROXIMATION;12348;269;2;1672694748955;0.0
APPROXIMATION;12349;269;2;1672694748955;0.0
APPROXIMATION;12345;269;3;1672694748955;0.0
APPROXIMATION;12350;269;2;1672694748955;0.0
APPROXIMATION;12351;269;2;1672694748955;0.0
APPROXIMATION;12352;269;2;1672694748955;0.0
APPROXIMATION;12346;269;3;1672694748956;0.0
APPROXIMATION;12348;269;3;1672694748956;0.0
APPROXIMATION;12345;269;4;1672694748956;0.0
APPROXIMATION;12349;269;3;1672694748956;0.0
APPROXIMATION;12350;269;3;1672694748956;0.0
APPROXIMATION;12351;269;3;1672694748956;0.0
APPROXIMATION;12352;269;3;1672694748956;0.0
APPROXIMATION;12346;269;4;1672694748956;0.0
APPROXIMATION;12348;269;4;1672694748956;0.0
APPROXIMATION;12349;269;4;1672694748956;0.0
APPROXIMATION;12345;269;5;1672694748956;0.0
APPROXIMATION;12350;269;4;1672694748956;0.0
APPROXIMATION;12351;269;4;1672694748956;0.0
APPROXIMATION;12352;269;4;1672694748956;0.0
APPROXIMATION;12346;269;5;1672694748957;0.0
APPROXIMATION;12348;269;5;1672694748957;0.0
APPROXIMATION;12349;269;5;1672694748957;0.0
APPROXIMATION;12350;269;5;1672694748957;0.0
APPROXIMATION;12345;269;6;1672694748957;0.0
APPROXIMATION;12351;269;5;1672694748957;0.0
APPROXIMATION;12352;269;5;1672694748957;0.0
APPROXIMATION;12346;269;6;1672694748957;0.0
APPROXIMATION;12348;269;6;1672694748957;0.0
APPROXIMATION;12349;269;6;1672694748957;0.0
APPROXIMATION;12350;269;6;1672694748957;0.0
APPROXIMATION;12351;269;6;1672694748957;0.0
APPROXIMATION;12352;269;6;1672694748957;0.0
APPROXIMATION;12345;269;7;1672694748957;0.0
APPROXIMATION;12346;269;7;1672694748957;0.0
APPROXIMATION;12348;269;7;1672694748957;0.0
APPROXIMATION;12349;269;7;1672694748957;0.0
APPROXIMATION;12350;269;7;1672694748957;0.0
APPROXIMATION;12351;269;7;1672694748958;0.0
APPROXIMATION;12352;269;7;1672694748958;0.0
APPROXIMATION;12346;269;8;1672694748958;0.0
APPROXIMATION;12348;269;8;1672694748958;0.0
APPROXIMATION;12345;269;8;1672694748958;0.0
APPROXIMATION;12349;269;8;1672694748958;0.0
APPROXIMATION;12350;269;8;1672694748958;0.0
APPROXIMATION;12351;269;8;1672694748958;0.0
APPROXIMATION;12352;269;8;1672694748958;0.0
APPROXIMATION;12346;269;9;1672694748958;0.0
APPROXIMATION;12348;269;9;1672694748958;0.0
APPROXIMATION;12349;269;9;1672694748958;0.0
APPROXIMATION;12350;269;9;1672694748958;0.0
APPROXIMATION;12345;269;9;1672694748958;0.0
APPROXIMATION;12351;269;9;1672694748958;0.0
APPROXIMATION;12352;269;9;1672694748958;0.0
APPROXIMATION;12346;269;10;1672694748958;0.0
APPROXIMATION;12348;269;10;1672694748958;0.0
APPROXIMATION;12349;269;10;1672694748959;0.0
APPROXIMATION;12351;269;10;1672694748959;0.0
APPROXIMATION;12350;269;10;1672694748959;0.0
APPROXIMATION;12345;269;10;1672694748959;0.0
APPROXIMATION;12352;269;10;1672694748959;0.0
APPROXIMATION;12346;269;11;1672694748959;0.0
APPROXIMATION;12348;269;11;1672694748959;0.0
APPROXIMATION;12349;269;11;1672694748959;0.0
APPROXIMATION;12350;269;11;1672694748959;0.0
APPROXIMATION;12351;269;11;1672694748959;0.0
APPROXIMATION;12345;269;11;1672694748959;0.0
APPROXIMATION;12352;269;11;1672694748959;0.0
APPROXIMATION;12346;269;12;1672694748959;0.0
APPROXIMATION;12348;269;12;1672694748959;0.0
APPROXIMATION;12349;269;12;1672694748960;0.0
APPROXIMATION;12351;269;12;1672694748960;0.0
APPROXIMATION;12350;269;12;1672694748960;0.0
APPROXIMATION;12345;269;12;1672694748960;0.0
APPROXIMATION;12352;269;12;1672694748960;0.0
APPROXIMATION;12346;269;13;1672694748960;0.0
APPROXIMATION;12348;269;13;1672694748960;0.0
APPROXIMATION;12349;269;13;1672694748960;0.0
APPROXIMATION;12351;269;13;1672694748960;0.0
APPROXIMATION;12350;269;13;1672694748960;0.0
APPROXIMATION;12345;269;13;1672694748960;0.0
APPROXIMATION;12352;269;13;1672694748960;0.0
HALTED;12346;269;14;1672694748960;0.0
HALTED;12348;269;14;1672694748960;0.0
HALTED;12349;269;14;1672694748960;0.0
HALTED;12350;269;14;1672694748960;0.0
HALTED;12351;269;14;1672694748961;0.0
HALTED;12352;269;14;1672694748961;0.0
HALTED;12345;269;14;1672694748961;0.0
INITIALIZATION;12345;270;0;1672694749061;0.0
INITIALIZATION;12351;270;0;1672694749062;0.0
INITIALIZATION;12346;270;0;1672694749062;0.0
INITIALIZATION;12349;270;0;1672694749063;0.0
INITIALIZATION;12352;270;0;1672694749063;0.0
INITIALIZATION;12348;270;0;1672694749063;0.0
INITIALIZATION;12350;270;0;1672694749063;0.0
APPROXIMATION;12345;270;1;1672694749063;0.0
APPROXIMATION;12346;270;1;1672694749063;0.0
APPROXIMATION;12350;270;1;1672694749063;0.0
APPROXIMATION;12349;270;1;1672694749063;0.0
APPROXIMATION;12348;270;1;1672694749063;0.0
APPROXIMATION;12352;270;1;1672694749064;0.0
APPROXIMATION;12351;270;1;1672694749064;0.0
APPROXIMATION;12345;270;2;1672694749064;0.0
APPROXIMATION;12346;270;2;1672694749064;0.0
APPROXIMATION;12349;270;2;1672694749064;0.0
APPROXIMATION;12351;270;2;1672694749064;0.0
APPROXIMATION;12352;270;2;1672694749064;0.0
APPROXIMATION;12350;270;2;1672694749064;0.0
APPROXIMATION;12345;270;3;1672694749064;0.0
APPROXIMATION;12351;270;3;1672694749064;0.0
APPROXIMATION;12352;270;3;1672694749064;0.0
APPROXIMATION;12346;270;3;1672694749109;0.0
APPROXIMATION;12348;270;2;1672694749109;0.0
APPROXIMATION;12350;270;3;1672694749109;0.0
APPROXIMATION;12349;270;3;1672694749109;0.0
APPROXIMATION;12348;270;3;1672694749110;0.0
APPROXIMATION;12345;270;4;1672694749110;0.0
APPROXIMATION;12346;270;4;1672694749110;0.0
APPROXIMATION;12349;270;4;1672694749110;0.0
APPROXIMATION;12350;270;4;1672694749110;0.0
APPROXIMATION;12351;270;4;1672694749110;0.0
APPROXIMATION;12352;270;4;1672694749110;0.0
APPROXIMATION;12345;270;5;1672694749110;0.0
APPROXIMATION;12346;270;5;1672694749110;0.0
APPROXIMATION;12351;270;5;1672694749110;0.0
APPROXIMATION;12352;270;5;1672694749111;0.0
APPROXIMATION;12348;270;4;1672694749159;0.0
APPROXIMATION;12350;270;5;1672694749159;0.0
APPROXIMATION;12348;270;5;1672694749159;0.0
APPROXIMATION;12349;270;5;1672694749159;0.0
APPROXIMATION;12345;270;6;1672694749160;0.0
APPROXIMATION;12346;270;6;1672694749160;0.0
APPROXIMATION;12350;270;6;1672694749160;0.0
APPROXIMATION;12351;270;6;1672694749160;0.0
APPROXIMATION;12348;270;6;1672694749160;0.0
APPROXIMATION;12349;270;6;1672694749160;0.0
APPROXIMATION;12352;270;6;1672694749160;0.0
APPROXIMATION;12346;270;7;1672694749160;0.0
APPROXIMATION;12345;270;7;1672694749160;0.0
APPROXIMATION;12348;270;7;1672694749161;0.0
APPROXIMATION;12349;270;7;1672694749161;0.0
APPROXIMATION;12352;270;7;1672694749161;0.0
APPROXIMATION;12351;270;7;1672694749161;0.0
APPROXIMATION;12350;270;7;1672694749161;0.0
APPROXIMATION;12348;270;8;1672694749161;0.0
APPROXIMATION;12346;270;8;1672694749161;0.0
APPROXIMATION;12350;270;8;1672694749161;0.0
APPROXIMATION;12345;270;8;1672694749161;0.0
APPROXIMATION;12351;270;8;1672694749161;0.0
APPROXIMATION;12349;270;8;1672694749161;0.0
APPROXIMATION;12352;270;8;1672694749161;0.0
APPROXIMATION;12348;270;9;1672694749161;0.0
APPROXIMATION;12350;270;9;1672694749161;0.0
APPROXIMATION;12351;270;9;1672694749161;0.0
APPROXIMATION;12349;270;9;1672694749161;0.0
APPROXIMATION;12352;270;9;1672694749161;0.0
APPROXIMATION;12346;270;9;1672694749209;0.0
APPROXIMATION;12345;270;9;1672694749210;0.0
APPROXIMATION;12346;270;10;1672694749210;0.0
APPROXIMATION;12348;270;10;1672694749210;0.0
APPROXIMATION;12349;270;10;1672694749210;0.0
APPROXIMATION;12350;270;10;1672694749210;0.0
APPROXIMATION;12345;270;10;1672694749210;0.0
APPROXIMATION;12351;270;10;1672694749210;0.0
APPROXIMATION;12352;270;10;1672694749210;0.0
APPROXIMATION;12345;270;11;1672694749211;0.0
APPROXIMATION;12346;270;11;1672694749211;0.0
APPROXIMATION;12348;270;11;1672694749211;0.0
APPROXIMATION;12349;270;11;1672694749211;0.0
APPROXIMATION;12350;270;11;1672694749211;0.0
APPROXIMATION;12351;270;11;1672694749211;0.0
APPROXIMATION;12352;270;11;1672694749222;0.0
APPROXIMATION;12345;270;12;1672694749222;0.0
APPROXIMATION;12346;270;12;1672694749222;0.0
APPROXIMATION;12352;270;12;1672694749223;0.0
APPROXIMATION;12350;270;12;1672694749223;0.0
APPROXIMATION;12349;270;12;1672694749223;0.0
APPROXIMATION;12348;270;12;1672694749223;0.0
APPROXIMATION;12351;270;12;1672694749223;0.0
APPROXIMATION;12345;270;13;1672694749223;0.0
APPROXIMATION;12346;270;13;1672694749224;0.0
APPROXIMATION;12348;270;13;1672694749224;0.0
APPROXIMATION;12349;270;13;1672694749224;0.0
APPROXIMATION;12352;270;13;1672694749224;0.0
APPROXIMATION;12350;270;13;1672694749259;0.0
APPROXIMATION;12351;270;13;1672694749259;0.0
HALTED;12345;270;14;1672694749260;0.0
HALTED;12346;270;14;1672694749260;0.0
HALTED;12348;270;14;1672694749260;0.0
HALTED;12349;270;14;1672694749260;0.0
HALTED;12351;270;14;1672694749260;0.0
HALTED;12352;270;14;1672694749260;0.0
HALTED;12350;270;14;1672694749260;0.0
INITIALIZATION;12345;271;0;1672694749360;0.0
INITIALIZATION;12346;271;0;1672694749361;0.0
INITIALIZATION;12351;271;0;1672694749361;0.0
INITIALIZATION;12348;271;0;1672694749361;0.0
INITIALIZATION;12349;271;0;1672694749361;0.0
INITIALIZATION;12350;271;0;1672694749361;0.0
INITIALIZATION;12352;271;0;1672694749361;0.0
APPROXIMATION;12345;271;1;1672694749361;0.0
APPROXIMATION;12346;271;1;1672694749361;0.0
APPROXIMATION;12348;271;1;1672694749362;0.0
APPROXIMATION;12349;271;1;1672694749362;0.0
APPROXIMATION;12350;271;1;1672694749362;0.0
APPROXIMATION;12352;271;1;1672694749362;0.0
APPROXIMATION;12351;271;1;1672694749362;0.0
APPROXIMATION;12345;271;2;1672694749362;0.0
APPROXIMATION;12346;271;2;1672694749362;0.0
APPROXIMATION;12348;271;2;1672694749362;0.0
APPROXIMATION;12349;271;2;1672694749363;0.0
APPROXIMATION;12350;271;2;1672694749363;0.0
APPROXIMATION;12351;271;2;1672694749363;0.0
APPROXIMATION;12345;271;3;1672694749363;0.0
APPROXIMATION;12346;271;3;1672694749363;0.0
APPROXIMATION;12351;271;3;1672694749409;0.0
APPROXIMATION;12350;271;3;1672694749409;0.0
APPROXIMATION;12352;271;2;1672694749409;0.0
APPROXIMATION;12349;271;3;1672694749410;0.0
APPROXIMATION;12348;271;3;1672694749410;0.0
APPROXIMATION;12345;271;4;1672694749410;0.0
APPROXIMATION;12346;271;4;1672694749410;0.0
APPROXIMATION;12352;271;3;1672694749410;0.0
APPROXIMATION;12351;271;4;1672694749410;0.0
APPROXIMATION;12349;271;4;1672694749410;0.0
APPROXIMATION;12348;271;4;1672694749410;0.0
APPROXIMATION;12350;271;4;1672694749410;0.0
APPROXIMATION;12352;271;4;1672694749410;0.0
APPROXIMATION;12345;271;5;1672694749410;0.0
APPROXIMATION;12349;271;5;1672694749410;0.0
APPROXIMATION;12348;271;5;1672694749411;0.0
APPROXIMATION;12351;271;5;1672694749411;0.0
APPROXIMATION;12346;271;5;1672694749411;0.0
APPROXIMATION;12350;271;5;1672694749411;0.0
APPROXIMATION;12352;271;5;1672694749411;0.0
APPROXIMATION;12345;271;6;1672694749411;0.0
APPROXIMATION;12346;271;6;1672694749411;0.0
APPROXIMATION;12348;271;6;1672694749411;0.0
APPROXIMATION;12349;271;6;1672694749411;0.0
APPROXIMATION;12352;271;6;1672694749411;0.0
APPROXIMATION;12350;271;6;1672694749411;0.0
APPROXIMATION;12351;271;6;1672694749411;0.0
APPROXIMATION;12349;271;7;1672694749412;0.0
APPROXIMATION;12348;271;7;1672694749412;0.0
APPROXIMATION;12350;271;7;1672694749412;0.0
APPROXIMATION;12351;271;7;1672694749412;0.0
APPROXIMATION;12352;271;7;1672694749412;0.0
APPROXIMATION;12345;271;7;1672694749460;0.0
APPROXIMATION;12346;271;7;1672694749460;0.0
APPROXIMATION;12348;271;8;1672694749460;0.0
APPROXIMATION;12349;271;8;1672694749460;0.0
APPROXIMATION;12345;271;8;1672694749460;0.0
APPROXIMATION;12350;271;8;1672694749460;0.0
APPROXIMATION;12352;271;8;1672694749460;0.0
APPROXIMATION;12351;271;8;1672694749460;0.0
APPROXIMATION;12346;271;8;1672694749460;0.0
APPROXIMATION;12345;271;9;1672694749461;0.0
APPROXIMATION;12346;271;9;1672694749461;0.0
APPROXIMATION;12348;271;9;1672694749461;0.0
APPROXIMATION;12349;271;9;1672694749461;0.0
APPROXIMATION;12352;271;9;1672694749461;0.0
APPROXIMATION;12351;271;9;1672694749461;0.0
APPROXIMATION;12350;271;9;1672694749461;0.0
APPROXIMATION;12346;271;10;1672694749461;0.0
APPROXIMATION;12348;271;10;1672694749461;0.0
APPROXIMATION;12345;271;10;1672694749461;0.0
APPROXIMATION;12350;271;10;1672694749462;0.0
APPROXIMATION;12352;271;10;1672694749462;0.0
APPROXIMATION;12349;271;10;1672694749462;0.0
APPROXIMATION;12351;271;10;1672694749462;0.0
APPROXIMATION;12345;271;11;1672694749462;0.0
APPROXIMATION;12346;271;11;1672694749462;0.0
APPROXIMATION;12348;271;11;1672694749462;0.0
APPROXIMATION;12349;271;11;1672694749462;0.0
APPROXIMATION;12350;271;11;1672694749462;0.0
APPROXIMATION;12351;271;11;1672694749462;0.0
APPROXIMATION;12352;271;11;1672694749462;0.0
APPROXIMATION;12346;271;12;1672694749462;0.0
APPROXIMATION;12345;271;12;1672694749462;0.0
APPROXIMATION;12348;271;12;1672694749462;0.0
APPROXIMATION;12349;271;12;1672694749462;0.0
APPROXIMATION;12350;271;12;1672694749463;0.0
APPROXIMATION;12351;271;12;1672694749463;0.0
APPROXIMATION;12352;271;12;1672694749463;0.0
APPROXIMATION;12346;271;13;1672694749463;0.0
APPROXIMATION;12348;271;13;1672694749463;0.0
APPROXIMATION;12349;271;13;1672694749463;0.0
APPROXIMATION;12345;271;13;1672694749463;0.0
APPROXIMATION;12350;271;13;1672694749463;0.0
APPROXIMATION;12351;271;13;1672694749463;0.0
APPROXIMATION;12352;271;13;1672694749463;0.0
HALTED;12346;271;14;1672694749463;0.0
HALTED;12348;271;14;1672694749463;0.0
HALTED;12350;271;14;1672694749463;0.0
HALTED;12349;271;14;1672694749463;0.0
HALTED;12351;271;14;1672694749463;0.0
HALTED;12345;271;14;1672694749463;0.0
HALTED;12352;271;14;1672694749463;0.0
INITIALIZATION;12345;272;0;1672694749564;0.0
INITIALIZATION;12346;272;0;1672694749565;0.0
INITIALIZATION;12348;272;0;1672694749565;0.0
INITIALIZATION;12351;272;0;1672694749565;0.0
INITIALIZATION;12349;272;0;1672694749565;0.0
INITIALIZATION;12350;272;0;1672694749565;0.0
INITIALIZATION;12352;272;0;1672694749565;0.0
APPROXIMATION;12345;272;1;1672694749565;0.0
APPROXIMATION;12346;272;1;1672694749565;0.0
APPROXIMATION;12348;272;1;1672694749565;0.0
APPROXIMATION;12349;272;1;1672694749565;0.0
APPROXIMATION;12350;272;1;1672694749566;0.0
APPROXIMATION;12352;272;1;1672694749566;0.0
APPROXIMATION;12351;272;1;1672694749566;0.0
APPROXIMATION;12348;272;2;1672694749566;0.0
APPROXIMATION;12346;272;2;1672694749566;0.0
APPROXIMATION;12349;272;2;1672694749566;0.0
APPROXIMATION;12350;272;2;1672694749566;0.0
APPROXIMATION;12351;272;2;1672694749566;0.0
APPROXIMATION;12345;272;2;1672694749566;0.0
APPROXIMATION;12352;272;2;1672694749566;0.0
APPROXIMATION;12348;272;3;1672694749567;0.0
APPROXIMATION;12346;272;3;1672694749567;0.0
APPROXIMATION;12350;272;3;1672694749567;0.0
APPROXIMATION;12351;272;3;1672694749567;0.0
APPROXIMATION;12345;272;3;1672694749567;0.0
APPROXIMATION;12352;272;3;1672694749609;0.0
APPROXIMATION;12349;272;3;1672694749610;0.0
APPROXIMATION;12345;272;4;1672694749610;0.0
APPROXIMATION;12346;272;4;1672694749610;0.0
APPROXIMATION;12348;272;4;1672694749610;0.0
APPROXIMATION;12350;272;4;1672694749610;0.0
APPROXIMATION;12349;272;4;1672694749610;0.0
APPROXIMATION;12351;272;4;1672694749610;0.0
APPROXIMATION;12352;272;4;1672694749610;0.0
APPROXIMATION;12346;272;5;1672694749611;0.0
APPROXIMATION;12345;272;5;1672694749611;0.0
APPROXIMATION;12348;272;5;1672694749611;0.0
APPROXIMATION;12349;272;5;1672694749611;0.0
APPROXIMATION;12352;272;5;1672694749611;0.0
APPROXIMATION;12350;272;5;1672694749611;0.0
APPROXIMATION;12351;272;5;1672694749611;0.0
APPROXIMATION;12346;272;6;1672694749611;0.0
APPROXIMATION;12348;272;6;1672694749611;0.0
APPROXIMATION;12349;272;6;1672694749611;0.0
APPROXIMATION;12345;272;6;1672694749611;0.0
APPROXIMATION;12350;272;6;1672694749611;0.0
APPROXIMATION;12351;272;6;1672694749612;0.0
APPROXIMATION;12352;272;6;1672694749612;0.0
APPROXIMATION;12346;272;7;1672694749612;0.0
APPROXIMATION;12348;272;7;1672694749612;0.0
APPROXIMATION;12345;272;7;1672694749612;0.0
APPROXIMATION;12349;272;7;1672694749612;0.0
APPROXIMATION;12350;272;7;1672694749612;0.0
APPROXIMATION;12351;272;7;1672694749612;0.0
APPROXIMATION;12352;272;7;1672694749612;0.0
APPROXIMATION;12346;272;8;1672694749612;0.0
APPROXIMATION;12348;272;8;1672694749612;0.0
APPROXIMATION;12349;272;8;1672694749612;0.0
APPROXIMATION;12350;272;8;1672694749613;0.0
APPROXIMATION;12345;272;8;1672694749613;0.0
APPROXIMATION;12351;272;8;1672694749613;0.0
APPROXIMATION;12352;272;8;1672694749613;0.0
APPROXIMATION;12346;272;9;1672694749613;0.0
APPROXIMATION;12348;272;9;1672694749613;0.0
APPROXIMATION;12349;272;9;1672694749613;0.0
APPROXIMATION;12345;272;9;1672694749613;0.0
APPROXIMATION;12350;272;9;1672694749613;0.0
APPROXIMATION;12351;272;9;1672694749613;0.0
APPROXIMATION;12352;272;9;1672694749613;0.0
APPROXIMATION;12346;272;10;1672694749613;0.0
APPROXIMATION;12348;272;10;1672694749613;0.0
APPROXIMATION;12349;272;10;1672694749613;0.0
APPROXIMATION;12345;272;10;1672694749613;0.0
APPROXIMATION;12350;272;10;1672694749613;0.0
APPROXIMATION;12351;272;10;1672694749613;0.0
APPROXIMATION;12352;272;10;1672694749614;0.0
APPROXIMATION;12346;272;11;1672694749614;0.0
APPROXIMATION;12348;272;11;1672694749614;0.0
APPROXIMATION;12349;272;11;1672694749614;0.0
APPROXIMATION;12350;272;11;1672694749614;0.0
APPROXIMATION;12351;272;11;1672694749614;0.0
APPROXIMATION;12352;272;11;1672694749614;0.0
APPROXIMATION;12345;272;11;1672694749614;0.0
APPROXIMATION;12346;272;12;1672694749614;0.0
APPROXIMATION;12348;272;12;1672694749614;0.0
APPROXIMATION;12349;272;12;1672694749614;0.0
APPROXIMATION;12350;272;12;1672694749614;0.0
APPROXIMATION;12351;272;12;1672694749614;0.0
APPROXIMATION;12345;272;12;1672694749614;0.0
APPROXIMATION;12352;272;12;1672694749614;0.0
APPROXIMATION;12346;272;13;1672694749615;0.0
APPROXIMATION;12348;272;13;1672694749615;0.0
APPROXIMATION;12349;272;13;1672694749615;0.0
APPROXIMATION;12350;272;13;1672694749615;0.0
APPROXIMATION;12351;272;13;1672694749615;0.0
APPROXIMATION;12352;272;13;1672694749615;0.0
APPROXIMATION;12345;272;13;1672694749615;0.0
HALTED;12346;272;14;1672694749615;0.0
HALTED;12348;272;14;1672694749615;0.0
HALTED;12349;272;14;1672694749615;0.0
HALTED;12350;272;14;1672694749615;0.0
HALTED;12351;272;14;1672694749615;0.0
HALTED;12352;272;14;1672694749616;0.0
HALTED;12345;272;14;1672694749616;0.0
INITIALIZATION;12345;273;0;1672694749716;0.0
INITIALIZATION;12346;273;0;1672694749717;0.0
INITIALIZATION;12348;273;0;1672694749717;0.0
INITIALIZATION;12349;273;0;1672694749717;0.0
INITIALIZATION;12350;273;0;1672694749717;0.0
INITIALIZATION;12351;273;0;1672694749717;0.0
INITIALIZATION;12352;273;0;1672694749717;0.0
APPROXIMATION;12346;273;1;1672694749717;0.0
APPROXIMATION;12345;273;1;1672694749717;0.0
APPROXIMATION;12348;273;1;1672694749718;0.0
APPROXIMATION;12349;273;1;1672694749718;0.0
APPROXIMATION;12351;273;1;1672694749718;0.0
APPROXIMATION;12352;273;1;1672694749718;0.0
APPROXIMATION;12350;273;1;1672694749718;0.0
APPROXIMATION;12346;273;2;1672694749718;0.0
APPROXIMATION;12345;273;2;1672694749718;0.0
APPROXIMATION;12348;273;2;1672694749718;0.0
APPROXIMATION;12349;273;2;1672694749718;0.0
APPROXIMATION;12350;273;2;1672694749718;0.0
APPROXIMATION;12352;273;2;1672694749718;0.0
APPROXIMATION;12351;273;2;1672694749718;0.0
APPROXIMATION;12346;273;3;1672694749718;0.0
APPROXIMATION;12345;273;3;1672694749719;0.0
APPROXIMATION;12348;273;3;1672694749719;0.0
APPROXIMATION;12350;273;3;1672694749719;0.0
APPROXIMATION;12351;273;3;1672694749719;0.0
APPROXIMATION;12349;273;3;1672694749719;0.0
APPROXIMATION;12352;273;3;1672694749719;0.0
APPROXIMATION;12346;273;4;1672694749719;0.0
APPROXIMATION;12348;273;4;1672694749719;0.0
APPROXIMATION;12345;273;4;1672694749719;0.0
APPROXIMATION;12350;273;4;1672694749719;0.0
APPROXIMATION;12351;273;4;1672694749719;0.0
APPROXIMATION;12352;273;4;1672694749719;0.0
APPROXIMATION;12349;273;4;1672694749719;0.0
APPROXIMATION;12346;273;5;1672694749719;0.0
APPROXIMATION;12350;273;5;1672694749720;0.0
APPROXIMATION;12351;273;5;1672694749720;0.0
APPROXIMATION;12348;273;5;1672694749720;0.0
APPROXIMATION;12345;273;5;1672694749720;0.0
APPROXIMATION;12352;273;5;1672694749720;0.0
APPROXIMATION;12349;273;5;1672694749720;0.0
APPROXIMATION;12346;273;6;1672694749720;0.0
APPROXIMATION;12348;273;6;1672694749720;0.0
APPROXIMATION;12351;273;6;1672694749720;0.0
APPROXIMATION;12350;273;6;1672694749720;0.0
APPROXIMATION;12345;273;6;1672694749720;0.0
APPROXIMATION;12352;273;6;1672694749720;0.0
APPROXIMATION;12349;273;6;1672694749720;0.0
APPROXIMATION;12346;273;7;1672694749720;0.0
APPROXIMATION;12350;273;7;1672694749721;0.0
APPROXIMATION;12348;273;7;1672694749721;0.0
APPROXIMATION;12351;273;7;1672694749721;0.0
APPROXIMATION;12345;273;7;1672694749721;0.0
APPROXIMATION;12352;273;7;1672694749721;0.0
APPROXIMATION;12349;273;7;1672694749721;0.0
APPROXIMATION;12346;273;8;1672694749721;0.0
APPROXIMATION;12348;273;8;1672694749721;0.0
APPROXIMATION;12351;273;8;1672694749721;0.0
APPROXIMATION;12350;273;8;1672694749721;0.0
APPROXIMATION;12345;273;8;1672694749721;0.0
APPROXIMATION;12349;273;8;1672694749721;0.0
APPROXIMATION;12352;273;8;1672694749721;0.0
APPROXIMATION;12346;273;9;1672694749721;0.0
APPROXIMATION;12348;273;9;1672694749721;0.0
APPROXIMATION;12351;273;9;1672694749721;0.0
APPROXIMATION;12350;273;9;1672694749721;0.0
APPROXIMATION;12349;273;9;1672694749722;0.0
APPROXIMATION;12345;273;9;1672694749722;0.0
APPROXIMATION;12352;273;9;1672694749722;0.0
APPROXIMATION;12346;273;10;1672694749722;0.0
APPROXIMATION;12348;273;10;1672694749722;0.0
APPROXIMATION;12350;273;10;1672694749722;0.0
APPROXIMATION;12351;273;10;1672694749722;0.0
APPROXIMATION;12349;273;10;1672694749722;0.0
APPROXIMATION;12345;273;10;1672694749722;0.0
APPROXIMATION;12352;273;10;1672694749722;0.0
APPROXIMATION;12346;273;11;1672694749722;0.0
APPROXIMATION;12348;273;11;1672694749722;0.0
APPROXIMATION;12350;273;11;1672694749722;0.0
APPROXIMATION;12351;273;11;1672694749722;0.0
APPROXIMATION;12352;273;11;1672694749722;0.0
APPROXIMATION;12345;273;11;1672694749722;0.0
APPROXIMATION;12349;273;11;1672694749722;0.0
APPROXIMATION;12346;273;12;1672694749723;0.0
APPROXIMATION;12348;273;12;1672694749723;0.0
APPROXIMATION;12350;273;12;1672694749723;0.0
APPROXIMATION;12351;273;12;1672694749723;0.0
APPROXIMATION;12349;273;12;1672694749723;0.0
APPROXIMATION;12352;273;12;1672694749723;0.0
APPROXIMATION;12345;273;12;1672694749723;0.0
APPROXIMATION;12346;273;13;1672694749723;0.0
APPROXIMATION;12348;273;13;1672694749723;0.0
APPROXIMATION;12350;273;13;1672694749723;0.0
APPROXIMATION;12351;273;13;1672694749723;0.0
APPROXIMATION;12349;273;13;1672694749723;0.0
APPROXIMATION;12352;273;13;1672694749723;0.0
APPROXIMATION;12345;273;13;1672694749723;0.0
HALTED;12346;273;14;1672694749723;0.0
HALTED;12348;273;14;1672694749724;0.0
HALTED;12350;273;14;1672694749724;0.0
HALTED;12351;273;14;1672694749724;0.0
HALTED;12349;273;14;1672694749724;0.0
HALTED;12352;273;14;1672694749724;0.0
HALTED;12345;273;14;1672694749724;0.0
INITIALIZATION;12345;274;0;1672694749825;0.0
INITIALIZATION;12346;274;0;1672694749825;0.0
INITIALIZATION;12348;274;0;1672694749825;0.0
INITIALIZATION;12349;274;0;1672694749825;0.0
INITIALIZATION;12350;274;0;1672694749825;0.0
INITIALIZATION;12351;274;0;1672694749826;0.0
APPROXIMATION;12345;274;1;1672694749826;0.0
INITIALIZATION;12352;274;0;1672694749826;0.0
APPROXIMATION;12348;274;1;1672694749826;0.0
APPROXIMATION;12346;274;1;1672694749826;0.0
APPROXIMATION;12349;274;1;1672694749827;0.0
APPROXIMATION;12351;274;1;1672694749827;0.0
APPROXIMATION;12350;274;1;1672694749827;0.0
APPROXIMATION;12352;274;1;1672694749827;0.0
APPROXIMATION;12345;274;2;1672694749827;0.0
APPROXIMATION;12346;274;2;1672694749827;0.0
APPROXIMATION;12348;274;2;1672694749827;0.0
APPROXIMATION;12349;274;2;1672694749827;0.0
APPROXIMATION;12350;274;2;1672694749827;0.0
APPROXIMATION;12351;274;2;1672694749827;0.0
APPROXIMATION;12352;274;2;1672694749828;0.0
APPROXIMATION;12346;274;3;1672694749828;0.0
APPROXIMATION;12348;274;3;1672694749828;0.0
APPROXIMATION;12349;274;3;1672694749828;0.0
APPROXIMATION;12345;274;3;1672694749828;0.0
APPROXIMATION;12351;274;3;1672694749828;0.0
APPROXIMATION;12350;274;3;1672694749828;0.0
APPROXIMATION;12352;274;3;1672694749828;0.0
APPROXIMATION;12346;274;4;1672694749828;0.0
APPROXIMATION;12349;274;4;1672694749828;0.0
APPROXIMATION;12348;274;4;1672694749828;0.0
APPROXIMATION;12351;274;4;1672694749828;0.0
APPROXIMATION;12352;274;4;1672694749828;0.0
APPROXIMATION;12345;274;4;1672694749828;0.0
APPROXIMATION;12350;274;4;1672694749828;0.0
APPROXIMATION;12346;274;5;1672694749829;0.0
APPROXIMATION;12348;274;5;1672694749829;0.0
APPROXIMATION;12349;274;5;1672694749829;0.0
APPROXIMATION;12350;274;5;1672694749829;0.0
APPROXIMATION;12351;274;5;1672694749829;0.0
APPROXIMATION;12345;274;5;1672694749829;0.0
APPROXIMATION;12352;274;5;1672694749829;0.0
APPROXIMATION;12346;274;6;1672694749829;0.0
APPROXIMATION;12348;274;6;1672694749829;0.0
APPROXIMATION;12349;274;6;1672694749829;0.0
APPROXIMATION;12350;274;6;1672694749829;0.0
APPROXIMATION;12351;274;6;1672694749829;0.0
APPROXIMATION;12352;274;6;1672694749829;0.0
APPROXIMATION;12345;274;6;1672694749829;0.0
APPROXIMATION;12346;274;7;1672694749830;0.0
APPROXIMATION;12348;274;7;1672694749830;0.0
APPROXIMATION;12349;274;7;1672694749830;0.0
APPROXIMATION;12350;274;7;1672694749830;0.0
APPROXIMATION;12351;274;7;1672694749830;0.0
APPROXIMATION;12345;274;7;1672694749830;0.0
APPROXIMATION;12352;274;7;1672694749830;0.0
APPROXIMATION;12346;274;8;1672694749830;0.0
APPROXIMATION;12348;274;8;1672694749830;0.0
APPROXIMATION;12349;274;8;1672694749830;0.0
APPROXIMATION;12350;274;8;1672694749830;0.0
APPROXIMATION;12351;274;8;1672694749830;0.0
APPROXIMATION;12345;274;8;1672694749830;0.0
APPROXIMATION;12352;274;8;1672694749830;0.0
APPROXIMATION;12346;274;9;1672694749831;0.0
APPROXIMATION;12348;274;9;1672694749831;0.0
APPROXIMATION;12349;274;9;1672694749831;0.0
APPROXIMATION;12350;274;9;1672694749831;0.0
APPROXIMATION;12351;274;9;1672694749831;0.0
APPROXIMATION;12352;274;9;1672694749831;0.0
APPROXIMATION;12345;274;9;1672694749831;0.0
APPROXIMATION;12346;274;10;1672694749831;0.0
APPROXIMATION;12348;274;10;1672694749831;0.0
APPROXIMATION;12349;274;10;1672694749831;0.0
APPROXIMATION;12350;274;10;1672694749831;0.0
APPROXIMATION;12351;274;10;1672694749831;0.0
APPROXIMATION;12345;274;10;1672694749831;0.0
APPROXIMATION;12352;274;10;1672694749831;0.0
APPROXIMATION;12346;274;11;1672694749832;0.0
APPROXIMATION;12348;274;11;1672694749832;0.0
APPROXIMATION;12349;274;11;1672694749832;0.0
APPROXIMATION;12351;274;11;1672694749832;0.0
APPROXIMATION;12350;274;11;1672694749832;0.0
APPROXIMATION;12345;274;11;1672694749832;0.0
APPROXIMATION;12352;274;11;1672694749832;0.0
APPROXIMATION;12346;274;12;1672694749832;0.0
APPROXIMATION;12348;274;12;1672694749832;0.0
APPROXIMATION;12349;274;12;1672694749832;0.0
APPROXIMATION;12350;274;12;1672694749832;0.0
APPROXIMATION;12351;274;12;1672694749832;0.0
APPROXIMATION;12352;274;12;1672694749832;0.0
APPROXIMATION;12345;274;12;1672694749832;0.0
APPROXIMATION;12346;274;13;1672694749833;0.0
APPROXIMATION;12348;274;13;1672694749833;0.0
APPROXIMATION;12349;274;13;1672694749833;0.0
APPROXIMATION;12350;274;13;1672694749833;0.0
APPROXIMATION;12351;274;13;1672694749833;0.0
APPROXIMATION;12352;274;13;1672694749833;0.0
APPROXIMATION;12345;274;13;1672694749833;0.0
HALTED;12346;274;14;1672694749833;0.0
HALTED;12348;274;14;1672694749833;0.0
HALTED;12349;274;14;1672694749833;0.0
HALTED;12350;274;14;1672694749833;0.0
HALTED;12351;274;14;1672694749833;0.0
HALTED;12352;274;14;1672694749833;0.0
HALTED;12345;274;14;1672694749833;0.0
INITIALIZATION;12345;275;0;1672694749934;0.0
INITIALIZATION;12348;275;0;1672694749935;0.0
INITIALIZATION;12349;275;0;1672694749935;0.0
INITIALIZATION;12350;275;0;1672694749935;0.0
INITIALIZATION;12346;275;0;1672694749936;0.0
INITIALIZATION;12351;275;0;1672694749936;0.0
INITIALIZATION;12352;275;0;1672694749936;0.0
APPROXIMATION;12348;275;1;1672694749937;0.0
APPROXIMATION;12349;275;1;1672694749937;0.0
APPROXIMATION;12346;275;1;1672694749937;0.0
APPROXIMATION;12350;275;1;1672694749938;0.0
APPROXIMATION;12351;275;1;1672694749938;0.0
APPROXIMATION;12352;275;1;1672694749938;0.0
APPROXIMATION;12345;275;1;1672694749939;0.0
APPROXIMATION;12346;275;2;1672694749939;0.0
APPROXIMATION;12348;275;2;1672694749940;0.0
APPROXIMATION;12349;275;2;1672694749940;0.0
APPROXIMATION;12351;275;2;1672694749940;0.0
APPROXIMATION;12350;275;2;1672694749941;0.0
APPROXIMATION;12352;275;2;1672694749941;0.0
APPROXIMATION;12349;275;3;1672694749941;0.0
APPROXIMATION;12348;275;3;1672694749941;0.0
APPROXIMATION;12350;275;3;1672694749942;0.0
APPROXIMATION;12351;275;3;1672694749942;0.0
APPROXIMATION;12345;275;2;1672694749979;0.0
APPROXIMATION;12352;275;3;1672694749979;0.0
APPROXIMATION;12346;275;3;1672694749979;0.0
APPROXIMATION;12345;275;3;1672694749979;0.0
APPROXIMATION;12348;275;4;1672694749980;0.0
APPROXIMATION;12349;275;4;1672694749980;0.0
APPROXIMATION;12350;275;4;1672694749980;0.0
APPROXIMATION;12346;275;4;1672694749980;0.0
APPROXIMATION;12351;275;4;1672694749980;0.0
APPROXIMATION;12352;275;4;1672694749980;0.0
APPROXIMATION;12345;275;4;1672694749980;0.0
APPROXIMATION;12346;275;5;1672694749980;0.0
APPROXIMATION;12348;275;5;1672694749981;0.0
APPROXIMATION;12349;275;5;1672694749981;0.0
APPROXIMATION;12350;275;5;1672694749981;0.0
APPROXIMATION;12351;275;5;1672694749981;0.0
APPROXIMATION;12352;275;5;1672694749981;0.0
APPROXIMATION;12345;275;5;1672694749981;0.0
APPROXIMATION;12346;275;6;1672694749981;0.0
APPROXIMATION;12348;275;6;1672694749981;0.0
APPROXIMATION;12349;275;6;1672694749981;0.0
APPROXIMATION;12350;275;6;1672694749981;0.0
APPROXIMATION;12351;275;6;1672694749981;0.0
APPROXIMATION;12345;275;6;1672694749981;0.0
APPROXIMATION;12352;275;6;1672694749981;0.0
APPROXIMATION;12346;275;7;1672694749981;0.0
APPROXIMATION;12348;275;7;1672694749982;0.0
APPROXIMATION;12349;275;7;1672694749982;0.0
APPROXIMATION;12351;275;7;1672694749982;0.0
APPROXIMATION;12350;275;7;1672694749982;0.0
APPROXIMATION;12345;275;7;1672694749982;0.0
APPROXIMATION;12352;275;7;1672694749982;0.0
APPROXIMATION;12346;275;8;1672694749982;0.0
APPROXIMATION;12349;275;8;1672694749982;0.0
APPROXIMATION;12348;275;8;1672694749982;0.0
APPROXIMATION;12350;275;8;1672694749982;0.0
APPROXIMATION;12351;275;8;1672694749982;0.0
APPROXIMATION;12345;275;8;1672694749982;0.0
APPROXIMATION;12352;275;8;1672694749982;0.0
APPROXIMATION;12346;275;9;1672694749982;0.0
APPROXIMATION;12349;275;9;1672694749983;0.0
APPROXIMATION;12348;275;9;1672694749983;0.0
APPROXIMATION;12350;275;9;1672694749983;0.0
APPROXIMATION;12351;275;9;1672694749983;0.0
APPROXIMATION;12345;275;9;1672694749983;0.0
APPROXIMATION;12352;275;9;1672694749983;0.0
APPROXIMATION;12346;275;10;1672694749983;0.0
APPROXIMATION;12349;275;10;1672694749983;0.0
APPROXIMATION;12348;275;10;1672694749983;0.0
APPROXIMATION;12350;275;10;1672694749983;0.0
APPROXIMATION;12345;275;10;1672694749983;0.0
APPROXIMATION;12351;275;10;1672694749983;0.0
APPROXIMATION;12352;275;10;1672694749983;0.0
APPROXIMATION;12346;275;11;1672694749983;0.0
APPROXIMATION;12348;275;11;1672694749983;0.0
APPROXIMATION;12349;275;11;1672694749983;0.0
APPROXIMATION;12352;275;11;1672694749983;0.0
APPROXIMATION;12345;275;11;1672694749983;0.0
APPROXIMATION;12351;275;11;1672694749983;0.0
APPROXIMATION;12350;275;11;1672694749984;0.0
APPROXIMATION;12346;275;12;1672694749984;0.0
APPROXIMATION;12348;275;12;1672694749984;0.0
APPROXIMATION;12349;275;12;1672694749984;0.0
APPROXIMATION;12351;275;12;1672694749984;0.0
APPROXIMATION;12350;275;12;1672694749984;0.0
APPROXIMATION;12345;275;12;1672694749984;0.0
APPROXIMATION;12352;275;12;1672694749984;0.0
APPROXIMATION;12346;275;13;1672694749984;0.0
APPROXIMATION;12348;275;13;1672694749984;0.0
APPROXIMATION;12349;275;13;1672694749984;0.0
APPROXIMATION;12351;275;13;1672694749984;0.0
APPROXIMATION;12350;275;13;1672694749984;0.0
APPROXIMATION;12352;275;13;1672694749984;0.0
APPROXIMATION;12345;275;13;1672694749984;0.0
HALTED;12346;275;14;1672694749984;0.0
HALTED;12349;275;14;1672694749985;0.0
HALTED;12348;275;14;1672694749985;0.0
HALTED;12351;275;14;1672694749985;0.0
HALTED;12350;275;14;1672694749985;0.0
HALTED;12352;275;14;1672694749985;0.0
HALTED;12345;275;14;1672694749985;0.0
INITIALIZATION;12345;276;0;1672694750085;0.0
INITIALIZATION;12346;276;0;1672694750086;0.0
INITIALIZATION;12349;276;0;1672694750086;0.0
INITIALIZATION;12350;276;0;1672694750086;0.0
INITIALIZATION;12348;276;0;1672694750086;0.0
INITIALIZATION;12351;276;0;1672694750086;0.0
INITIALIZATION;12352;276;0;1672694750086;0.0
APPROXIMATION;12345;276;1;1672694750087;0.0
APPROXIMATION;12346;276;1;1672694750087;0.0
APPROXIMATION;12349;276;1;1672694750087;0.0
APPROXIMATION;12348;276;1;1672694750087;0.0
APPROXIMATION;12352;276;1;1672694750087;0.0
APPROXIMATION;12351;276;1;1672694750087;0.0
APPROXIMATION;12350;276;1;1672694750087;0.0
APPROXIMATION;12346;276;2;1672694750087;0.0
APPROXIMATION;12345;276;2;1672694750087;0.0
APPROXIMATION;12349;276;2;1672694750087;0.0
APPROXIMATION;12348;276;2;1672694750087;0.0
APPROXIMATION;12351;276;2;1672694750087;0.0
APPROXIMATION;12350;276;2;1672694750087;0.0
APPROXIMATION;12352;276;2;1672694750087;0.0
APPROXIMATION;12346;276;3;1672694750087;0.0
APPROXIMATION;12348;276;3;1672694750088;0.0
APPROXIMATION;12345;276;3;1672694750088;0.0
APPROXIMATION;12350;276;3;1672694750088;0.0
APPROXIMATION;12352;276;3;1672694750088;0.0
APPROXIMATION;12351;276;3;1672694750129;0.0
APPROXIMATION;12349;276;3;1672694750129;0.0
APPROXIMATION;12345;276;4;1672694750130;0.0
APPROXIMATION;12346;276;4;1672694750130;0.0
APPROXIMATION;12348;276;4;1672694750130;0.0
APPROXIMATION;12350;276;4;1672694750130;0.0
APPROXIMATION;12352;276;4;1672694750130;0.0
APPROXIMATION;12351;276;4;1672694750130;0.0
APPROXIMATION;12349;276;4;1672694750130;0.0
APPROXIMATION;12345;276;5;1672694750130;0.0
APPROXIMATION;12346;276;5;1672694750131;0.0
APPROXIMATION;12350;276;5;1672694750131;0.0
APPROXIMATION;12348;276;5;1672694750131;0.0
APPROXIMATION;12352;276;5;1672694750131;0.0
APPROXIMATION;12345;276;6;1672694750131;0.0
APPROXIMATION;12349;276;5;1672694750131;0.0
APPROXIMATION;12346;276;6;1672694750131;0.0
APPROXIMATION;12351;276;5;1672694750131;0.0
APPROXIMATION;12348;276;6;1672694750131;0.0
APPROXIMATION;12352;276;6;1672694750131;0.0
APPROXIMATION;12350;276;6;1672694750131;0.0
APPROXIMATION;12346;276;7;1672694750132;0.0
APPROXIMATION;12349;276;6;1672694750132;0.0
APPROXIMATION;12345;276;7;1672694750132;0.0
APPROXIMATION;12351;276;6;1672694750132;0.0
APPROXIMATION;12348;276;7;1672694750132;0.0
APPROXIMATION;12350;276;7;1672694750132;0.0
APPROXIMATION;12349;276;7;1672694750132;0.0
APPROXIMATION;12352;276;7;1672694750132;0.0
APPROXIMATION;12346;276;8;1672694750132;0.0
APPROXIMATION;12351;276;7;1672694750132;0.0
APPROXIMATION;12345;276;8;1672694750132;0.0
APPROXIMATION;12348;276;8;1672694750132;0.0
APPROXIMATION;12350;276;8;1672694750132;0.0
APPROXIMATION;12349;276;8;1672694750132;0.0
APPROXIMATION;12352;276;8;1672694750133;0.0
APPROXIMATION;12346;276;9;1672694750133;0.0
APPROXIMATION;12351;276;8;1672694750133;0.0
APPROXIMATION;12345;276;9;1672694750133;0.0
APPROXIMATION;12348;276;9;1672694750133;0.0
APPROXIMATION;12349;276;9;1672694750133;0.0
APPROXIMATION;12351;276;9;1672694750133;0.0
APPROXIMATION;12352;276;9;1672694750133;0.0
APPROXIMATION;12350;276;9;1672694750133;0.0
APPROXIMATION;12346;276;10;1672694750133;0.0
APPROXIMATION;12349;276;10;1672694750133;0.0
APPROXIMATION;12345;276;10;1672694750133;0.0
APPROXIMATION;12348;276;10;1672694750133;0.0
APPROXIMATION;12351;276;10;1672694750133;0.0
APPROXIMATION;12352;276;10;1672694750133;0.0
APPROXIMATION;12350;276;10;1672694750133;0.0
APPROXIMATION;12346;276;11;1672694750133;0.0
APPROXIMATION;12348;276;11;1672694750134;0.0
APPROXIMATION;12349;276;11;1672694750134;0.0
APPROXIMATION;12351;276;11;1672694750134;0.0
APPROXIMATION;12345;276;11;1672694750134;0.0
APPROXIMATION;12352;276;11;1672694750134;0.0
APPROXIMATION;12350;276;11;1672694750134;0.0
APPROXIMATION;12346;276;12;1672694750134;0.0
APPROXIMATION;12348;276;12;1672694750134;0.0
APPROXIMATION;12349;276;12;1672694750134;0.0
APPROXIMATION;12351;276;12;1672694750134;0.0
APPROXIMATION;12350;276;12;1672694750134;0.0
APPROXIMATION;12345;276;12;1672694750134;0.0
APPROXIMATION;12352;276;12;1672694750134;0.0
APPROXIMATION;12346;276;13;1672694750134;0.0
APPROXIMATION;12349;276;13;1672694750135;0.0
APPROXIMATION;12348;276;13;1672694750135;0.0
APPROXIMATION;12350;276;13;1672694750135;0.0
APPROXIMATION;12351;276;13;1672694750135;0.0
APPROXIMATION;12345;276;13;1672694750135;0.0
APPROXIMATION;12352;276;13;1672694750135;0.0
HALTED;12346;276;14;1672694750135;0.0
HALTED;12348;276;14;1672694750135;0.0
HALTED;12349;276;14;1672694750135;0.0
HALTED;12350;276;14;1672694750135;0.0
HALTED;12351;276;14;1672694750135;0.0
HALTED;12345;276;14;1672694750135;0.0
HALTED;12352;276;14;1672694750135;0.0
INITIALIZATION;12345;277;0;1672694750236;0.0
INITIALIZATION;12346;277;0;1672694750236;0.0
INITIALIZATION;12349;277;0;1672694750237;0.0
INITIALIZATION;12350;277;0;1672694750237;0.0
INITIALIZATION;12348;277;0;1672694750237;0.0
INITIALIZATION;12351;277;0;1672694750237;0.0
INITIALIZATION;12352;277;0;1672694750237;0.0
APPROXIMATION;12345;277;1;1672694750237;0.0
APPROXIMATION;12346;277;1;1672694750237;0.0
APPROXIMATION;12348;277;1;1672694750237;0.0
APPROXIMATION;12349;277;1;1672694750237;0.0
APPROXIMATION;12352;277;1;1672694750237;0.0
APPROXIMATION;12351;277;1;1672694750237;0.0
APPROXIMATION;12350;277;1;1672694750237;0.0
APPROXIMATION;12346;277;2;1672694750237;0.0
APPROXIMATION;12345;277;2;1672694750237;0.0
APPROXIMATION;12348;277;2;1672694750238;0.0
APPROXIMATION;12351;277;2;1672694750238;0.0
APPROXIMATION;12350;277;2;1672694750238;0.0
APPROXIMATION;12352;277;2;1672694750238;0.0
APPROXIMATION;12349;277;2;1672694750238;0.0
APPROXIMATION;12346;277;3;1672694750238;0.0
APPROXIMATION;12350;277;3;1672694750238;0.0
APPROXIMATION;12348;277;3;1672694750238;0.0
APPROXIMATION;12352;277;3;1672694750238;0.0
APPROXIMATION;12349;277;3;1672694750238;0.0
APPROXIMATION;12351;277;3;1672694750279;0.0
APPROXIMATION;12345;277;3;1672694750280;0.0
APPROXIMATION;12346;277;4;1672694750280;0.0
APPROXIMATION;12348;277;4;1672694750280;0.0
APPROXIMATION;12345;277;4;1672694750280;0.0
APPROXIMATION;12351;277;4;1672694750280;0.0
APPROXIMATION;12349;277;4;1672694750280;0.0
APPROXIMATION;12352;277;4;1672694750280;0.0
APPROXIMATION;12350;277;4;1672694750280;0.0
APPROXIMATION;12346;277;5;1672694750280;0.0
APPROXIMATION;12345;277;5;1672694750281;0.0
APPROXIMATION;12348;277;5;1672694750281;0.0
APPROXIMATION;12351;277;5;1672694750281;0.0
APPROXIMATION;12349;277;5;1672694750281;0.0
APPROXIMATION;12350;277;5;1672694750281;0.0
APPROXIMATION;12352;277;5;1672694750281;0.0
APPROXIMATION;12345;277;6;1672694750281;0.0
APPROXIMATION;12346;277;6;1672694750281;0.0
APPROXIMATION;12348;277;6;1672694750281;0.0
APPROXIMATION;12349;277;6;1672694750282;0.0
APPROXIMATION;12350;277;6;1672694750282;0.0
APPROXIMATION;12351;277;6;1672694750282;0.0
APPROXIMATION;12352;277;6;1672694750282;0.0
APPROXIMATION;12345;277;7;1672694750282;0.0
APPROXIMATION;12346;277;7;1672694750282;0.0
APPROXIMATION;12348;277;7;1672694750282;0.0
APPROXIMATION;12350;277;7;1672694750282;0.0
APPROXIMATION;12349;277;7;1672694750282;0.0
APPROXIMATION;12351;277;7;1672694750282;0.0
APPROXIMATION;12352;277;7;1672694750282;0.0
APPROXIMATION;12345;277;8;1672694750282;0.0
APPROXIMATION;12346;277;8;1672694750282;0.0
APPROXIMATION;12348;277;8;1672694750282;0.0
APPROXIMATION;12349;277;8;1672694750283;0.0
APPROXIMATION;12350;277;8;1672694750283;0.0
APPROXIMATION;12351;277;8;1672694750283;0.0
APPROXIMATION;12352;277;8;1672694750283;0.0
APPROXIMATION;12345;277;9;1672694750283;0.0
APPROXIMATION;12346;277;9;1672694750283;0.0
APPROXIMATION;12348;277;9;1672694750283;0.0
APPROXIMATION;12349;277;9;1672694750283;0.0
APPROXIMATION;12350;277;9;1672694750283;0.0
APPROXIMATION;12351;277;9;1672694750283;0.0
APPROXIMATION;12352;277;9;1672694750283;0.0
APPROXIMATION;12345;277;10;1672694750283;0.0
APPROXIMATION;12348;277;10;1672694750283;0.0
APPROXIMATION;12349;277;10;1672694750283;0.0
APPROXIMATION;12346;277;10;1672694750283;0.0
APPROXIMATION;12351;277;10;1672694750284;0.0
APPROXIMATION;12352;277;10;1672694750284;0.0
APPROXIMATION;12350;277;10;1672694750284;0.0
APPROXIMATION;12345;277;11;1672694750284;0.0
APPROXIMATION;12349;277;11;1672694750284;0.0
APPROXIMATION;12351;277;11;1672694750284;0.0
APPROXIMATION;12346;277;11;1672694750284;0.0
APPROXIMATION;12348;277;11;1672694750284;0.0
APPROXIMATION;12352;277;11;1672694750284;0.0
APPROXIMATION;12350;277;11;1672694750284;0.0
APPROXIMATION;12345;277;12;1672694750284;0.0
APPROXIMATION;12346;277;12;1672694750284;0.0
APPROXIMATION;12351;277;12;1672694750284;0.0
APPROXIMATION;12349;277;12;1672694750284;0.0
APPROXIMATION;12352;277;12;1672694750284;0.0
APPROXIMATION;12348;277;12;1672694750284;0.0
APPROXIMATION;12350;277;12;1672694750284;0.0
APPROXIMATION;12345;277;13;1672694750285;0.0
APPROXIMATION;12349;277;13;1672694750285;0.0
APPROXIMATION;12346;277;13;1672694750285;0.0
APPROXIMATION;12351;277;13;1672694750285;0.0
APPROXIMATION;12352;277;13;1672694750285;0.0
APPROXIMATION;12348;277;13;1672694750285;0.0
APPROXIMATION;12350;277;13;1672694750285;0.0
HALTED;12345;277;14;1672694750285;0.0
HALTED;12349;277;14;1672694750285;0.0
HALTED;12346;277;14;1672694750285;0.0
HALTED;12351;277;14;1672694750285;0.0
HALTED;12350;277;14;1672694750285;0.0
HALTED;12352;277;14;1672694750285;0.0
HALTED;12348;277;14;1672694750285;0.0
INITIALIZATION;12345;278;0;1672694750386;0.0
INITIALIZATION;12346;278;0;1672694750386;0.0
INITIALIZATION;12348;278;0;1672694750386;0.0
INITIALIZATION;12349;278;0;1672694750386;0.0
INITIALIZATION;12350;278;0;1672694750386;0.0
INITIALIZATION;12352;278;0;1672694750387;0.0
APPROXIMATION;12345;278;1;1672694750387;0.0
INITIALIZATION;12351;278;0;1672694750387;0.0
APPROXIMATION;12346;278;1;1672694750387;0.0
APPROXIMATION;12348;278;1;1672694750388;0.0
APPROXIMATION;12349;278;1;1672694750388;0.0
APPROXIMATION;12350;278;1;1672694750388;0.0
APPROXIMATION;12352;278;1;1672694750388;0.0
APPROXIMATION;12345;278;2;1672694750388;0.0
APPROXIMATION;12351;278;1;1672694750388;0.0
APPROXIMATION;12346;278;2;1672694750388;0.0
APPROXIMATION;12349;278;2;1672694750388;0.0
APPROXIMATION;12351;278;2;1672694750388;0.0
APPROXIMATION;12350;278;2;1672694750388;0.0
APPROXIMATION;12352;278;2;1672694750389;0.0
APPROXIMATION;12348;278;2;1672694750389;0.0
APPROXIMATION;12345;278;3;1672694750389;0.0
APPROXIMATION;12346;278;3;1672694750389;0.0
APPROXIMATION;12349;278;3;1672694750389;0.0
APPROXIMATION;12350;278;3;1672694750389;0.0
APPROXIMATION;12351;278;3;1672694750389;0.0
APPROXIMATION;12352;278;3;1672694750389;0.0
APPROXIMATION;12348;278;3;1672694750389;0.0
APPROXIMATION;12345;278;4;1672694750389;0.0
APPROXIMATION;12346;278;4;1672694750389;0.0
APPROXIMATION;12349;278;4;1672694750389;0.0
APPROXIMATION;12350;278;4;1672694750390;0.0
APPROXIMATION;12351;278;4;1672694750390;0.0
APPROXIMATION;12352;278;4;1672694750390;0.0
APPROXIMATION;12348;278;4;1672694750390;0.0
APPROXIMATION;12345;278;5;1672694750390;0.0
APPROXIMATION;12346;278;5;1672694750390;0.0
APPROXIMATION;12349;278;5;1672694750390;0.0
APPROXIMATION;12350;278;5;1672694750390;0.0
APPROXIMATION;12351;278;5;1672694750390;0.0
APPROXIMATION;12352;278;5;1672694750390;0.0
APPROXIMATION;12348;278;5;1672694750390;0.0
APPROXIMATION;12345;278;6;1672694750390;0.0
APPROXIMATION;12346;278;6;1672694750390;0.0
APPROXIMATION;12349;278;6;1672694750390;0.0
APPROXIMATION;12350;278;6;1672694750390;0.0
APPROXIMATION;12351;278;6;1672694750390;0.0
APPROXIMATION;12352;278;6;1672694750391;0.0
APPROXIMATION;12348;278;6;1672694750391;0.0
APPROXIMATION;12345;278;7;1672694750391;0.0
APPROXIMATION;12346;278;7;1672694750391;0.0
APPROXIMATION;12349;278;7;1672694750391;0.0
APPROXIMATION;12351;278;7;1672694750391;0.0
APPROXIMATION;12350;278;7;1672694750391;0.0
APPROXIMATION;12352;278;7;1672694750391;0.0
APPROXIMATION;12348;278;7;1672694750391;0.0
APPROXIMATION;12346;278;8;1672694750391;0.0
APPROXIMATION;12345;278;8;1672694750391;0.0
APPROXIMATION;12349;278;8;1672694750391;0.0
APPROXIMATION;12350;278;8;1672694750391;0.0
APPROXIMATION;12351;278;8;1672694750391;0.0
APPROXIMATION;12352;278;8;1672694750391;0.0
APPROXIMATION;12348;278;8;1672694750391;0.0
APPROXIMATION;12346;278;9;1672694750392;0.0
APPROXIMATION;12345;278;9;1672694750392;0.0
APPROXIMATION;12349;278;9;1672694750392;0.0
APPROXIMATION;12351;278;9;1672694750392;0.0
APPROXIMATION;12350;278;9;1672694750392;0.0
APPROXIMATION;12352;278;9;1672694750392;0.0
APPROXIMATION;12348;278;9;1672694750392;0.0
APPROXIMATION;12346;278;10;1672694750392;0.0
APPROXIMATION;12345;278;10;1672694750392;0.0
APPROXIMATION;12349;278;10;1672694750392;0.0
APPROXIMATION;12351;278;10;1672694750392;0.0
APPROXIMATION;12350;278;10;1672694750392;0.0
APPROXIMATION;12352;278;10;1672694750392;0.0
APPROXIMATION;12348;278;10;1672694750392;0.0
APPROXIMATION;12346;278;11;1672694750392;0.0
APPROXIMATION;12345;278;11;1672694750393;0.0
APPROXIMATION;12349;278;11;1672694750393;0.0
APPROXIMATION;12351;278;11;1672694750393;0.0
APPROXIMATION;12350;278;11;1672694750393;0.0
APPROXIMATION;12352;278;11;1672694750393;0.0
APPROXIMATION;12348;278;11;1672694750393;0.0
APPROXIMATION;12346;278;12;1672694750393;0.0
APPROXIMATION;12349;278;12;1672694750393;0.0
APPROXIMATION;12345;278;12;1672694750393;0.0
APPROXIMATION;12350;278;12;1672694750393;0.0
APPROXIMATION;12351;278;12;1672694750393;0.0
APPROXIMATION;12352;278;12;1672694750393;0.0
APPROXIMATION;12348;278;12;1672694750393;0.0
APPROXIMATION;12346;278;13;1672694750393;0.0
APPROXIMATION;12349;278;13;1672694750394;0.0
APPROXIMATION;12351;278;13;1672694750394;0.0
APPROXIMATION;12350;278;13;1672694750394;0.0
APPROXIMATION;12352;278;13;1672694750394;0.0
APPROXIMATION;12348;278;13;1672694750394;0.0
APPROXIMATION;12345;278;13;1672694750394;0.0
HALTED;12346;278;14;1672694750394;0.0
HALTED;12349;278;14;1672694750394;0.0
HALTED;12348;278;14;1672694750394;0.0
HALTED;12350;278;14;1672694750394;0.0
HALTED;12351;278;14;1672694750394;0.0
HALTED;12345;278;14;1672694750394;0.0
HALTED;12352;278;14;1672694750394;0.0
INITIALIZATION;12345;279;0;1672694750495;0.0
INITIALIZATION;12346;279;0;1672694750496;0.0
INITIALIZATION;12348;279;0;1672694750496;0.0
INITIALIZATION;12350;279;0;1672694750496;0.0
INITIALIZATION;12352;279;0;1672694750496;0.0
INITIALIZATION;12351;279;0;1672694750497;0.0
APPROXIMATION;12345;279;1;1672694750497;0.0
INITIALIZATION;12349;279;0;1672694750497;0.0
APPROXIMATION;12346;279;1;1672694750498;0.0
APPROXIMATION;12348;279;1;1672694750498;0.0
APPROXIMATION;12351;279;1;1672694750499;0.0
APPROXIMATION;12352;279;1;1672694750499;0.0
APPROXIMATION;12349;279;1;1672694750499;0.0
APPROXIMATION;12350;279;1;1672694750499;0.0
APPROXIMATION;12346;279;2;1672694750500;0.0
APPROXIMATION;12345;279;2;1672694750500;0.0
APPROXIMATION;12348;279;2;1672694750500;0.0
APPROXIMATION;12351;279;2;1672694750500;0.0
APPROXIMATION;12350;279;2;1672694750500;0.0
APPROXIMATION;12352;279;2;1672694750500;0.0
APPROXIMATION;12349;279;2;1672694750500;0.0
APPROXIMATION;12345;279;3;1672694750500;0.0
APPROXIMATION;12346;279;3;1672694750500;0.0
APPROXIMATION;12348;279;3;1672694750500;0.0
APPROXIMATION;12349;279;3;1672694750501;0.0
APPROXIMATION;12351;279;3;1672694750501;0.0
APPROXIMATION;12352;279;3;1672694750501;0.0
APPROXIMATION;12350;279;3;1672694750501;0.0
APPROXIMATION;12345;279;4;1672694750501;0.0
APPROXIMATION;12346;279;4;1672694750501;0.0
APPROXIMATION;12348;279;4;1672694750501;0.0
APPROXIMATION;12349;279;4;1672694750501;0.0
APPROXIMATION;12352;279;4;1672694750501;0.0
APPROXIMATION;12350;279;4;1672694750501;0.0
APPROXIMATION;12351;279;4;1672694750501;0.0
APPROXIMATION;12345;279;5;1672694750501;0.0
APPROXIMATION;12346;279;5;1672694750501;0.0
APPROXIMATION;12348;279;5;1672694750502;0.0
APPROXIMATION;12350;279;5;1672694750502;0.0
APPROXIMATION;12351;279;5;1672694750502;0.0
APPROXIMATION;12352;279;5;1672694750502;0.0
APPROXIMATION;12345;279;6;1672694750502;0.0
APPROXIMATION;12349;279;5;1672694750502;0.0
APPROXIMATION;12346;279;6;1672694750502;0.0
APPROXIMATION;12348;279;6;1672694750503;0.0
APPROXIMATION;12350;279;6;1672694750503;0.0
APPROXIMATION;12351;279;6;1672694750503;0.0
APPROXIMATION;12352;279;6;1672694750503;0.0
APPROXIMATION;12349;279;6;1672694750503;0.0
APPROXIMATION;12345;279;7;1672694750503;0.0
APPROXIMATION;12346;279;7;1672694750503;0.0
APPROXIMATION;12350;279;7;1672694750503;0.0
APPROXIMATION;12348;279;7;1672694750503;0.0
APPROXIMATION;12351;279;7;1672694750503;0.0
APPROXIMATION;12352;279;7;1672694750503;0.0
APPROXIMATION;12349;279;7;1672694750503;0.0
APPROXIMATION;12345;279;8;1672694750503;0.0
APPROXIMATION;12346;279;8;1672694750503;0.0
APPROXIMATION;12348;279;8;1672694750503;0.0
APPROXIMATION;12350;279;8;1672694750504;0.0
APPROXIMATION;12351;279;8;1672694750504;0.0
APPROXIMATION;12352;279;8;1672694750504;0.0
APPROXIMATION;12349;279;8;1672694750504;0.0
APPROXIMATION;12346;279;9;1672694750504;0.0
APPROXIMATION;12345;279;9;1672694750504;0.0
APPROXIMATION;12348;279;9;1672694750504;0.0
APPROXIMATION;12350;279;9;1672694750504;0.0
APPROXIMATION;12351;279;9;1672694750504;0.0
APPROXIMATION;12352;279;9;1672694750504;0.0
APPROXIMATION;12349;279;9;1672694750504;0.0
APPROXIMATION;12345;279;10;1672694750504;0.0
APPROXIMATION;12346;279;10;1672694750504;0.0
APPROXIMATION;12350;279;10;1672694750504;0.0
APPROXIMATION;12348;279;10;1672694750504;0.0
APPROXIMATION;12351;279;10;1672694750504;0.0
APPROXIMATION;12352;279;10;1672694750504;0.0
APPROXIMATION;12349;279;10;1672694750504;0.0
APPROXIMATION;12346;279;11;1672694750505;0.0
APPROXIMATION;12345;279;11;1672694750505;0.0
APPROXIMATION;12348;279;11;1672694750505;0.0
APPROXIMATION;12350;279;11;1672694750505;0.0
APPROXIMATION;12351;279;11;1672694750505;0.0
APPROXIMATION;12352;279;11;1672694750505;0.0
APPROXIMATION;12349;279;11;1672694750505;0.0
APPROXIMATION;12346;279;12;1672694750505;0.0
APPROXIMATION;12345;279;12;1672694750505;0.0
APPROXIMATION;12351;279;12;1672694750505;0.0
APPROXIMATION;12348;279;12;1672694750505;0.0
APPROXIMATION;12350;279;12;1672694750505;0.0
APPROXIMATION;12352;279;12;1672694750505;0.0
APPROXIMATION;12349;279;12;1672694750505;0.0
APPROXIMATION;12346;279;13;1672694750505;0.0
APPROXIMATION;12350;279;13;1672694750506;0.0
APPROXIMATION;12348;279;13;1672694750506;0.0
APPROXIMATION;12351;279;13;1672694750506;0.0
APPROXIMATION;12345;279;13;1672694750506;0.0
APPROXIMATION;12352;279;13;1672694750506;0.0
APPROXIMATION;12349;279;13;1672694750506;0.0
HALTED;12346;279;14;1672694750506;0.0
HALTED;12349;279;14;1672694750506;0.0
HALTED;12350;279;14;1672694750506;0.0
HALTED;12348;279;14;1672694750506;0.0
HALTED;12351;279;14;1672694750506;0.0
HALTED;12352;279;14;1672694750506;0.0
HALTED;12345;279;14;1672694750506;0.0
INITIALIZATION;12345;280;0;1672694750607;0.0
INITIALIZATION;12346;280;0;1672694750607;0.0
INITIALIZATION;12349;280;0;1672694750608;0.0
INITIALIZATION;12348;280;0;1672694750608;0.0
INITIALIZATION;12350;280;0;1672694750608;0.0
INITIALIZATION;12351;280;0;1672694750608;0.0
INITIALIZATION;12352;280;0;1672694750608;0.0
APPROXIMATION;12345;280;1;1672694750608;0.0
APPROXIMATION;12346;280;1;1672694750608;0.0
APPROXIMATION;12348;280;1;1672694750608;0.0
APPROXIMATION;12345;280;2;1672694750608;0.0
APPROXIMATION;12349;280;1;1672694750609;0.0
APPROXIMATION;12352;280;1;1672694750609;0.0
APPROXIMATION;12351;280;1;1672694750609;0.0
APPROXIMATION;12350;280;1;1672694750609;0.0
APPROXIMATION;12348;280;2;1672694750609;0.0
APPROXIMATION;12350;280;2;1672694750609;0.0
APPROXIMATION;12349;280;2;1672694750609;0.0
APPROXIMATION;12351;280;2;1672694750609;0.0
APPROXIMATION;12352;280;2;1672694750609;0.0
APPROXIMATION;12346;280;2;1672694750609;0.0
APPROXIMATION;12348;280;3;1672694750610;0.0
APPROXIMATION;12349;280;3;1672694750610;0.0
APPROXIMATION;12346;280;3;1672694750610;0.0
APPROXIMATION;12350;280;3;1672694750610;0.0
APPROXIMATION;12351;280;3;1672694750610;0.0
APPROXIMATION;12352;280;3;1672694750610;0.0
APPROXIMATION;12345;280;3;1672694750610;0.0
APPROXIMATION;12346;280;4;1672694750610;0.0
APPROXIMATION;12348;280;4;1672694750610;0.0
APPROXIMATION;12349;280;4;1672694750611;0.0
APPROXIMATION;12350;280;4;1672694750611;0.0
APPROXIMATION;12351;280;4;1672694750611;0.0
APPROXIMATION;12352;280;4;1672694750611;0.0
APPROXIMATION;12345;280;4;1672694750611;0.0
APPROXIMATION;12346;280;5;1672694750612;0.0
APPROXIMATION;12348;280;5;1672694750612;0.0
APPROXIMATION;12349;280;5;1672694750612;0.0
APPROXIMATION;12350;280;5;1672694750612;0.0
APPROXIMATION;12351;280;5;1672694750612;0.0
APPROXIMATION;12345;280;5;1672694750612;0.0
APPROXIMATION;12352;280;5;1672694750612;0.0
APPROXIMATION;12346;280;6;1672694750612;0.0
APPROXIMATION;12348;280;6;1672694750612;0.0
APPROXIMATION;12349;280;6;1672694750612;0.0
APPROXIMATION;12350;280;6;1672694750612;0.0
APPROXIMATION;12351;280;6;1672694750612;0.0
APPROXIMATION;12345;280;6;1672694750612;0.0
APPROXIMATION;12352;280;6;1672694750612;0.0
APPROXIMATION;12346;280;7;1672694750612;0.0
APPROXIMATION;12348;280;7;1672694750613;0.0
APPROXIMATION;12349;280;7;1672694750613;0.0
APPROXIMATION;12350;280;7;1672694750613;0.0
APPROXIMATION;12351;280;7;1672694750613;0.0
APPROXIMATION;12345;280;7;1672694750613;0.0
APPROXIMATION;12352;280;7;1672694750613;0.0
APPROXIMATION;12346;280;8;1672694750613;0.0
APPROXIMATION;12348;280;8;1672694750613;0.0
APPROXIMATION;12349;280;8;1672694750613;0.0
APPROXIMATION;12350;280;8;1672694750613;0.0
APPROXIMATION;12351;280;8;1672694750613;0.0
APPROXIMATION;12345;280;8;1672694750613;0.0
APPROXIMATION;12352;280;8;1672694750613;0.0
APPROXIMATION;12346;280;9;1672694750613;0.0
APPROXIMATION;12349;280;9;1672694750614;0.0
APPROXIMATION;12348;280;9;1672694750614;0.0
APPROXIMATION;12350;280;9;1672694750614;0.0
APPROXIMATION;12345;280;9;1672694750614;0.0
APPROXIMATION;12351;280;9;1672694750614;0.0
APPROXIMATION;12352;280;9;1672694750614;0.0
APPROXIMATION;12346;280;10;1672694750614;0.0
APPROXIMATION;12348;280;10;1672694750614;0.0
APPROXIMATION;12349;280;10;1672694750614;0.0
APPROXIMATION;12350;280;10;1672694750614;0.0
APPROXIMATION;12351;280;10;1672694750614;0.0
APPROXIMATION;12345;280;10;1672694750614;0.0
APPROXIMATION;12352;280;10;1672694750614;0.0
APPROXIMATION;12346;280;11;1672694750614;0.0
APPROXIMATION;12348;280;11;1672694750614;0.0
APPROXIMATION;12349;280;11;1672694750614;0.0
APPROXIMATION;12350;280;11;1672694750614;0.0
APPROXIMATION;12351;280;11;1672694750615;0.0
APPROXIMATION;12345;280;11;1672694750615;0.0
APPROXIMATION;12352;280;11;1672694750615;0.0
APPROXIMATION;12346;280;12;1672694750615;0.0
APPROXIMATION;12348;280;12;1672694750615;0.0
APPROXIMATION;12349;280;12;1672694750615;0.0
APPROXIMATION;12350;280;12;1672694750615;0.0
APPROXIMATION;12351;280;12;1672694750615;0.0
APPROXIMATION;12345;280;12;1672694750615;0.0
APPROXIMATION;12352;280;12;1672694750615;0.0
APPROXIMATION;12346;280;13;1672694750615;0.0
APPROXIMATION;12348;280;13;1672694750615;0.0
APPROXIMATION;12349;280;13;1672694750615;0.0
APPROXIMATION;12350;280;13;1672694750615;0.0
APPROXIMATION;12351;280;13;1672694750615;0.0
APPROXIMATION;12345;280;13;1672694750615;0.0
APPROXIMATION;12352;280;13;1672694750615;0.0
HALTED;12346;280;14;1672694750616;0.0
HALTED;12348;280;14;1672694750616;0.0
HALTED;12349;280;14;1672694750616;0.0
HALTED;12350;280;14;1672694750616;0.0
HALTED;12351;280;14;1672694750616;0.0
HALTED;12345;280;14;1672694750616;0.0
HALTED;12352;280;14;1672694750616;0.0
INITIALIZATION;12345;281;0;1672694750717;0.0
INITIALIZATION;12346;281;0;1672694750718;0.0
INITIALIZATION;12348;281;0;1672694750718;0.0
INITIALIZATION;12349;281;0;1672694750718;0.0
INITIALIZATION;12350;281;0;1672694750718;0.0
INITIALIZATION;12351;281;0;1672694750718;0.0
INITIALIZATION;12352;281;0;1672694750718;0.0
APPROXIMATION;12345;281;1;1672694750718;0.0
APPROXIMATION;12346;281;1;1672694750718;0.0
APPROXIMATION;12348;281;1;1672694750718;0.0
APPROXIMATION;12349;281;1;1672694750718;0.0
APPROXIMATION;12352;281;1;1672694750718;0.0
APPROXIMATION;12350;281;1;1672694750718;0.0
APPROXIMATION;12351;281;1;1672694750719;0.0
APPROXIMATION;12346;281;2;1672694750719;0.0
APPROXIMATION;12348;281;2;1672694750719;0.0
APPROXIMATION;12345;281;2;1672694750719;0.0
APPROXIMATION;12349;281;2;1672694750719;0.0
APPROXIMATION;12346;281;3;1672694750719;0.0
APPROXIMATION;12352;281;2;1672694750719;0.0
APPROXIMATION;12351;281;2;1672694750719;0.0
APPROXIMATION;12350;281;2;1672694750719;0.0
APPROXIMATION;12348;281;3;1672694750720;0.0
APPROXIMATION;12352;281;3;1672694750720;0.0
APPROXIMATION;12345;281;3;1672694750720;0.0
APPROXIMATION;12349;281;3;1672694750720;0.0
APPROXIMATION;12346;281;4;1672694750720;0.0
APPROXIMATION;12350;281;3;1672694750720;0.0
APPROXIMATION;12351;281;3;1672694750720;0.0
APPROXIMATION;12348;281;4;1672694750720;0.0
APPROXIMATION;12345;281;4;1672694750720;0.0
APPROXIMATION;12349;281;4;1672694750720;0.0
APPROXIMATION;12352;281;4;1672694750720;0.0
APPROXIMATION;12350;281;4;1672694750720;0.0
APPROXIMATION;12346;281;5;1672694750720;0.0
APPROXIMATION;12351;281;4;1672694750720;0.0
APPROXIMATION;12345;281;5;1672694750721;0.0
APPROXIMATION;12348;281;5;1672694750721;0.0
APPROXIMATION;12352;281;5;1672694750721;0.0
APPROXIMATION;12349;281;5;1672694750721;0.0
APPROXIMATION;12350;281;5;1672694750721;0.0
APPROXIMATION;12351;281;5;1672694750721;0.0
APPROXIMATION;12346;281;6;1672694750721;0.0
APPROXIMATION;12345;281;6;1672694750721;0.0
APPROXIMATION;12352;281;6;1672694750721;0.0
APPROXIMATION;12350;281;6;1672694750721;0.0
APPROXIMATION;12349;281;6;1672694750721;0.0
APPROXIMATION;12348;281;6;1672694750721;0.0
APPROXIMATION;12351;281;6;1672694750721;0.0
APPROXIMATION;12345;281;7;1672694750721;0.0
APPROXIMATION;12346;281;7;1672694750721;0.0
APPROXIMATION;12350;281;7;1672694750721;0.0
APPROXIMATION;12349;281;7;1672694750721;0.0
APPROXIMATION;12351;281;7;1672694750721;0.0
APPROXIMATION;12352;281;7;1672694750721;0.0
APPROXIMATION;12348;281;7;1672694750722;0.0
APPROXIMATION;12345;281;8;1672694750722;0.0
APPROXIMATION;12350;281;8;1672694750722;0.0
APPROXIMATION;12351;281;8;1672694750722;0.0
APPROXIMATION;12349;281;8;1672694750722;0.0
APPROXIMATION;12346;281;8;1672694750722;0.0
APPROXIMATION;12352;281;8;1672694750722;0.0
APPROXIMATION;12348;281;8;1672694750722;0.0
APPROXIMATION;12345;281;9;1672694750722;0.0
APPROXIMATION;12350;281;9;1672694750722;0.0
APPROXIMATION;12349;281;9;1672694750722;0.0
APPROXIMATION;12351;281;9;1672694750722;0.0
APPROXIMATION;12352;281;9;1672694750722;0.0
APPROXIMATION;12346;281;9;1672694750722;0.0
APPROXIMATION;12348;281;9;1672694750722;0.0
APPROXIMATION;12345;281;10;1672694750722;0.0
APPROXIMATION;12350;281;10;1672694750723;0.0
APPROXIMATION;12349;281;10;1672694750723;0.0
APPROXIMATION;12351;281;10;1672694750723;0.0
APPROXIMATION;12346;281;10;1672694750723;0.0
APPROXIMATION;12352;281;10;1672694750723;0.0
APPROXIMATION;12348;281;10;1672694750723;0.0
APPROXIMATION;12345;281;11;1672694750723;0.0
APPROXIMATION;12349;281;11;1672694750723;0.0
APPROXIMATION;12350;281;11;1672694750723;0.0
APPROXIMATION;12351;281;11;1672694750723;0.0
APPROXIMATION;12346;281;11;1672694750723;0.0
APPROXIMATION;12352;281;11;1672694750723;0.0
APPROXIMATION;12348;281;11;1672694750723;0.0
APPROXIMATION;12345;281;12;1672694750723;0.0
APPROXIMATION;12349;281;12;1672694750724;0.0
APPROXIMATION;12350;281;12;1672694750724;0.0
APPROXIMATION;12351;281;12;1672694750724;0.0
APPROXIMATION;12346;281;12;1672694750724;0.0
APPROXIMATION;12352;281;12;1672694750724;0.0
APPROXIMATION;12348;281;12;1672694750724;0.0
APPROXIMATION;12345;281;13;1672694750724;0.0
APPROXIMATION;12349;281;13;1672694750724;0.0
APPROXIMATION;12350;281;13;1672694750724;0.0
APPROXIMATION;12351;281;13;1672694750724;0.0
APPROXIMATION;12352;281;13;1672694750724;0.0
APPROXIMATION;12346;281;13;1672694750724;0.0
APPROXIMATION;12348;281;13;1672694750724;0.0
HALTED;12345;281;14;1672694750724;0.0
HALTED;12349;281;14;1672694750724;0.0
HALTED;12350;281;14;1672694750724;0.0
HALTED;12351;281;14;1672694750725;0.0
HALTED;12346;281;14;1672694750725;0.0
HALTED;12352;281;14;1672694750725;0.0
HALTED;12348;281;14;1672694750725;0.0
INITIALIZATION;12345;282;0;1672694750825;0.0
INITIALIZATION;12346;282;0;1672694750825;0.0
INITIALIZATION;12350;282;0;1672694750826;0.0
INITIALIZATION;12352;282;0;1672694750826;0.0
INITIALIZATION;12351;282;0;1672694750826;0.0
INITIALIZATION;12349;282;0;1672694750826;0.0
APPROXIMATION;12345;282;1;1672694750837;0.0
INITIALIZATION;12348;282;0;1672694750837;0.0
APPROXIMATION;12346;282;1;1672694750837;0.0
APPROXIMATION;12350;282;1;1672694750838;0.0
APPROXIMATION;12349;282;1;1672694750838;0.0
APPROXIMATION;12352;282;1;1672694750838;0.0
APPROXIMATION;12351;282;1;1672694750838;0.0
APPROXIMATION;12348;282;1;1672694750838;0.0
APPROXIMATION;12345;282;2;1672694750838;0.0
APPROXIMATION;12346;282;2;1672694750838;0.0
APPROXIMATION;12349;282;2;1672694750838;0.0
APPROXIMATION;12350;282;2;1672694750838;0.0
APPROXIMATION;12352;282;2;1672694750838;0.0
APPROXIMATION;12351;282;2;1672694750838;0.0
APPROXIMATION;12348;282;2;1672694750839;0.0
APPROXIMATION;12345;282;3;1672694750839;0.0
APPROXIMATION;12346;282;3;1672694750839;0.0
APPROXIMATION;12349;282;3;1672694750839;0.0
APPROXIMATION;12350;282;3;1672694750839;0.0
APPROXIMATION;12345;282;4;1672694750839;0.0
APPROXIMATION;12351;282;3;1672694750839;0.0
APPROXIMATION;12348;282;3;1672694750839;0.0
APPROXIMATION;12352;282;3;1672694750839;0.0
APPROXIMATION;12346;282;4;1672694750839;0.0
APPROXIMATION;12348;282;4;1672694750839;0.0
APPROXIMATION;12349;282;4;1672694750839;0.0
APPROXIMATION;12345;282;5;1672694750839;0.0
APPROXIMATION;12350;282;4;1672694750840;0.0
APPROXIMATION;12351;282;4;1672694750840;0.0
APPROXIMATION;12352;282;4;1672694750840;0.0
APPROXIMATION;12346;282;5;1672694750840;0.0
APPROXIMATION;12348;282;5;1672694750840;0.0
APPROXIMATION;12349;282;5;1672694750840;0.0
APPROXIMATION;12350;282;5;1672694750840;0.0
APPROXIMATION;12351;282;5;1672694750840;0.0
APPROXIMATION;12345;282;6;1672694750840;0.0
APPROXIMATION;12352;282;5;1672694750840;0.0
APPROXIMATION;12346;282;6;1672694750840;0.0
APPROXIMATION;12348;282;6;1672694750840;0.0
APPROXIMATION;12349;282;6;1672694750840;0.0
APPROXIMATION;12351;282;6;1672694750840;0.0
APPROXIMATION;12352;282;6;1672694750840;0.0
APPROXIMATION;12350;282;6;1672694750840;0.0
APPROXIMATION;12346;282;7;1672694750840;0.0
APPROXIMATION;12345;282;7;1672694750841;0.0
APPROXIMATION;12349;282;7;1672694750841;0.0
APPROXIMATION;12348;282;7;1672694750841;0.0
APPROXIMATION;12351;282;7;1672694750841;0.0
APPROXIMATION;12352;282;7;1672694750841;0.0
APPROXIMATION;12350;282;7;1672694750841;0.0
APPROXIMATION;12346;282;8;1672694750841;0.0
APPROXIMATION;12345;282;8;1672694750841;0.0
APPROXIMATION;12348;282;8;1672694750841;0.0
APPROXIMATION;12349;282;8;1672694750841;0.0
APPROXIMATION;12351;282;8;1672694750841;0.0
APPROXIMATION;12352;282;8;1672694750841;0.0
APPROXIMATION;12350;282;8;1672694750841;0.0
APPROXIMATION;12346;282;9;1672694750841;0.0
APPROXIMATION;12348;282;9;1672694750841;0.0
APPROXIMATION;12349;282;9;1672694750842;0.0
APPROXIMATION;12345;282;9;1672694750842;0.0
APPROXIMATION;12351;282;9;1672694750842;0.0
APPROXIMATION;12352;282;9;1672694750842;0.0
APPROXIMATION;12350;282;9;1672694750842;0.0
APPROXIMATION;12346;282;10;1672694750842;0.0
APPROXIMATION;12348;282;10;1672694750842;0.0
APPROXIMATION;12349;282;10;1672694750842;0.0
APPROXIMATION;12351;282;10;1672694750842;0.0
APPROXIMATION;12352;282;10;1672694750842;0.0
APPROXIMATION;12350;282;10;1672694750842;0.0
APPROXIMATION;12345;282;10;1672694750842;0.0
APPROXIMATION;12346;282;11;1672694750842;0.0
APPROXIMATION;12348;282;11;1672694750842;0.0
APPROXIMATION;12349;282;11;1672694750842;0.0
APPROXIMATION;12350;282;11;1672694750842;0.0
APPROXIMATION;12351;282;11;1672694750842;0.0
APPROXIMATION;12352;282;11;1672694750843;0.0
APPROXIMATION;12345;282;11;1672694750843;0.0
APPROXIMATION;12346;282;12;1672694750843;0.0
APPROXIMATION;12348;282;12;1672694750843;0.0
APPROXIMATION;12349;282;12;1672694750843;0.0
APPROXIMATION;12350;282;12;1672694750843;0.0
APPROXIMATION;12351;282;12;1672694750843;0.0
APPROXIMATION;12352;282;12;1672694750843;0.0
APPROXIMATION;12345;282;12;1672694750843;0.0
APPROXIMATION;12346;282;13;1672694750843;0.0
APPROXIMATION;12348;282;13;1672694750843;0.0
APPROXIMATION;12349;282;13;1672694750843;0.0
APPROXIMATION;12350;282;13;1672694750843;0.0
APPROXIMATION;12351;282;13;1672694750843;0.0
APPROXIMATION;12352;282;13;1672694750843;0.0
APPROXIMATION;12345;282;13;1672694750844;0.0
HALTED;12346;282;14;1672694750844;0.0
HALTED;12348;282;14;1672694750844;0.0
HALTED;12349;282;14;1672694750844;0.0
HALTED;12350;282;14;1672694750844;0.0
HALTED;12351;282;14;1672694750844;0.0
HALTED;12352;282;14;1672694750844;0.0
HALTED;12345;282;14;1672694750844;0.0
INITIALIZATION;12345;283;0;1672694750945;0.0
INITIALIZATION;12346;283;0;1672694750945;0.0
INITIALIZATION;12348;283;0;1672694750945;0.0
INITIALIZATION;12350;283;0;1672694750946;0.0
INITIALIZATION;12349;283;0;1672694750946;0.0
INITIALIZATION;12351;283;0;1672694750946;0.0
INITIALIZATION;12352;283;0;1672694750946;0.0
APPROXIMATION;12345;283;1;1672694750946;0.0
APPROXIMATION;12346;283;1;1672694750946;0.0
APPROXIMATION;12348;283;1;1672694750946;0.0
APPROXIMATION;12352;283;1;1672694750947;0.0
APPROXIMATION;12351;283;1;1672694750947;0.0
APPROXIMATION;12350;283;1;1672694750947;0.0
APPROXIMATION;12349;283;1;1672694750947;0.0
APPROXIMATION;12345;283;2;1672694750947;0.0
APPROXIMATION;12346;283;2;1672694750947;0.0
APPROXIMATION;12348;283;2;1672694750947;0.0
APPROXIMATION;12350;283;2;1672694750947;0.0
APPROXIMATION;12351;283;2;1672694750947;0.0
APPROXIMATION;12349;283;2;1672694750947;0.0
APPROXIMATION;12352;283;2;1672694750947;0.0
APPROXIMATION;12345;283;3;1672694750947;0.0
APPROXIMATION;12346;283;3;1672694750947;0.0
APPROXIMATION;12350;283;3;1672694750947;0.0
APPROXIMATION;12348;283;3;1672694750947;0.0
APPROXIMATION;12351;283;3;1672694750947;0.0
APPROXIMATION;12349;283;3;1672694750948;0.0
APPROXIMATION;12352;283;3;1672694750948;0.0
APPROXIMATION;12345;283;4;1672694750948;0.0
APPROXIMATION;12346;283;4;1672694750948;0.0
APPROXIMATION;12350;283;4;1672694750948;0.0
APPROXIMATION;12351;283;4;1672694750948;0.0
APPROXIMATION;12348;283;4;1672694750948;0.0
APPROXIMATION;12349;283;4;1672694750948;0.0
APPROXIMATION;12352;283;4;1672694750948;0.0
APPROXIMATION;12345;283;5;1672694750948;0.0
APPROXIMATION;12346;283;5;1672694750948;0.0
APPROXIMATION;12348;283;5;1672694750948;0.0
APPROXIMATION;12350;283;5;1672694750948;0.0
APPROXIMATION;12351;283;5;1672694750948;0.0
APPROXIMATION;12352;283;5;1672694750948;0.0
APPROXIMATION;12349;283;5;1672694750948;0.0
APPROXIMATION;12345;283;6;1672694750949;0.0
APPROXIMATION;12346;283;6;1672694750949;0.0
APPROXIMATION;12348;283;6;1672694750949;0.0
APPROXIMATION;12350;283;6;1672694750949;0.0
APPROXIMATION;12351;283;6;1672694750949;0.0
APPROXIMATION;12352;283;6;1672694750949;0.0
APPROXIMATION;12349;283;6;1672694750949;0.0
APPROXIMATION;12345;283;7;1672694750949;0.0
APPROXIMATION;12346;283;7;1672694750949;0.0
APPROXIMATION;12350;283;7;1672694750949;0.0
APPROXIMATION;12351;283;7;1672694750949;0.0
APPROXIMATION;12349;283;7;1672694750949;0.0
APPROXIMATION;12348;283;7;1672694750949;0.0
APPROXIMATION;12352;283;7;1672694750949;0.0
APPROXIMATION;12345;283;8;1672694750949;0.0
APPROXIMATION;12346;283;8;1672694750949;0.0
APPROXIMATION;12350;283;8;1672694750950;0.0
APPROXIMATION;12349;283;8;1672694750950;0.0
APPROXIMATION;12352;283;8;1672694750950;0.0
APPROXIMATION;12351;283;8;1672694750950;0.0
APPROXIMATION;12348;283;8;1672694750950;0.0
APPROXIMATION;12345;283;9;1672694750950;0.0
APPROXIMATION;12346;283;9;1672694750950;0.0
APPROXIMATION;12349;283;9;1672694750950;0.0
APPROXIMATION;12350;283;9;1672694750950;0.0
APPROXIMATION;12351;283;9;1672694750950;0.0
APPROXIMATION;12352;283;9;1672694750950;0.0
APPROXIMATION;12348;283;9;1672694750950;0.0
APPROXIMATION;12345;283;10;1672694750950;0.0
APPROXIMATION;12346;283;10;1672694750950;0.0
APPROXIMATION;12349;283;10;1672694750950;0.0
APPROXIMATION;12350;283;10;1672694750951;0.0
APPROXIMATION;12351;283;10;1672694750951;0.0
APPROXIMATION;12352;283;10;1672694750951;0.0
APPROXIMATION;12348;283;10;1672694750951;0.0
APPROXIMATION;12345;283;11;1672694750951;0.0
APPROXIMATION;12346;283;11;1672694750951;0.0
APPROXIMATION;12349;283;11;1672694750951;0.0
APPROXIMATION;12351;283;11;1672694750951;0.0
APPROXIMATION;12350;283;11;1672694750951;0.0
APPROXIMATION;12352;283;11;1672694750951;0.0
APPROXIMATION;12348;283;11;1672694750951;0.0
APPROXIMATION;12345;283;12;1672694750951;0.0
APPROXIMATION;12346;283;12;1672694750951;0.0
APPROXIMATION;12349;283;12;1672694750951;0.0
APPROXIMATION;12350;283;12;1672694750951;0.0
APPROXIMATION;12351;283;12;1672694750951;0.0
APPROXIMATION;12352;283;12;1672694750951;0.0
APPROXIMATION;12348;283;12;1672694750951;0.0
APPROXIMATION;12345;283;13;1672694750952;0.0
APPROXIMATION;12346;283;13;1672694750952;0.0
APPROXIMATION;12349;283;13;1672694750952;0.0
APPROXIMATION;12350;283;13;1672694750952;0.0
APPROXIMATION;12351;283;13;1672694750952;0.0
APPROXIMATION;12352;283;13;1672694750952;0.0
APPROXIMATION;12348;283;13;1672694750952;0.0
HALTED;12345;283;14;1672694750952;0.0
HALTED;12346;283;14;1672694750952;0.0
HALTED;12349;283;14;1672694750952;0.0
HALTED;12350;283;14;1672694750952;0.0
HALTED;12351;283;14;1672694750952;0.0
HALTED;12352;283;14;1672694750952;0.0
HALTED;12348;283;14;1672694750952;0.0
INITIALIZATION;12345;284;0;1672694751053;0.0
INITIALIZATION;12346;284;0;1672694751053;0.0
INITIALIZATION;12348;284;0;1672694751053;0.0
INITIALIZATION;12350;284;0;1672694751053;0.0
INITIALIZATION;12349;284;0;1672694751054;0.0
INITIALIZATION;12352;284;0;1672694751054;0.0
INITIALIZATION;12351;284;0;1672694751054;0.0
APPROXIMATION;12345;284;1;1672694751054;0.0
APPROXIMATION;12346;284;1;1672694751054;0.0
APPROXIMATION;12348;284;1;1672694751054;0.0
APPROXIMATION;12349;284;1;1672694751054;0.0
APPROXIMATION;12352;284;1;1672694751054;0.0
APPROXIMATION;12351;284;1;1672694751054;0.0
APPROXIMATION;12350;284;1;1672694751054;0.0
APPROXIMATION;12346;284;2;1672694751054;0.0
APPROXIMATION;12345;284;2;1672694751054;0.0
APPROXIMATION;12348;284;2;1672694751054;0.0
APPROXIMATION;12349;284;2;1672694751054;0.0
APPROXIMATION;12352;284;2;1672694751055;0.0
APPROXIMATION;12350;284;2;1672694751055;0.0
APPROXIMATION;12345;284;3;1672694751055;0.0
APPROXIMATION;12346;284;3;1672694751055;0.0
APPROXIMATION;12352;284;3;1672694751055;0.0
APPROXIMATION;12350;284;3;1672694751099;0.0
APPROXIMATION;12349;284;3;1672694751099;0.0
APPROXIMATION;12348;284;3;1672694751099;0.0
APPROXIMATION;12351;284;2;1672694751099;0.0
APPROXIMATION;12351;284;3;1672694751100;0.0
APPROXIMATION;12345;284;4;1672694751100;0.0
APPROXIMATION;12346;284;4;1672694751100;0.0
APPROXIMATION;12348;284;4;1672694751100;0.0
APPROXIMATION;12352;284;4;1672694751100;0.0
APPROXIMATION;12351;284;4;1672694751100;0.0
APPROXIMATION;12349;284;4;1672694751100;0.0
APPROXIMATION;12350;284;4;1672694751101;0.0
APPROXIMATION;12346;284;5;1672694751101;0.0
APPROXIMATION;12345;284;5;1672694751101;0.0
APPROXIMATION;12348;284;5;1672694751101;0.0
APPROXIMATION;12351;284;5;1672694751101;0.0
APPROXIMATION;12349;284;5;1672694751101;0.0
APPROXIMATION;12352;284;5;1672694751101;0.0
APPROXIMATION;12350;284;5;1672694751101;0.0
APPROXIMATION;12346;284;6;1672694751102;0.0
APPROXIMATION;12345;284;6;1672694751102;0.0
APPROXIMATION;12348;284;6;1672694751102;0.0
APPROXIMATION;12350;284;6;1672694751102;0.0
APPROXIMATION;12351;284;6;1672694751102;0.0
APPROXIMATION;12352;284;6;1672694751102;0.0
APPROXIMATION;12349;284;6;1672694751102;0.0
APPROXIMATION;12350;284;7;1672694751103;0.0
APPROXIMATION;12346;284;7;1672694751103;0.0
APPROXIMATION;12345;284;7;1672694751103;0.0
APPROXIMATION;12351;284;7;1672694751103;0.0
APPROXIMATION;12349;284;7;1672694751103;0.0
APPROXIMATION;12348;284;7;1672694751150;0.0
APPROXIMATION;12352;284;7;1672694751150;0.0
APPROXIMATION;12346;284;8;1672694751150;0.0
APPROXIMATION;12345;284;8;1672694751150;0.0
APPROXIMATION;12348;284;8;1672694751150;0.0
APPROXIMATION;12349;284;8;1672694751150;0.0
APPROXIMATION;12350;284;8;1672694751150;0.0
APPROXIMATION;12351;284;8;1672694751150;0.0
APPROXIMATION;12352;284;8;1672694751150;0.0
APPROXIMATION;12345;284;9;1672694751150;0.0
APPROXIMATION;12348;284;9;1672694751151;0.0
APPROXIMATION;12346;284;9;1672694751151;0.0
APPROXIMATION;12349;284;9;1672694751151;0.0
APPROXIMATION;12350;284;9;1672694751151;0.0
APPROXIMATION;12351;284;9;1672694751151;0.0
APPROXIMATION;12345;284;10;1672694751151;0.0
APPROXIMATION;12352;284;9;1672694751151;0.0
APPROXIMATION;12348;284;10;1672694751152;0.0
APPROXIMATION;12350;284;10;1672694751152;0.0
APPROXIMATION;12351;284;10;1672694751152;0.0
APPROXIMATION;12349;284;10;1672694751152;0.0
APPROXIMATION;12352;284;10;1672694751152;0.0
APPROXIMATION;12346;284;10;1672694751152;0.0
APPROXIMATION;12345;284;11;1672694751152;0.0
APPROXIMATION;12348;284;11;1672694751152;0.0
APPROXIMATION;12346;284;11;1672694751152;0.0
APPROXIMATION;12349;284;11;1672694751152;0.0
APPROXIMATION;12352;284;11;1672694751152;0.0
APPROXIMATION;12351;284;11;1672694751200;0.0
APPROXIMATION;12350;284;11;1672694751200;0.0
APPROXIMATION;12345;284;12;1672694751200;0.0
APPROXIMATION;12346;284;12;1672694751200;0.0
APPROXIMATION;12348;284;12;1672694751200;0.0
APPROXIMATION;12351;284;12;1672694751200;0.0
APPROXIMATION;12349;284;12;1672694751200;0.0
APPROXIMATION;12352;284;12;1672694751200;0.0
APPROXIMATION;12350;284;12;1672694751200;0.0
APPROXIMATION;12346;284;13;1672694751200;0.0
APPROXIMATION;12345;284;13;1672694751200;0.0
APPROXIMATION;12348;284;13;1672694751200;0.0
APPROXIMATION;12351;284;13;1672694751200;0.0
APPROXIMATION;12352;284;13;1672694751201;0.0
APPROXIMATION;12350;284;13;1672694751201;0.0
HALTED;12346;284;14;1672694751201;0.0
APPROXIMATION;12349;284;13;1672694751201;0.0
HALTED;12345;284;14;1672694751201;0.0
HALTED;12350;284;14;1672694751201;0.0
HALTED;12351;284;14;1672694751201;0.0
HALTED;12349;284;14;1672694751201;0.0
HALTED;12352;284;14;1672694751201;0.0
HALTED;12348;284;14;1672694751249;0.0
INITIALIZATION;12345;285;0;1672694751302;0.0
INITIALIZATION;12346;285;0;1672694751302;0.0
INITIALIZATION;12348;285;0;1672694751302;0.0
INITIALIZATION;12349;285;0;1672694751302;0.0
INITIALIZATION;12350;285;0;1672694751302;0.0
INITIALIZATION;12352;285;0;1672694751302;0.0
INITIALIZATION;12351;285;0;1672694751303;0.0
APPROXIMATION;12345;285;1;1672694751303;0.0
APPROXIMATION;12346;285;1;1672694751303;0.0
APPROXIMATION;12348;285;1;1672694751303;0.0
APPROXIMATION;12351;285;1;1672694751303;0.0
APPROXIMATION;12349;285;1;1672694751303;0.0
APPROXIMATION;12350;285;1;1672694751303;0.0
APPROXIMATION;12352;285;1;1672694751303;0.0
APPROXIMATION;12346;285;2;1672694751303;0.0
APPROXIMATION;12345;285;2;1672694751303;0.0
APPROXIMATION;12348;285;2;1672694751303;0.0
APPROXIMATION;12351;285;2;1672694751303;0.0
APPROXIMATION;12350;285;2;1672694751303;0.0
APPROXIMATION;12352;285;2;1672694751303;0.0
APPROXIMATION;12349;285;2;1672694751303;0.0
APPROXIMATION;12346;285;3;1672694751304;0.0
APPROXIMATION;12348;285;3;1672694751304;0.0
APPROXIMATION;12345;285;3;1672694751304;0.0
APPROXIMATION;12351;285;3;1672694751304;0.0
APPROXIMATION;12350;285;3;1672694751304;0.0
APPROXIMATION;12349;285;3;1672694751304;0.0
APPROXIMATION;12352;285;3;1672694751304;0.0
APPROXIMATION;12346;285;4;1672694751304;0.0
APPROXIMATION;12348;285;4;1672694751304;0.0
APPROXIMATION;12349;285;4;1672694751304;0.0
APPROXIMATION;12350;285;4;1672694751304;0.0
APPROXIMATION;12351;285;4;1672694751304;0.0
APPROXIMATION;12345;285;4;1672694751304;0.0
APPROXIMATION;12352;285;4;1672694751304;0.0
APPROXIMATION;12346;285;5;1672694751304;0.0
APPROXIMATION;12348;285;5;1672694751305;0.0
APPROXIMATION;12349;285;5;1672694751305;0.0
APPROXIMATION;12350;285;5;1672694751305;0.0
APPROXIMATION;12351;285;5;1672694751305;0.0
APPROXIMATION;12345;285;5;1672694751305;0.0
APPROXIMATION;12352;285;5;1672694751305;0.0
APPROXIMATION;12346;285;6;1672694751305;0.0
APPROXIMATION;12348;285;6;1672694751305;0.0
APPROXIMATION;12349;285;6;1672694751305;0.0
APPROXIMATION;12350;285;6;1672694751305;0.0
APPROXIMATION;12351;285;6;1672694751305;0.0
APPROXIMATION;12345;285;6;1672694751305;0.0
APPROXIMATION;12352;285;6;1672694751305;0.0
APPROXIMATION;12346;285;7;1672694751305;0.0
APPROXIMATION;12348;285;7;1672694751306;0.0
APPROXIMATION;12350;285;7;1672694751306;0.0
APPROXIMATION;12349;285;7;1672694751306;0.0
APPROXIMATION;12351;285;7;1672694751306;0.0
APPROXIMATION;12345;285;7;1672694751306;0.0
APPROXIMATION;12352;285;7;1672694751306;0.0
APPROXIMATION;12346;285;8;1672694751306;0.0
APPROXIMATION;12348;285;8;1672694751306;0.0
APPROXIMATION;12349;285;8;1672694751306;0.0
APPROXIMATION;12350;285;8;1672694751306;0.0
APPROXIMATION;12351;285;8;1672694751306;0.0
APPROXIMATION;12352;285;8;1672694751306;0.0
APPROXIMATION;12345;285;8;1672694751306;0.0
APPROXIMATION;12346;285;9;1672694751306;0.0
APPROXIMATION;12348;285;9;1672694751306;0.0
APPROXIMATION;12349;285;9;1672694751307;0.0
APPROXIMATION;12350;285;9;1672694751307;0.0
APPROXIMATION;12351;285;9;1672694751307;0.0
APPROXIMATION;12352;285;9;1672694751307;0.0
APPROXIMATION;12345;285;9;1672694751307;0.0
APPROXIMATION;12346;285;10;1672694751307;0.0
APPROXIMATION;12348;285;10;1672694751307;0.0
APPROXIMATION;12349;285;10;1672694751307;0.0
APPROXIMATION;12350;285;10;1672694751307;0.0
APPROXIMATION;12351;285;10;1672694751307;0.0
APPROXIMATION;12352;285;10;1672694751307;0.0
APPROXIMATION;12345;285;10;1672694751307;0.0
APPROXIMATION;12346;285;11;1672694751307;0.0
APPROXIMATION;12348;285;11;1672694751308;0.0
APPROXIMATION;12349;285;11;1672694751308;0.0
APPROXIMATION;12350;285;11;1672694751308;0.0
APPROXIMATION;12351;285;11;1672694751308;0.0
APPROXIMATION;12352;285;11;1672694751308;0.0
APPROXIMATION;12345;285;11;1672694751308;0.0
APPROXIMATION;12346;285;12;1672694751308;0.0
APPROXIMATION;12348;285;12;1672694751308;0.0
APPROXIMATION;12349;285;12;1672694751308;0.0
APPROXIMATION;12351;285;12;1672694751308;0.0
APPROXIMATION;12350;285;12;1672694751308;0.0
APPROXIMATION;12352;285;12;1672694751308;0.0
APPROXIMATION;12345;285;12;1672694751308;0.0
APPROXIMATION;12346;285;13;1672694751308;0.0
APPROXIMATION;12348;285;13;1672694751309;0.0
APPROXIMATION;12349;285;13;1672694751309;0.0
APPROXIMATION;12350;285;13;1672694751309;0.0
APPROXIMATION;12351;285;13;1672694751309;0.0
APPROXIMATION;12352;285;13;1672694751309;0.0
APPROXIMATION;12345;285;13;1672694751309;0.0
HALTED;12346;285;14;1672694751309;0.0
HALTED;12348;285;14;1672694751309;0.0
HALTED;12349;285;14;1672694751309;0.0
HALTED;12350;285;14;1672694751309;0.0
HALTED;12351;285;14;1672694751309;0.0
HALTED;12352;285;14;1672694751309;0.0
HALTED;12345;285;14;1672694751309;0.0
INITIALIZATION;12345;286;0;1672694751410;0.0
INITIALIZATION;12346;286;0;1672694751411;0.0
INITIALIZATION;12348;286;0;1672694751411;0.0
INITIALIZATION;12351;286;0;1672694751411;0.0
INITIALIZATION;12349;286;0;1672694751411;0.0
INITIALIZATION;12350;286;0;1672694751411;0.0
INITIALIZATION;12352;286;0;1672694751411;0.0
APPROXIMATION;12345;286;1;1672694751412;0.0
APPROXIMATION;12346;286;1;1672694751412;0.0
APPROXIMATION;12348;286;1;1672694751412;0.0
APPROXIMATION;12349;286;1;1672694751412;0.0
APPROXIMATION;12350;286;1;1672694751412;0.0
APPROXIMATION;12352;286;1;1672694751412;0.0
APPROXIMATION;12351;286;1;1672694751412;0.0
APPROXIMATION;12346;286;2;1672694751412;0.0
APPROXIMATION;12348;286;2;1672694751412;0.0
APPROXIMATION;12345;286;2;1672694751412;0.0
APPROXIMATION;12349;286;2;1672694751412;0.0
APPROXIMATION;12350;286;2;1672694751412;0.0
APPROXIMATION;12351;286;2;1672694751412;0.0
APPROXIMATION;12346;286;3;1672694751412;0.0
APPROXIMATION;12352;286;2;1672694751412;0.0
APPROXIMATION;12348;286;3;1672694751413;0.0
APPROXIMATION;12349;286;3;1672694751413;0.0
APPROXIMATION;12351;286;3;1672694751413;0.0
APPROXIMATION;12352;286;3;1672694751413;0.0
APPROXIMATION;12345;286;3;1672694751460;0.0
APPROXIMATION;12350;286;3;1672694751460;0.0
APPROXIMATION;12346;286;4;1672694751460;0.0
APPROXIMATION;12348;286;4;1672694751460;0.0
APPROXIMATION;12345;286;4;1672694751460;0.0
APPROXIMATION;12350;286;4;1672694751460;0.0
APPROXIMATION;12349;286;4;1672694751460;0.0
APPROXIMATION;12352;286;4;1672694751460;0.0
APPROXIMATION;12351;286;4;1672694751461;0.0
APPROXIMATION;12345;286;5;1672694751461;0.0
APPROXIMATION;12346;286;5;1672694751461;0.0
APPROXIMATION;12348;286;5;1672694751461;0.0
APPROXIMATION;12349;286;5;1672694751461;0.0
APPROXIMATION;12350;286;5;1672694751461;0.0
APPROXIMATION;12351;286;5;1672694751461;0.0
APPROXIMATION;12352;286;5;1672694751461;0.0
APPROXIMATION;12345;286;6;1672694751461;0.0
APPROXIMATION;12346;286;6;1672694751461;0.0
APPROXIMATION;12348;286;6;1672694751461;0.0
APPROXIMATION;12350;286;6;1672694751461;0.0
APPROXIMATION;12349;286;6;1672694751461;0.0
APPROXIMATION;12351;286;6;1672694751461;0.0
APPROXIMATION;12352;286;6;1672694751462;0.0
APPROXIMATION;12345;286;7;1672694751462;0.0
APPROXIMATION;12346;286;7;1672694751462;0.0
APPROXIMATION;12348;286;7;1672694751462;0.0
APPROXIMATION;12346;286;8;1672694751462;0.0
APPROXIMATION;12349;286;7;1672694751462;0.0
APPROXIMATION;12350;286;7;1672694751462;0.0
APPROXIMATION;12352;286;7;1672694751462;0.0
APPROXIMATION;12351;286;7;1672694751462;0.0
APPROXIMATION;12345;286;8;1672694751462;0.0
APPROXIMATION;12346;286;9;1672694751463;0.0
APPROXIMATION;12348;286;8;1672694751463;0.0
APPROXIMATION;12349;286;8;1672694751463;0.0
APPROXIMATION;12350;286;8;1672694751463;0.0
APPROXIMATION;12351;286;8;1672694751463;0.0
APPROXIMATION;12352;286;8;1672694751463;0.0
APPROXIMATION;12345;286;9;1672694751463;0.0
APPROXIMATION;12348;286;9;1672694751463;0.0
APPROXIMATION;12349;286;9;1672694751463;0.0
APPROXIMATION;12350;286;9;1672694751463;0.0
APPROXIMATION;12346;286;10;1672694751463;0.0
APPROXIMATION;12351;286;9;1672694751463;0.0
APPROXIMATION;12352;286;9;1672694751463;0.0
APPROXIMATION;12345;286;10;1672694751463;0.0
APPROXIMATION;12348;286;10;1672694751464;0.0
APPROXIMATION;12349;286;10;1672694751464;0.0
APPROXIMATION;12350;286;10;1672694751464;0.0
APPROXIMATION;12346;286;11;1672694751464;0.0
APPROXIMATION;12351;286;10;1672694751464;0.0
APPROXIMATION;12352;286;10;1672694751464;0.0
APPROXIMATION;12345;286;11;1672694751464;0.0
APPROXIMATION;12348;286;11;1672694751464;0.0
APPROXIMATION;12350;286;11;1672694751464;0.0
APPROXIMATION;12349;286;11;1672694751464;0.0
APPROXIMATION;12351;286;11;1672694751464;0.0
APPROXIMATION;12346;286;12;1672694751464;0.0
APPROXIMATION;12352;286;11;1672694751464;0.0
APPROXIMATION;12345;286;12;1672694751464;0.0
APPROXIMATION;12348;286;12;1672694751464;0.0
APPROXIMATION;12350;286;12;1672694751464;0.0
APPROXIMATION;12351;286;12;1672694751464;0.0
APPROXIMATION;12349;286;12;1672694751464;0.0
APPROXIMATION;12352;286;12;1672694751464;0.0
APPROXIMATION;12346;286;13;1672694751465;0.0
APPROXIMATION;12345;286;13;1672694751465;0.0
APPROXIMATION;12348;286;13;1672694751465;0.0
APPROXIMATION;12350;286;13;1672694751465;0.0
APPROXIMATION;12351;286;13;1672694751465;0.0
APPROXIMATION;12352;286;13;1672694751465;0.0
APPROXIMATION;12349;286;13;1672694751465;0.0
HALTED;12346;286;14;1672694751465;0.0
HALTED;12345;286;14;1672694751465;0.0
HALTED;12348;286;14;1672694751465;0.0
HALTED;12350;286;14;1672694751465;0.0
HALTED;12351;286;14;1672694751465;0.0
HALTED;12352;286;14;1672694751465;0.0
HALTED;12349;286;14;1672694751465;0.0
INITIALIZATION;12345;287;0;1672694751566;0.0
INITIALIZATION;12346;287;0;1672694751566;0.0
INITIALIZATION;12348;287;0;1672694751566;0.0
INITIALIZATION;12350;287;0;1672694751566;0.0
INITIALIZATION;12352;287;0;1672694751567;0.0
INITIALIZATION;12351;287;0;1672694751567;0.0
INITIALIZATION;12349;287;0;1672694751579;0.0
APPROXIMATION;12345;287;1;1672694751579;0.0
APPROXIMATION;12346;287;1;1672694751579;0.0
APPROXIMATION;12348;287;1;1672694751580;0.0
APPROXIMATION;12350;287;1;1672694751580;0.0
APPROXIMATION;12351;287;1;1672694751580;0.0
APPROXIMATION;12352;287;1;1672694751580;0.0
APPROXIMATION;12349;287;1;1672694751580;0.0
APPROXIMATION;12346;287;2;1672694751580;0.0
APPROXIMATION;12345;287;2;1672694751580;0.0
APPROXIMATION;12348;287;2;1672694751580;0.0
APPROXIMATION;12351;287;2;1672694751580;0.0
APPROXIMATION;12349;287;2;1672694751580;0.0
APPROXIMATION;12350;287;2;1672694751581;0.0
APPROXIMATION;12352;287;2;1672694751581;0.0
APPROXIMATION;12346;287;3;1672694751581;0.0
APPROXIMATION;12345;287;3;1672694751581;0.0
APPROXIMATION;12348;287;3;1672694751581;0.0
APPROXIMATION;12351;287;3;1672694751581;0.0
APPROXIMATION;12349;287;3;1672694751581;0.0
APPROXIMATION;12352;287;3;1672694751581;0.0
APPROXIMATION;12350;287;3;1672694751581;0.0
APPROXIMATION;12346;287;4;1672694751581;0.0
APPROXIMATION;12348;287;4;1672694751581;0.0
APPROXIMATION;12345;287;4;1672694751581;0.0
APPROXIMATION;12349;287;4;1672694751581;0.0
APPROXIMATION;12350;287;4;1672694751581;0.0
APPROXIMATION;12351;287;4;1672694751581;0.0
APPROXIMATION;12352;287;4;1672694751581;0.0
APPROXIMATION;12346;287;5;1672694751582;0.0
APPROXIMATION;12348;287;5;1672694751582;0.0
APPROXIMATION;12351;287;5;1672694751582;0.0
APPROXIMATION;12349;287;5;1672694751582;0.0
APPROXIMATION;12345;287;5;1672694751582;0.0
APPROXIMATION;12350;287;5;1672694751582;0.0
APPROXIMATION;12352;287;5;1672694751582;0.0
APPROXIMATION;12346;287;6;1672694751582;0.0
APPROXIMATION;12348;287;6;1672694751582;0.0
APPROXIMATION;12349;287;6;1672694751582;0.0
APPROXIMATION;12350;287;6;1672694751582;0.0
APPROXIMATION;12351;287;6;1672694751582;0.0
APPROXIMATION;12345;287;6;1672694751582;0.0
APPROXIMATION;12352;287;6;1672694751582;0.0
APPROXIMATION;12346;287;7;1672694751582;0.0
APPROXIMATION;12348;287;7;1672694751583;0.0
APPROXIMATION;12350;287;7;1672694751583;0.0
APPROXIMATION;12349;287;7;1672694751583;0.0
APPROXIMATION;12351;287;7;1672694751583;0.0
APPROXIMATION;12352;287;7;1672694751583;0.0
APPROXIMATION;12345;287;7;1672694751583;0.0
APPROXIMATION;12346;287;8;1672694751583;0.0
APPROXIMATION;12348;287;8;1672694751583;0.0
APPROXIMATION;12349;287;8;1672694751583;0.0
APPROXIMATION;12350;287;8;1672694751583;0.0
APPROXIMATION;12351;287;8;1672694751583;0.0
APPROXIMATION;12352;287;8;1672694751583;0.0
APPROXIMATION;12345;287;8;1672694751583;0.0
APPROXIMATION;12346;287;9;1672694751583;0.0
APPROXIMATION;12348;287;9;1672694751584;0.0
APPROXIMATION;12349;287;9;1672694751584;0.0
APPROXIMATION;12350;287;9;1672694751584;0.0
APPROXIMATION;12351;287;9;1672694751584;0.0
APPROXIMATION;12352;287;9;1672694751584;0.0
APPROXIMATION;12345;287;9;1672694751584;0.0
APPROXIMATION;12346;287;10;1672694751584;0.0
APPROXIMATION;12348;287;10;1672694751584;0.0
APPROXIMATION;12349;287;10;1672694751584;0.0
APPROXIMATION;12350;287;10;1672694751584;0.0
APPROXIMATION;12351;287;10;1672694751584;0.0
APPROXIMATION;12352;287;10;1672694751584;0.0
APPROXIMATION;12345;287;10;1672694751584;0.0
APPROXIMATION;12346;287;11;1672694751584;0.0
APPROXIMATION;12348;287;11;1672694751584;0.0
APPROXIMATION;12349;287;11;1672694751585;0.0
APPROXIMATION;12351;287;11;1672694751585;0.0
APPROXIMATION;12350;287;11;1672694751585;0.0
APPROXIMATION;12345;287;11;1672694751585;0.0
APPROXIMATION;12352;287;11;1672694751585;0.0
APPROXIMATION;12346;287;12;1672694751585;0.0
APPROXIMATION;12348;287;12;1672694751585;0.0
APPROXIMATION;12349;287;12;1672694751585;0.0
APPROXIMATION;12351;287;12;1672694751585;0.0
APPROXIMATION;12350;287;12;1672694751585;0.0
APPROXIMATION;12345;287;12;1672694751585;0.0
APPROXIMATION;12352;287;12;1672694751585;0.0
APPROXIMATION;12346;287;13;1672694751585;0.0
APPROXIMATION;12348;287;13;1672694751585;0.0
APPROXIMATION;12350;287;13;1672694751586;0.0
APPROXIMATION;12351;287;13;1672694751586;0.0
APPROXIMATION;12349;287;13;1672694751586;0.0
APPROXIMATION;12352;287;13;1672694751586;0.0
APPROXIMATION;12345;287;13;1672694751586;0.0
HALTED;12346;287;14;1672694751586;0.0
HALTED;12348;287;14;1672694751586;0.0
HALTED;12349;287;14;1672694751586;0.0
HALTED;12350;287;14;1672694751586;0.0
HALTED;12351;287;14;1672694751586;0.0
HALTED;12352;287;14;1672694751586;0.0
HALTED;12345;287;14;1672694751586;0.0
INITIALIZATION;12345;288;0;1672694751687;0.0
INITIALIZATION;12346;288;0;1672694751688;0.0
INITIALIZATION;12348;288;0;1672694751688;0.0
INITIALIZATION;12350;288;0;1672694751688;0.0
INITIALIZATION;12349;288;0;1672694751688;0.0
INITIALIZATION;12352;288;0;1672694751688;0.0
INITIALIZATION;12351;288;0;1672694751688;0.0
APPROXIMATION;12345;288;1;1672694751688;0.0
APPROXIMATION;12346;288;1;1672694751688;0.0
APPROXIMATION;12348;288;1;1672694751688;0.0
APPROXIMATION;12351;288;1;1672694751688;0.0
APPROXIMATION;12350;288;1;1672694751688;0.0
APPROXIMATION;12349;288;1;1672694751688;0.0
APPROXIMATION;12352;288;1;1672694751688;0.0
APPROXIMATION;12346;288;2;1672694751689;0.0
APPROXIMATION;12348;288;2;1672694751689;0.0
APPROXIMATION;12351;288;2;1672694751689;0.0
APPROXIMATION;12350;288;2;1672694751689;0.0
APPROXIMATION;12352;288;2;1672694751689;0.0
APPROXIMATION;12349;288;2;1672694751689;0.0
APPROXIMATION;12346;288;3;1672694751689;0.0
APPROXIMATION;12345;288;2;1672694751729;0.0
APPROXIMATION;12349;288;3;1672694751729;0.0
APPROXIMATION;12348;288;3;1672694751729;0.0
APPROXIMATION;12350;288;3;1672694751729;0.0
APPROXIMATION;12352;288;3;1672694751729;0.0
APPROXIMATION;12351;288;3;1672694751729;0.0
APPROXIMATION;12345;288;3;1672694751730;0.0
APPROXIMATION;12346;288;4;1672694751730;0.0
APPROXIMATION;12348;288;4;1672694751730;0.0
APPROXIMATION;12349;288;4;1672694751730;0.0
APPROXIMATION;12351;288;4;1672694751730;0.0
APPROXIMATION;12350;288;4;1672694751730;0.0
APPROXIMATION;12345;288;4;1672694751730;0.0
APPROXIMATION;12352;288;4;1672694751730;0.0
APPROXIMATION;12346;288;5;1672694751730;0.0
APPROXIMATION;12348;288;5;1672694751730;0.0
APPROXIMATION;12345;288;5;1672694751730;0.0
APPROXIMATION;12349;288;5;1672694751730;0.0
APPROXIMATION;12350;288;5;1672694751731;0.0
APPROXIMATION;12351;288;5;1672694751731;0.0
APPROXIMATION;12352;288;5;1672694751731;0.0
APPROXIMATION;12346;288;6;1672694751731;0.0
APPROXIMATION;12351;288;6;1672694751731;0.0
APPROXIMATION;12352;288;6;1672694751731;0.0
APPROXIMATION;12345;288;6;1672694751731;0.0
APPROXIMATION;12348;288;6;1672694751731;0.0
APPROXIMATION;12349;288;6;1672694751731;0.0
APPROXIMATION;12350;288;6;1672694751731;0.0
APPROXIMATION;12346;288;7;1672694751731;0.0
APPROXIMATION;12345;288;7;1672694751731;0.0
APPROXIMATION;12351;288;7;1672694751731;0.0
APPROXIMATION;12348;288;7;1672694751731;0.0
APPROXIMATION;12350;288;7;1672694751732;0.0
APPROXIMATION;12352;288;7;1672694751732;0.0
APPROXIMATION;12349;288;7;1672694751732;0.0
APPROXIMATION;12346;288;8;1672694751732;0.0
APPROXIMATION;12348;288;8;1672694751732;0.0
APPROXIMATION;12345;288;8;1672694751732;0.0
APPROXIMATION;12350;288;8;1672694751732;0.0
APPROXIMATION;12352;288;8;1672694751732;0.0
APPROXIMATION;12351;288;8;1672694751732;0.0
APPROXIMATION;12349;288;8;1672694751732;0.0
APPROXIMATION;12346;288;9;1672694751732;0.0
APPROXIMATION;12348;288;9;1672694751732;0.0
APPROXIMATION;12345;288;9;1672694751732;0.0
APPROXIMATION;12350;288;9;1672694751732;0.0
APPROXIMATION;12352;288;9;1672694751732;0.0
APPROXIMATION;12351;288;9;1672694751732;0.0
APPROXIMATION;12349;288;9;1672694751732;0.0
APPROXIMATION;12346;288;10;1672694751733;0.0
APPROXIMATION;12348;288;10;1672694751733;0.0
APPROXIMATION;12345;288;10;1672694751733;0.0
APPROXIMATION;12350;288;10;1672694751733;0.0
APPROXIMATION;12351;288;10;1672694751733;0.0
APPROXIMATION;12352;288;10;1672694751733;0.0
APPROXIMATION;12349;288;10;1672694751733;0.0
APPROXIMATION;12346;288;11;1672694751733;0.0
APPROXIMATION;12348;288;11;1672694751733;0.0
APPROXIMATION;12345;288;11;1672694751733;0.0
APPROXIMATION;12351;288;11;1672694751733;0.0
APPROXIMATION;12350;288;11;1672694751733;0.0
APPROXIMATION;12352;288;11;1672694751733;0.0
APPROXIMATION;12349;288;11;1672694751733;0.0
APPROXIMATION;12346;288;12;1672694751733;0.0
APPROXIMATION;12348;288;12;1672694751734;0.0
APPROXIMATION;12345;288;12;1672694751734;0.0
APPROXIMATION;12350;288;12;1672694751734;0.0
APPROXIMATION;12351;288;12;1672694751734;0.0
APPROXIMATION;12352;288;12;1672694751734;0.0
APPROXIMATION;12349;288;12;1672694751734;0.0
APPROXIMATION;12346;288;13;1672694751734;0.0
APPROXIMATION;12348;288;13;1672694751734;0.0
APPROXIMATION;12350;288;13;1672694751734;0.0
APPROXIMATION;12351;288;13;1672694751734;0.0
APPROXIMATION;12345;288;13;1672694751734;0.0
APPROXIMATION;12352;288;13;1672694751734;0.0
APPROXIMATION;12349;288;13;1672694751734;0.0
HALTED;12346;288;14;1672694751734;0.0
HALTED;12348;288;14;1672694751734;0.0
HALTED;12350;288;14;1672694751734;0.0
HALTED;12351;288;14;1672694751734;0.0
HALTED;12345;288;14;1672694751734;0.0
HALTED;12352;288;14;1672694751734;0.0
HALTED;12349;288;14;1672694751734;0.0
INITIALIZATION;12345;289;0;1672694751835;0.0
INITIALIZATION;12346;289;0;1672694751836;0.0
INITIALIZATION;12348;289;0;1672694751836;0.0
INITIALIZATION;12349;289;0;1672694751836;0.0
INITIALIZATION;12350;289;0;1672694751836;0.0
INITIALIZATION;12351;289;0;1672694751836;0.0
INITIALIZATION;12352;289;0;1672694751836;0.0
APPROXIMATION;12345;289;1;1672694751836;0.0
APPROXIMATION;12346;289;1;1672694751836;0.0
APPROXIMATION;12348;289;1;1672694751836;0.0
APPROXIMATION;12349;289;1;1672694751836;0.0
APPROXIMATION;12352;289;1;1672694751836;0.0
APPROXIMATION;12351;289;1;1672694751836;0.0
APPROXIMATION;12350;289;1;1672694751836;0.0
APPROXIMATION;12346;289;2;1672694751837;0.0
APPROXIMATION;12345;289;2;1672694751837;0.0
APPROXIMATION;12348;289;2;1672694751837;0.0
APPROXIMATION;12349;289;2;1672694751837;0.0
APPROXIMATION;12351;289;2;1672694751837;0.0
APPROXIMATION;12352;289;2;1672694751837;0.0
APPROXIMATION;12350;289;2;1672694751837;0.0
APPROXIMATION;12346;289;3;1672694751837;0.0
APPROXIMATION;12348;289;3;1672694751837;0.0
APPROXIMATION;12345;289;3;1672694751837;0.0
APPROXIMATION;12351;289;3;1672694751837;0.0
APPROXIMATION;12349;289;3;1672694751837;0.0
APPROXIMATION;12352;289;3;1672694751837;0.0
APPROXIMATION;12350;289;3;1672694751837;0.0
APPROXIMATION;12346;289;4;1672694751837;0.0
APPROXIMATION;12348;289;4;1672694751837;0.0
APPROXIMATION;12349;289;4;1672694751838;0.0
APPROXIMATION;12351;289;4;1672694751838;0.0
APPROXIMATION;12350;289;4;1672694751838;0.0
APPROXIMATION;12345;289;4;1672694751838;0.0
APPROXIMATION;12352;289;4;1672694751838;0.0
APPROXIMATION;12346;289;5;1672694751838;0.0
APPROXIMATION;12348;289;5;1672694751838;0.0
APPROXIMATION;12349;289;5;1672694751838;0.0
APPROXIMATION;12350;289;5;1672694751838;0.0
APPROXIMATION;12351;289;5;1672694751838;0.0
APPROXIMATION;12345;289;5;1672694751838;0.0
APPROXIMATION;12352;289;5;1672694751838;0.0
APPROXIMATION;12346;289;6;1672694751838;0.0
APPROXIMATION;12348;289;6;1672694751838;0.0
APPROXIMATION;12349;289;6;1672694751839;0.0
APPROXIMATION;12350;289;6;1672694751839;0.0
APPROXIMATION;12351;289;6;1672694751839;0.0
APPROXIMATION;12352;289;6;1672694751839;0.0
APPROXIMATION;12345;289;6;1672694751839;0.0
APPROXIMATION;12346;289;7;1672694751839;0.0
APPROXIMATION;12348;289;7;1672694751839;0.0
APPROXIMATION;12349;289;7;1672694751839;0.0
APPROXIMATION;12350;289;7;1672694751839;0.0
APPROXIMATION;12351;289;7;1672694751839;0.0
APPROXIMATION;12345;289;7;1672694751839;0.0
APPROXIMATION;12352;289;7;1672694751839;0.0
APPROXIMATION;12346;289;8;1672694751839;0.0
APPROXIMATION;12348;289;8;1672694751839;0.0
APPROXIMATION;12349;289;8;1672694751839;0.0
APPROXIMATION;12350;289;8;1672694751840;0.0
APPROXIMATION;12351;289;8;1672694751840;0.0
APPROXIMATION;12352;289;8;1672694751840;0.0
APPROXIMATION;12345;289;8;1672694751840;0.0
APPROXIMATION;12346;289;9;1672694751840;0.0
APPROXIMATION;12348;289;9;1672694751840;0.0
APPROXIMATION;12349;289;9;1672694751840;0.0
APPROXIMATION;12350;289;9;1672694751840;0.0
APPROXIMATION;12345;289;9;1672694751840;0.0
APPROXIMATION;12351;289;9;1672694751840;0.0
APPROXIMATION;12352;289;9;1672694751840;0.0
APPROXIMATION;12346;289;10;1672694751840;0.0
APPROXIMATION;12348;289;10;1672694751840;0.0
APPROXIMATION;12349;289;10;1672694751840;0.0
APPROXIMATION;12350;289;10;1672694751841;0.0
APPROXIMATION;12351;289;10;1672694751841;0.0
APPROXIMATION;12345;289;10;1672694751841;0.0
APPROXIMATION;12352;289;10;1672694751841;0.0
APPROXIMATION;12346;289;11;1672694751841;0.0
APPROXIMATION;12348;289;11;1672694751841;0.0
APPROXIMATION;12349;289;11;1672694751841;0.0
APPROXIMATION;12350;289;11;1672694751841;0.0
APPROXIMATION;12351;289;11;1672694751841;0.0
APPROXIMATION;12352;289;11;1672694751841;0.0
APPROXIMATION;12345;289;11;1672694751841;0.0
APPROXIMATION;12346;289;12;1672694751841;0.0
APPROXIMATION;12348;289;12;1672694751841;0.0
APPROXIMATION;12349;289;12;1672694751841;0.0
APPROXIMATION;12350;289;12;1672694751841;0.0
APPROXIMATION;12351;289;12;1672694751841;0.0
APPROXIMATION;12352;289;12;1672694751842;0.0
APPROXIMATION;12345;289;12;1672694751842;0.0
APPROXIMATION;12346;289;13;1672694751842;0.0
APPROXIMATION;12348;289;13;1672694751842;0.0
APPROXIMATION;12349;289;13;1672694751842;0.0
APPROXIMATION;12350;289;13;1672694751842;0.0
APPROXIMATION;12351;289;13;1672694751842;0.0
APPROXIMATION;12345;289;13;1672694751842;0.0
APPROXIMATION;12352;289;13;1672694751842;0.0
HALTED;12346;289;14;1672694751842;0.0
HALTED;12348;289;14;1672694751842;0.0
HALTED;12349;289;14;1672694751842;0.0
HALTED;12350;289;14;1672694751842;0.0
HALTED;12351;289;14;1672694751842;0.0
HALTED;12345;289;14;1672694751842;0.0
HALTED;12352;289;14;1672694751843;0.0
INITIALIZATION;12345;290;0;1672694751943;0.0
INITIALIZATION;12346;290;0;1672694751944;0.0
INITIALIZATION;12348;290;0;1672694751944;0.0
INITIALIZATION;12350;290;0;1672694751945;0.0
INITIALIZATION;12351;290;0;1672694751945;0.0
INITIALIZATION;12349;290;0;1672694751945;0.0
APPROXIMATION;12345;290;1;1672694751945;0.0
INITIALIZATION;12352;290;0;1672694751945;0.0
APPROXIMATION;12346;290;1;1672694751946;0.0
APPROXIMATION;12348;290;1;1672694751946;0.0
APPROXIMATION;12349;290;1;1672694751947;0.0
APPROXIMATION;12350;290;1;1672694751947;0.0
APPROXIMATION;12351;290;1;1672694751947;0.0
APPROXIMATION;12346;290;2;1672694751947;0.0
APPROXIMATION;12345;290;2;1672694751947;0.0
APPROXIMATION;12352;290;1;1672694751948;0.0
APPROXIMATION;12348;290;2;1672694751949;0.0
APPROXIMATION;12349;290;2;1672694751949;0.0
APPROXIMATION;12350;290;2;1672694751950;0.0
APPROXIMATION;12351;290;2;1672694751950;0.0
APPROXIMATION;12352;290;2;1672694751950;0.0
APPROXIMATION;12346;290;3;1672694751950;0.0
APPROXIMATION;12345;290;3;1672694751950;0.0
APPROXIMATION;12348;290;3;1672694751950;0.0
APPROXIMATION;12349;290;3;1672694751950;0.0
APPROXIMATION;12351;290;3;1672694751950;0.0
APPROXIMATION;12350;290;3;1672694751950;0.0
APPROXIMATION;12352;290;3;1672694751950;0.0
APPROXIMATION;12345;290;4;1672694751950;0.0
APPROXIMATION;12346;290;4;1672694751950;0.0
APPROXIMATION;12348;290;4;1672694751950;0.0
APPROXIMATION;12349;290;4;1672694751951;0.0
APPROXIMATION;12351;290;4;1672694751951;0.0
APPROXIMATION;12350;290;4;1672694751951;0.0
APPROXIMATION;12352;290;4;1672694751951;0.0
APPROXIMATION;12345;290;5;1672694751951;0.0
APPROXIMATION;12348;290;5;1672694751951;0.0
APPROXIMATION;12346;290;5;1672694751951;0.0
APPROXIMATION;12351;290;5;1672694751951;0.0
APPROXIMATION;12349;290;5;1672694751951;0.0
APPROXIMATION;12352;290;5;1672694751951;0.0
APPROXIMATION;12350;290;5;1672694751951;0.0
APPROXIMATION;12348;290;6;1672694751951;0.0
APPROXIMATION;12346;290;6;1672694751951;0.0
APPROXIMATION;12349;290;6;1672694751951;0.0
APPROXIMATION;12345;290;6;1672694751951;0.0
APPROXIMATION;12351;290;6;1672694751951;0.0
APPROXIMATION;12352;290;6;1672694751951;0.0
APPROXIMATION;12350;290;6;1672694751951;0.0
APPROXIMATION;12348;290;7;1672694751952;0.0
APPROXIMATION;12346;290;7;1672694751952;0.0
APPROXIMATION;12349;290;7;1672694751952;0.0
APPROXIMATION;12351;290;7;1672694751952;0.0
APPROXIMATION;12350;290;7;1672694751952;0.0
APPROXIMATION;12352;290;7;1672694751952;0.0
APPROXIMATION;12345;290;7;1672694751952;0.0
APPROXIMATION;12348;290;8;1672694751952;0.0
APPROXIMATION;12346;290;8;1672694751952;0.0
APPROXIMATION;12349;290;8;1672694751952;0.0
APPROXIMATION;12350;290;8;1672694751952;0.0
APPROXIMATION;12351;290;8;1672694751952;0.0
APPROXIMATION;12352;290;8;1672694751952;0.0
APPROXIMATION;12345;290;8;1672694751952;0.0
APPROXIMATION;12346;290;9;1672694751952;0.0
APPROXIMATION;12348;290;9;1672694751953;0.0
APPROXIMATION;12349;290;9;1672694751953;0.0
APPROXIMATION;12350;290;9;1672694751953;0.0
APPROXIMATION;12351;290;9;1672694751953;0.0
APPROXIMATION;12345;290;9;1672694751953;0.0
APPROXIMATION;12352;290;9;1672694751953;0.0
APPROXIMATION;12346;290;10;1672694751953;0.0
APPROXIMATION;12348;290;10;1672694751953;0.0
APPROXIMATION;12349;290;10;1672694751953;0.0
APPROXIMATION;12350;290;10;1672694751953;0.0
APPROXIMATION;12351;290;10;1672694751953;0.0
APPROXIMATION;12352;290;10;1672694751953;0.0
APPROXIMATION;12345;290;10;1672694751953;0.0
APPROXIMATION;12346;290;11;1672694751953;0.0
APPROXIMATION;12348;290;11;1672694751953;0.0
APPROXIMATION;12349;290;11;1672694751954;0.0
APPROXIMATION;12351;290;11;1672694751954;0.0
APPROXIMATION;12350;290;11;1672694751954;0.0
APPROXIMATION;12345;290;11;1672694751954;0.0
APPROXIMATION;12352;290;11;1672694751954;0.0
APPROXIMATION;12346;290;12;1672694751954;0.0
APPROXIMATION;12348;290;12;1672694751954;0.0
APPROXIMATION;12349;290;12;1672694751954;0.0
APPROXIMATION;12350;290;12;1672694751954;0.0
APPROXIMATION;12351;290;12;1672694751954;0.0
APPROXIMATION;12352;290;12;1672694751954;0.0
APPROXIMATION;12345;290;12;1672694751954;0.0
APPROXIMATION;12346;290;13;1672694751954;0.0
APPROXIMATION;12348;290;13;1672694751954;0.0
APPROXIMATION;12349;290;13;1672694751954;0.0
APPROXIMATION;12350;290;13;1672694751955;0.0
APPROXIMATION;12351;290;13;1672694751955;0.0
APPROXIMATION;12352;290;13;1672694751955;0.0
APPROXIMATION;12345;290;13;1672694751955;0.0
HALTED;12346;290;14;1672694751955;0.0
HALTED;12348;290;14;1672694751955;0.0
HALTED;12349;290;14;1672694751955;0.0
HALTED;12350;290;14;1672694751955;0.0
HALTED;12351;290;14;1672694751955;0.0
HALTED;12352;290;14;1672694751955;0.0
HALTED;12345;290;14;1672694751955;0.0
INITIALIZATION;12345;291;0;1672694752056;0.0
INITIALIZATION;12346;291;0;1672694752056;0.0
INITIALIZATION;12348;291;0;1672694752057;0.0
INITIALIZATION;12351;291;0;1672694752057;0.0
INITIALIZATION;12350;291;0;1672694752057;0.0
INITIALIZATION;12349;291;0;1672694752057;0.0
APPROXIMATION;12345;291;1;1672694752057;0.0
INITIALIZATION;12352;291;0;1672694752057;0.0
APPROXIMATION;12346;291;1;1672694752057;0.0
APPROXIMATION;12348;291;1;1672694752057;0.0
APPROXIMATION;12349;291;1;1672694752057;0.0
APPROXIMATION;12352;291;1;1672694752057;0.0
APPROXIMATION;12351;291;1;1672694752057;0.0
APPROXIMATION;12350;291;1;1672694752057;0.0
APPROXIMATION;12345;291;2;1672694752057;0.0
APPROXIMATION;12346;291;2;1672694752057;0.0
APPROXIMATION;12348;291;2;1672694752058;0.0
APPROXIMATION;12351;291;2;1672694752058;0.0
APPROXIMATION;12349;291;2;1672694752058;0.0
APPROXIMATION;12352;291;2;1672694752058;0.0
APPROXIMATION;12350;291;2;1672694752058;0.0
APPROXIMATION;12345;291;3;1672694752058;0.0
APPROXIMATION;12346;291;3;1672694752058;0.0
APPROXIMATION;12348;291;3;1672694752058;0.0
APPROXIMATION;12350;291;3;1672694752058;0.0
APPROXIMATION;12352;291;3;1672694752058;0.0
APPROXIMATION;12351;291;3;1672694752099;0.0
APPROXIMATION;12349;291;3;1672694752100;0.0
APPROXIMATION;12345;291;4;1672694752100;0.0
APPROXIMATION;12346;291;4;1672694752100;0.0
APPROXIMATION;12348;291;4;1672694752100;0.0
APPROXIMATION;12350;291;4;1672694752100;0.0
APPROXIMATION;12351;291;4;1672694752100;0.0
APPROXIMATION;12345;291;5;1672694752100;0.0
APPROXIMATION;12349;291;4;1672694752100;0.0
APPROXIMATION;12352;291;4;1672694752100;0.0
APPROXIMATION;12346;291;5;1672694752100;0.0
APPROXIMATION;12348;291;5;1672694752100;0.0
APPROXIMATION;12349;291;5;1672694752101;0.0
APPROXIMATION;12351;291;5;1672694752101;0.0
APPROXIMATION;12350;291;5;1672694752101;0.0
APPROXIMATION;12352;291;5;1672694752101;0.0
APPROXIMATION;12345;291;6;1672694752101;0.0
APPROXIMATION;12346;291;6;1672694752101;0.0
APPROXIMATION;12350;291;6;1672694752101;0.0
APPROXIMATION;12351;291;6;1672694752101;0.0
APPROXIMATION;12352;291;6;1672694752101;0.0
APPROXIMATION;12349;291;6;1672694752101;0.0
APPROXIMATION;12345;291;7;1672694752101;0.0
APPROXIMATION;12346;291;7;1672694752101;0.0
APPROXIMATION;12351;291;7;1672694752149;0.0
APPROXIMATION;12352;291;7;1672694752149;0.0
APPROXIMATION;12349;291;7;1672694752149;0.0
APPROXIMATION;12350;291;7;1672694752149;0.0
APPROXIMATION;12348;291;6;1672694752149;0.0
APPROXIMATION;12348;291;7;1672694752150;0.0
APPROXIMATION;12345;291;8;1672694752150;0.0
APPROXIMATION;12346;291;8;1672694752150;0.0
APPROXIMATION;12348;291;8;1672694752150;0.0
APPROXIMATION;12349;291;8;1672694752150;0.0
APPROXIMATION;12351;291;8;1672694752150;0.0
APPROXIMATION;12350;291;8;1672694752150;0.0
APPROXIMATION;12352;291;8;1672694752150;0.0
APPROXIMATION;12345;291;9;1672694752150;0.0
APPROXIMATION;12348;291;9;1672694752150;0.0
APPROXIMATION;12346;291;9;1672694752151;0.0
APPROXIMATION;12350;291;9;1672694752151;0.0
APPROXIMATION;12351;291;9;1672694752151;0.0
APPROXIMATION;12349;291;9;1672694752151;0.0
APPROXIMATION;12352;291;9;1672694752151;0.0
APPROXIMATION;12345;291;10;1672694752151;0.0
APPROXIMATION;12346;291;10;1672694752151;0.0
APPROXIMATION;12348;291;10;1672694752151;0.0
APPROXIMATION;12351;291;10;1672694752151;0.0
APPROXIMATION;12352;291;10;1672694752151;0.0
APPROXIMATION;12350;291;10;1672694752151;0.0
APPROXIMATION;12349;291;10;1672694752151;0.0
APPROXIMATION;12345;291;11;1672694752151;0.0
APPROXIMATION;12346;291;11;1672694752151;0.0
APPROXIMATION;12348;291;11;1672694752151;0.0
APPROXIMATION;12350;291;11;1672694752152;0.0
APPROXIMATION;12351;291;11;1672694752152;0.0
APPROXIMATION;12349;291;11;1672694752152;0.0
APPROXIMATION;12352;291;11;1672694752152;0.0
APPROXIMATION;12345;291;12;1672694752152;0.0
APPROXIMATION;12346;291;12;1672694752152;0.0
APPROXIMATION;12348;291;12;1672694752152;0.0
APPROXIMATION;12350;291;12;1672694752152;0.0
APPROXIMATION;12351;291;12;1672694752152;0.0
APPROXIMATION;12352;291;12;1672694752152;0.0
APPROXIMATION;12349;291;12;1672694752152;0.0
APPROXIMATION;12345;291;13;1672694752152;0.0
APPROXIMATION;12346;291;13;1672694752152;0.0
APPROXIMATION;12348;291;13;1672694752152;0.0
APPROXIMATION;12351;291;13;1672694752153;0.0
APPROXIMATION;12350;291;13;1672694752153;0.0
APPROXIMATION;12352;291;13;1672694752153;0.0
APPROXIMATION;12349;291;13;1672694752153;0.0
HALTED;12345;291;14;1672694752153;0.0
HALTED;12346;291;14;1672694752153;0.0
HALTED;12348;291;14;1672694752153;0.0
HALTED;12350;291;14;1672694752153;0.0
HALTED;12351;291;14;1672694752153;0.0
HALTED;12352;291;14;1672694752153;0.0
HALTED;12349;291;14;1672694752153;0.0
INITIALIZATION;12345;292;0;1672694752253;0.0
INITIALIZATION;12346;292;0;1672694752254;0.0
INITIALIZATION;12348;292;0;1672694752254;0.0
INITIALIZATION;12350;292;0;1672694752254;0.0
INITIALIZATION;12349;292;0;1672694752254;0.0
INITIALIZATION;12351;292;0;1672694752254;0.0
INITIALIZATION;12352;292;0;1672694752254;0.0
APPROXIMATION;12345;292;1;1672694752254;0.0
APPROXIMATION;12346;292;1;1672694752254;0.0
APPROXIMATION;12348;292;1;1672694752254;0.0
APPROXIMATION;12349;292;1;1672694752255;0.0
APPROXIMATION;12351;292;1;1672694752255;0.0
APPROXIMATION;12350;292;1;1672694752255;0.0
APPROXIMATION;12352;292;1;1672694752255;0.0
APPROXIMATION;12345;292;2;1672694752255;0.0
APPROXIMATION;12346;292;2;1672694752255;0.0
APPROXIMATION;12348;292;2;1672694752255;0.0
APPROXIMATION;12349;292;2;1672694752255;0.0
APPROXIMATION;12350;292;2;1672694752255;0.0
APPROXIMATION;12351;292;2;1672694752255;0.0
APPROXIMATION;12345;292;3;1672694752255;0.0
APPROXIMATION;12352;292;2;1672694752255;0.0
APPROXIMATION;12348;292;3;1672694752256;0.0
APPROXIMATION;12346;292;3;1672694752256;0.0
APPROXIMATION;12349;292;3;1672694752256;0.0
APPROXIMATION;12350;292;3;1672694752256;0.0
APPROXIMATION;12345;292;4;1672694752256;0.0
APPROXIMATION;12351;292;3;1672694752256;0.0
APPROXIMATION;12352;292;3;1672694752256;0.0
APPROXIMATION;12348;292;4;1672694752256;0.0
APPROXIMATION;12349;292;4;1672694752256;0.0
APPROXIMATION;12346;292;4;1672694752256;0.0
APPROXIMATION;12350;292;4;1672694752256;0.0
APPROXIMATION;12351;292;4;1672694752256;0.0
APPROXIMATION;12345;292;5;1672694752257;0.0
APPROXIMATION;12352;292;4;1672694752257;0.0
APPROXIMATION;12346;292;5;1672694752257;0.0
APPROXIMATION;12348;292;5;1672694752257;0.0
APPROXIMATION;12349;292;5;1672694752257;0.0
APPROXIMATION;12351;292;5;1672694752257;0.0
APPROXIMATION;12350;292;5;1672694752257;0.0
APPROXIMATION;12352;292;5;1672694752257;0.0
APPROXIMATION;12345;292;6;1672694752257;0.0
APPROXIMATION;12348;292;6;1672694752257;0.0
APPROXIMATION;12346;292;6;1672694752257;0.0
APPROXIMATION;12349;292;6;1672694752257;0.0
APPROXIMATION;12351;292;6;1672694752257;0.0
APPROXIMATION;12350;292;6;1672694752257;0.0
APPROXIMATION;12352;292;6;1672694752257;0.0
APPROXIMATION;12345;292;7;1672694752257;0.0
APPROXIMATION;12348;292;7;1672694752257;0.0
APPROXIMATION;12349;292;7;1672694752258;0.0
APPROXIMATION;12346;292;7;1672694752258;0.0
APPROXIMATION;12351;292;7;1672694752258;0.0
APPROXIMATION;12350;292;7;1672694752258;0.0
APPROXIMATION;12352;292;7;1672694752258;0.0
APPROXIMATION;12345;292;8;1672694752258;0.0
APPROXIMATION;12348;292;8;1672694752258;0.0
APPROXIMATION;12349;292;8;1672694752258;0.0
APPROXIMATION;12351;292;8;1672694752258;0.0
APPROXIMATION;12346;292;8;1672694752258;0.0
APPROXIMATION;12350;292;8;1672694752258;0.0
APPROXIMATION;12352;292;8;1672694752258;0.0
APPROXIMATION;12345;292;9;1672694752258;0.0
APPROXIMATION;12348;292;9;1672694752258;0.0
APPROXIMATION;12349;292;9;1672694752258;0.0
APPROXIMATION;12350;292;9;1672694752258;0.0
APPROXIMATION;12351;292;9;1672694752258;0.0
APPROXIMATION;12346;292;9;1672694752258;0.0
APPROXIMATION;12352;292;9;1672694752259;0.0
APPROXIMATION;12348;292;10;1672694752259;0.0
APPROXIMATION;12349;292;10;1672694752259;0.0
APPROXIMATION;12345;292;10;1672694752259;0.0
APPROXIMATION;12351;292;10;1672694752259;0.0
APPROXIMATION;12350;292;10;1672694752259;0.0
APPROXIMATION;12346;292;10;1672694752259;0.0
APPROXIMATION;12352;292;10;1672694752259;0.0
APPROXIMATION;12348;292;11;1672694752259;0.0
APPROXIMATION;12349;292;11;1672694752259;0.0
APPROXIMATION;12345;292;11;1672694752259;0.0
APPROXIMATION;12351;292;11;1672694752259;0.0
APPROXIMATION;12350;292;11;1672694752259;0.0
APPROXIMATION;12346;292;11;1672694752259;0.0
APPROXIMATION;12352;292;11;1672694752259;0.0
APPROXIMATION;12348;292;12;1672694752259;0.0
APPROXIMATION;12349;292;12;1672694752260;0.0
APPROXIMATION;12350;292;12;1672694752260;0.0
APPROXIMATION;12351;292;12;1672694752260;0.0
APPROXIMATION;12345;292;12;1672694752260;0.0
APPROXIMATION;12346;292;12;1672694752260;0.0
APPROXIMATION;12352;292;12;1672694752260;0.0
APPROXIMATION;12348;292;13;1672694752260;0.0
APPROXIMATION;12349;292;13;1672694752260;0.0
APPROXIMATION;12345;292;13;1672694752260;0.0
APPROXIMATION;12350;292;13;1672694752260;0.0
APPROXIMATION;12351;292;13;1672694752260;0.0
APPROXIMATION;12346;292;13;1672694752260;0.0
APPROXIMATION;12352;292;13;1672694752260;0.0
HALTED;12348;292;14;1672694752260;0.0
HALTED;12349;292;14;1672694752260;0.0
HALTED;12351;292;14;1672694752260;0.0
HALTED;12350;292;14;1672694752260;0.0
HALTED;12345;292;14;1672694752261;0.0
HALTED;12346;292;14;1672694752261;0.0
HALTED;12352;292;14;1672694752261;0.0
INITIALIZATION;12345;293;0;1672694752361;0.0
INITIALIZATION;12346;293;0;1672694752362;0.0
INITIALIZATION;12348;293;0;1672694752362;0.0
INITIALIZATION;12349;293;0;1672694752363;0.0
INITIALIZATION;12351;293;0;1672694752363;0.0
INITIALIZATION;12352;293;0;1672694752363;0.0
INITIALIZATION;12350;293;0;1672694752363;0.0
APPROXIMATION;12345;293;1;1672694752363;0.0
APPROXIMATION;12348;293;1;1672694752363;0.0
APPROXIMATION;12346;293;1;1672694752363;0.0
APPROXIMATION;12349;293;1;1672694752363;0.0
APPROXIMATION;12351;293;1;1672694752363;0.0
APPROXIMATION;12352;293;1;1672694752363;0.0
APPROXIMATION;12350;293;1;1672694752363;0.0
APPROXIMATION;12345;293;2;1672694752363;0.0
APPROXIMATION;12348;293;2;1672694752364;0.0
APPROXIMATION;12349;293;2;1672694752364;0.0
APPROXIMATION;12351;293;2;1672694752364;0.0
APPROXIMATION;12352;293;2;1672694752364;0.0
APPROXIMATION;12346;293;2;1672694752364;0.0
APPROXIMATION;12345;293;3;1672694752364;0.0
APPROXIMATION;12350;293;2;1672694752364;0.0
APPROXIMATION;12348;293;3;1672694752364;0.0
APPROXIMATION;12349;293;3;1672694752364;0.0
APPROXIMATION;12346;293;3;1672694752364;0.0
APPROXIMATION;12350;293;3;1672694752365;0.0
APPROXIMATION;12351;293;3;1672694752409;0.0
APPROXIMATION;12352;293;3;1672694752410;0.0
APPROXIMATION;12346;293;4;1672694752410;0.0
APPROXIMATION;12345;293;4;1672694752410;0.0
APPROXIMATION;12348;293;4;1672694752410;0.0
APPROXIMATION;12350;293;4;1672694752410;0.0
APPROXIMATION;12351;293;4;1672694752410;0.0
APPROXIMATION;12349;293;4;1672694752410;0.0
APPROXIMATION;12352;293;4;1672694752410;0.0
APPROXIMATION;12345;293;5;1672694752411;0.0
APPROXIMATION;12346;293;5;1672694752411;0.0
APPROXIMATION;12350;293;5;1672694752411;0.0
APPROXIMATION;12348;293;5;1672694752411;0.0
APPROXIMATION;12351;293;5;1672694752411;0.0
APPROXIMATION;12352;293;5;1672694752411;0.0
APPROXIMATION;12349;293;5;1672694752411;0.0
APPROXIMATION;12345;293;6;1672694752412;0.0
APPROXIMATION;12350;293;6;1672694752412;0.0
APPROXIMATION;12346;293;6;1672694752412;0.0
APPROXIMATION;12348;293;6;1672694752412;0.0
APPROXIMATION;12349;293;6;1672694752412;0.0
APPROXIMATION;12351;293;6;1672694752412;0.0
APPROXIMATION;12352;293;6;1672694752412;0.0
APPROXIMATION;12346;293;7;1672694752412;0.0
APPROXIMATION;12345;293;7;1672694752412;0.0
APPROXIMATION;12350;293;7;1672694752412;0.0
APPROXIMATION;12348;293;7;1672694752412;0.0
APPROXIMATION;12349;293;7;1672694752413;0.0
APPROXIMATION;12351;293;7;1672694752413;0.0
APPROXIMATION;12352;293;7;1672694752413;0.0
APPROXIMATION;12346;293;8;1672694752413;0.0
APPROXIMATION;12345;293;8;1672694752413;0.0
APPROXIMATION;12350;293;8;1672694752413;0.0
APPROXIMATION;12348;293;8;1672694752413;0.0
APPROXIMATION;12349;293;8;1672694752413;0.0
APPROXIMATION;12351;293;8;1672694752413;0.0
APPROXIMATION;12352;293;8;1672694752413;0.0
APPROXIMATION;12346;293;9;1672694752413;0.0
APPROXIMATION;12350;293;9;1672694752413;0.0
APPROXIMATION;12345;293;9;1672694752413;0.0
APPROXIMATION;12348;293;9;1672694752413;0.0
APPROXIMATION;12349;293;9;1672694752413;0.0
APPROXIMATION;12351;293;9;1672694752414;0.0
APPROXIMATION;12346;293;10;1672694752414;0.0
APPROXIMATION;12352;293;9;1672694752414;0.0
APPROXIMATION;12345;293;10;1672694752414;0.0
APPROXIMATION;12348;293;10;1672694752414;0.0
APPROXIMATION;12349;293;10;1672694752414;0.0
APPROXIMATION;12350;293;10;1672694752414;0.0
APPROXIMATION;12346;293;11;1672694752414;0.0
APPROXIMATION;12351;293;10;1672694752414;0.0
APPROXIMATION;12352;293;10;1672694752414;0.0
APPROXIMATION;12345;293;11;1672694752414;0.0
APPROXIMATION;12348;293;11;1672694752414;0.0
APPROXIMATION;12349;293;11;1672694752414;0.0
APPROXIMATION;12350;293;11;1672694752414;0.0
APPROXIMATION;12351;293;11;1672694752414;0.0
APPROXIMATION;12346;293;12;1672694752414;0.0
APPROXIMATION;12352;293;11;1672694752414;0.0
APPROXIMATION;12345;293;12;1672694752414;0.0
APPROXIMATION;12348;293;12;1672694752415;0.0
APPROXIMATION;12351;293;12;1672694752415;0.0
APPROXIMATION;12349;293;12;1672694752415;0.0
APPROXIMATION;12352;293;12;1672694752415;0.0
APPROXIMATION;12350;293;12;1672694752415;0.0
APPROXIMATION;12346;293;13;1672694752415;0.0
APPROXIMATION;12345;293;13;1672694752415;0.0
APPROXIMATION;12348;293;13;1672694752415;0.0
APPROXIMATION;12351;293;13;1672694752415;0.0
APPROXIMATION;12349;293;13;1672694752415;0.0
APPROXIMATION;12352;293;13;1672694752415;0.0
APPROXIMATION;12350;293;13;1672694752415;0.0
HALTED;12346;293;14;1672694752415;0.0
HALTED;12345;293;14;1672694752415;0.0
HALTED;12348;293;14;1672694752416;0.0
HALTED;12351;293;14;1672694752416;0.0
HALTED;12349;293;14;1672694752416;0.0
HALTED;12352;293;14;1672694752416;0.0
HALTED;12350;293;14;1672694752416;0.0
INITIALIZATION;12345;294;0;1672694752516;0.0
INITIALIZATION;12346;294;0;1672694752517;0.0
INITIALIZATION;12348;294;0;1672694752517;0.0
INITIALIZATION;12349;294;0;1672694752517;0.0
INITIALIZATION;12350;294;0;1672694752517;0.0
APPROXIMATION;12345;294;1;1672694752517;0.0
INITIALIZATION;12352;294;0;1672694752517;0.0
INITIALIZATION;12351;294;0;1672694752517;0.0
APPROXIMATION;12346;294;1;1672694752518;0.0
APPROXIMATION;12348;294;1;1672694752518;0.0
APPROXIMATION;12349;294;1;1672694752518;0.0
APPROXIMATION;12352;294;1;1672694752518;0.0
APPROXIMATION;12351;294;1;1672694752518;0.0
APPROXIMATION;12350;294;1;1672694752518;0.0
APPROXIMATION;12345;294;2;1672694752518;0.0
APPROXIMATION;12346;294;2;1672694752518;0.0
APPROXIMATION;12348;294;2;1672694752518;0.0
APPROXIMATION;12350;294;2;1672694752518;0.0
APPROXIMATION;12349;294;2;1672694752518;0.0
APPROXIMATION;12351;294;2;1672694752519;0.0
APPROXIMATION;12352;294;2;1672694752519;0.0
APPROXIMATION;12348;294;3;1672694752519;0.0
APPROXIMATION;12346;294;3;1672694752519;0.0
APPROXIMATION;12349;294;3;1672694752519;0.0
APPROXIMATION;12345;294;3;1672694752519;0.0
APPROXIMATION;12350;294;3;1672694752519;0.0
APPROXIMATION;12351;294;3;1672694752519;0.0
APPROXIMATION;12352;294;3;1672694752519;0.0
APPROXIMATION;12346;294;4;1672694752520;0.0
APPROXIMATION;12349;294;4;1672694752520;0.0
APPROXIMATION;12348;294;4;1672694752520;0.0
APPROXIMATION;12350;294;4;1672694752520;0.0
APPROXIMATION;12351;294;4;1672694752520;0.0
APPROXIMATION;12345;294;4;1672694752520;0.0
APPROXIMATION;12352;294;4;1672694752520;0.0
APPROXIMATION;12346;294;5;1672694752520;0.0
APPROXIMATION;12348;294;5;1672694752520;0.0
APPROXIMATION;12349;294;5;1672694752520;0.0
APPROXIMATION;12351;294;5;1672694752520;0.0
APPROXIMATION;12352;294;5;1672694752520;0.0
APPROXIMATION;12350;294;5;1672694752520;0.0
APPROXIMATION;12345;294;5;1672694752520;0.0
APPROXIMATION;12346;294;6;1672694752520;0.0
APPROXIMATION;12348;294;6;1672694752521;0.0
APPROXIMATION;12349;294;6;1672694752521;0.0
APPROXIMATION;12350;294;6;1672694752521;0.0
APPROXIMATION;12351;294;6;1672694752521;0.0
APPROXIMATION;12352;294;6;1672694752521;0.0
APPROXIMATION;12345;294;6;1672694752521;0.0
APPROXIMATION;12346;294;7;1672694752521;0.0
APPROXIMATION;12348;294;7;1672694752521;0.0
APPROXIMATION;12349;294;7;1672694752521;0.0
APPROXIMATION;12350;294;7;1672694752521;0.0
APPROXIMATION;12351;294;7;1672694752521;0.0
APPROXIMATION;12352;294;7;1672694752521;0.0
APPROXIMATION;12345;294;7;1672694752521;0.0
APPROXIMATION;12346;294;8;1672694752522;0.0
APPROXIMATION;12348;294;8;1672694752522;0.0
APPROXIMATION;12349;294;8;1672694752522;0.0
APPROXIMATION;12350;294;8;1672694752522;0.0
APPROXIMATION;12351;294;8;1672694752522;0.0
APPROXIMATION;12352;294;8;1672694752522;0.0
APPROXIMATION;12345;294;8;1672694752522;0.0
APPROXIMATION;12346;294;9;1672694752522;0.0
APPROXIMATION;12348;294;9;1672694752522;0.0
APPROXIMATION;12349;294;9;1672694752522;0.0
APPROXIMATION;12350;294;9;1672694752522;0.0
APPROXIMATION;12351;294;9;1672694752522;0.0
APPROXIMATION;12352;294;9;1672694752522;0.0
APPROXIMATION;12345;294;9;1672694752523;0.0
APPROXIMATION;12346;294;10;1672694752523;0.0
APPROXIMATION;12348;294;10;1672694752523;0.0
APPROXIMATION;12349;294;10;1672694752523;0.0
APPROXIMATION;12351;294;10;1672694752523;0.0
APPROXIMATION;12350;294;10;1672694752523;0.0
APPROXIMATION;12352;294;10;1672694752523;0.0
APPROXIMATION;12345;294;10;1672694752523;0.0
APPROXIMATION;12346;294;11;1672694752523;0.0
APPROXIMATION;12348;294;11;1672694752523;0.0
APPROXIMATION;12350;294;11;1672694752523;0.0
APPROXIMATION;12351;294;11;1672694752523;0.0
APPROXIMATION;12349;294;11;1672694752523;0.0
APPROXIMATION;12352;294;11;1672694752524;0.0
APPROXIMATION;12345;294;11;1672694752524;0.0
APPROXIMATION;12346;294;12;1672694752524;0.0
APPROXIMATION;12348;294;12;1672694752524;0.0
APPROXIMATION;12349;294;12;1672694752524;0.0
APPROXIMATION;12350;294;12;1672694752524;0.0
APPROXIMATION;12351;294;12;1672694752524;0.0
APPROXIMATION;12352;294;12;1672694752524;0.0
APPROXIMATION;12345;294;12;1672694752524;0.0
APPROXIMATION;12346;294;13;1672694752524;0.0
APPROXIMATION;12348;294;13;1672694752524;0.0
APPROXIMATION;12349;294;13;1672694752524;0.0
APPROXIMATION;12350;294;13;1672694752525;0.0
APPROXIMATION;12351;294;13;1672694752525;0.0
APPROXIMATION;12352;294;13;1672694752525;0.0
APPROXIMATION;12345;294;13;1672694752525;0.0
HALTED;12346;294;14;1672694752525;0.0
HALTED;12348;294;14;1672694752525;0.0
HALTED;12349;294;14;1672694752525;0.0
HALTED;12350;294;14;1672694752525;0.0
HALTED;12351;294;14;1672694752525;0.0
HALTED;12352;294;14;1672694752525;0.0
HALTED;12345;294;14;1672694752525;0.0
INITIALIZATION;12345;295;0;1672694752626;0.0
INITIALIZATION;12346;295;0;1672694752626;0.0
INITIALIZATION;12348;295;0;1672694752627;0.0
INITIALIZATION;12349;295;0;1672694752627;0.0
INITIALIZATION;12350;295;0;1672694752627;0.0
INITIALIZATION;12352;295;0;1672694752627;0.0
INITIALIZATION;12351;295;0;1672694752627;0.0
APPROXIMATION;12345;295;1;1672694752627;0.0
APPROXIMATION;12346;295;1;1672694752627;0.0
APPROXIMATION;12348;295;1;1672694752627;0.0
APPROXIMATION;12349;295;1;1672694752627;0.0
APPROXIMATION;12352;295;1;1672694752628;0.0
APPROXIMATION;12351;295;1;1672694752628;0.0
APPROXIMATION;12350;295;1;1672694752628;0.0
APPROXIMATION;12346;295;2;1672694752628;0.0
APPROXIMATION;12345;295;2;1672694752628;0.0
APPROXIMATION;12348;295;2;1672694752628;0.0
APPROXIMATION;12349;295;2;1672694752628;0.0
APPROXIMATION;12350;295;2;1672694752628;0.0
APPROXIMATION;12351;295;2;1672694752628;0.0
APPROXIMATION;12345;295;3;1672694752628;0.0
APPROXIMATION;12352;295;2;1672694752628;0.0
APPROXIMATION;12346;295;3;1672694752629;0.0
APPROXIMATION;12348;295;3;1672694752629;0.0
APPROXIMATION;12349;295;3;1672694752629;0.0
APPROXIMATION;12350;295;3;1672694752629;0.0
APPROXIMATION;12351;295;3;1672694752629;0.0
APPROXIMATION;12352;295;3;1672694752629;0.0
APPROXIMATION;12345;295;4;1672694752629;0.0
APPROXIMATION;12346;295;4;1672694752629;0.0
APPROXIMATION;12348;295;4;1672694752629;0.0
APPROXIMATION;12349;295;4;1672694752629;0.0
APPROXIMATION;12350;295;4;1672694752629;0.0
APPROXIMATION;12351;295;4;1672694752629;0.0
APPROXIMATION;12352;295;4;1672694752629;0.0
APPROXIMATION;12345;295;5;1672694752630;0.0
APPROXIMATION;12346;295;5;1672694752630;0.0
APPROXIMATION;12348;295;5;1672694752630;0.0
APPROXIMATION;12349;295;5;1672694752630;0.0
APPROXIMATION;12350;295;5;1672694752630;0.0
APPROXIMATION;12351;295;5;1672694752630;0.0
APPROXIMATION;12352;295;5;1672694752630;0.0
APPROXIMATION;12346;295;6;1672694752630;0.0
APPROXIMATION;12348;295;6;1672694752630;0.0
APPROXIMATION;12345;295;6;1672694752630;0.0
APPROXIMATION;12349;295;6;1672694752630;0.0
APPROXIMATION;12350;295;6;1672694752630;0.0
APPROXIMATION;12351;295;6;1672694752630;0.0
APPROXIMATION;12352;295;6;1672694752630;0.0
APPROXIMATION;12346;295;7;1672694752630;0.0
APPROXIMATION;12348;295;7;1672694752630;0.0
APPROXIMATION;12349;295;7;1672694752631;0.0
APPROXIMATION;12350;295;7;1672694752631;0.0
APPROXIMATION;12351;295;7;1672694752631;0.0
APPROXIMATION;12345;295;7;1672694752631;0.0
APPROXIMATION;12352;295;7;1672694752631;0.0
APPROXIMATION;12346;295;8;1672694752631;0.0
APPROXIMATION;12348;295;8;1672694752631;0.0
APPROXIMATION;12349;295;8;1672694752631;0.0
APPROXIMATION;12350;295;8;1672694752631;0.0
APPROXIMATION;12351;295;8;1672694752631;0.0
APPROXIMATION;12352;295;8;1672694752631;0.0
APPROXIMATION;12345;295;8;1672694752631;0.0
APPROXIMATION;12346;295;9;1672694752631;0.0
APPROXIMATION;12348;295;9;1672694752631;0.0
APPROXIMATION;12349;295;9;1672694752631;0.0
APPROXIMATION;12350;295;9;1672694752632;0.0
APPROXIMATION;12351;295;9;1672694752632;0.0
APPROXIMATION;12352;295;9;1672694752632;0.0
APPROXIMATION;12345;295;9;1672694752632;0.0
APPROXIMATION;12346;295;10;1672694752632;0.0
APPROXIMATION;12348;295;10;1672694752632;0.0
APPROXIMATION;12349;295;10;1672694752632;0.0
APPROXIMATION;12350;295;10;1672694752632;0.0
APPROXIMATION;12351;295;10;1672694752632;0.0
APPROXIMATION;12352;295;10;1672694752632;0.0
APPROXIMATION;12345;295;10;1672694752632;0.0
APPROXIMATION;12346;295;11;1672694752632;0.0
APPROXIMATION;12348;295;11;1672694752632;0.0
APPROXIMATION;12349;295;11;1672694752632;0.0
APPROXIMATION;12350;295;11;1672694752633;0.0
APPROXIMATION;12351;295;11;1672694752633;0.0
APPROXIMATION;12352;295;11;1672694752633;0.0
APPROXIMATION;12345;295;11;1672694752633;0.0
APPROXIMATION;12346;295;12;1672694752633;0.0
APPROXIMATION;12348;295;12;1672694752633;0.0
APPROXIMATION;12349;295;12;1672694752633;0.0
APPROXIMATION;12350;295;12;1672694752633;0.0
APPROXIMATION;12351;295;12;1672694752633;0.0
APPROXIMATION;12352;295;12;1672694752633;0.0
APPROXIMATION;12345;295;12;1672694752633;0.0
APPROXIMATION;12346;295;13;1672694752633;0.0
APPROXIMATION;12348;295;13;1672694752633;0.0
APPROXIMATION;12349;295;13;1672694752633;0.0
APPROXIMATION;12350;295;13;1672694752634;0.0
APPROXIMATION;12351;295;13;1672694752634;0.0
APPROXIMATION;12352;295;13;1672694752634;0.0
APPROXIMATION;12345;295;13;1672694752634;0.0
HALTED;12346;295;14;1672694752634;0.0
HALTED;12348;295;14;1672694752634;0.0
HALTED;12349;295;14;1672694752634;0.0
HALTED;12350;295;14;1672694752634;0.0
HALTED;12351;295;14;1672694752634;0.0
HALTED;12352;295;14;1672694752634;0.0
HALTED;12345;295;14;1672694752634;0.0
INITIALIZATION;12345;296;0;1672694752735;0.0
INITIALIZATION;12346;296;0;1672694752736;0.0
INITIALIZATION;12348;296;0;1672694752736;0.0
INITIALIZATION;12349;296;0;1672694752736;0.0
INITIALIZATION;12352;296;0;1672694752736;0.0
INITIALIZATION;12350;296;0;1672694752736;0.0
INITIALIZATION;12351;296;0;1672694752736;0.0
APPROXIMATION;12345;296;1;1672694752736;0.0
APPROXIMATION;12346;296;1;1672694752736;0.0
APPROXIMATION;12348;296;1;1672694752736;0.0
APPROXIMATION;12349;296;1;1672694752737;0.0
APPROXIMATION;12351;296;1;1672694752737;0.0
APPROXIMATION;12352;296;1;1672694752737;0.0
APPROXIMATION;12350;296;1;1672694752737;0.0
APPROXIMATION;12346;296;2;1672694752737;0.0
APPROXIMATION;12345;296;2;1672694752737;0.0
APPROXIMATION;12348;296;2;1672694752737;0.0
APPROXIMATION;12351;296;2;1672694752737;0.0
APPROXIMATION;12350;296;2;1672694752737;0.0
APPROXIMATION;12349;296;2;1672694752737;0.0
APPROXIMATION;12352;296;2;1672694752737;0.0
APPROXIMATION;12346;296;3;1672694752737;0.0
APPROXIMATION;12348;296;3;1672694752738;0.0
APPROXIMATION;12352;296;3;1672694752738;0.0
APPROXIMATION;12349;296;3;1672694752738;0.0
APPROXIMATION;12345;296;3;1672694752738;0.0
APPROXIMATION;12346;296;4;1672694752738;0.0
APPROXIMATION;12350;296;3;1672694752738;0.0
APPROXIMATION;12351;296;3;1672694752738;0.0
APPROXIMATION;12348;296;4;1672694752738;0.0
APPROXIMATION;12349;296;4;1672694752738;0.0
APPROXIMATION;12350;296;4;1672694752738;0.0
APPROXIMATION;12351;296;4;1672694752738;0.0
APPROXIMATION;12345;296;4;1672694752738;0.0
APPROXIMATION;12352;296;4;1672694752738;0.0
APPROXIMATION;12346;296;5;1672694752738;0.0
APPROXIMATION;12348;296;5;1672694752738;0.0
APPROXIMATION;12349;296;5;1672694752738;0.0
APPROXIMATION;12350;296;5;1672694752739;0.0
APPROXIMATION;12351;296;5;1672694752739;0.0
APPROXIMATION;12345;296;5;1672694752739;0.0
APPROXIMATION;12352;296;5;1672694752739;0.0
APPROXIMATION;12346;296;6;1672694752739;0.0
APPROXIMATION;12348;296;6;1672694752739;0.0
APPROXIMATION;12349;296;6;1672694752739;0.0
APPROXIMATION;12350;296;6;1672694752739;0.0
APPROXIMATION;12351;296;6;1672694752739;0.0
APPROXIMATION;12345;296;6;1672694752739;0.0
APPROXIMATION;12352;296;6;1672694752739;0.0
APPROXIMATION;12346;296;7;1672694752739;0.0
APPROXIMATION;12348;296;7;1672694752739;0.0
APPROXIMATION;12349;296;7;1672694752739;0.0
APPROXIMATION;12351;296;7;1672694752740;0.0
APPROXIMATION;12350;296;7;1672694752740;0.0
APPROXIMATION;12345;296;7;1672694752740;0.0
APPROXIMATION;12352;296;7;1672694752740;0.0
APPROXIMATION;12346;296;8;1672694752740;0.0
APPROXIMATION;12348;296;8;1672694752740;0.0
APPROXIMATION;12349;296;8;1672694752740;0.0
APPROXIMATION;12350;296;8;1672694752740;0.0
APPROXIMATION;12351;296;8;1672694752740;0.0
APPROXIMATION;12345;296;8;1672694752740;0.0
APPROXIMATION;12352;296;8;1672694752740;0.0
APPROXIMATION;12346;296;9;1672694752740;0.0
APPROXIMATION;12348;296;9;1672694752740;0.0
APPROXIMATION;12349;296;9;1672694752740;0.0
APPROXIMATION;12350;296;9;1672694752740;0.0
APPROXIMATION;12351;296;9;1672694752740;0.0
APPROXIMATION;12345;296;9;1672694752741;0.0
APPROXIMATION;12352;296;9;1672694752741;0.0
APPROXIMATION;12346;296;10;1672694752741;0.0
APPROXIMATION;12348;296;10;1672694752741;0.0
APPROXIMATION;12349;296;10;1672694752741;0.0
APPROXIMATION;12350;296;10;1672694752741;0.0
APPROXIMATION;12351;296;10;1672694752741;0.0
APPROXIMATION;12345;296;10;1672694752741;0.0
APPROXIMATION;12352;296;10;1672694752741;0.0
APPROXIMATION;12346;296;11;1672694752741;0.0
APPROXIMATION;12348;296;11;1672694752741;0.0
APPROXIMATION;12350;296;11;1672694752741;0.0
APPROXIMATION;12349;296;11;1672694752741;0.0
APPROXIMATION;12351;296;11;1672694752741;0.0
APPROXIMATION;12352;296;11;1672694752741;0.0
APPROXIMATION;12345;296;11;1672694752742;0.0
APPROXIMATION;12346;296;12;1672694752742;0.0
APPROXIMATION;12348;296;12;1672694752742;0.0
APPROXIMATION;12349;296;12;1672694752742;0.0
APPROXIMATION;12350;296;12;1672694752742;0.0
APPROXIMATION;12351;296;12;1672694752742;0.0
APPROXIMATION;12345;296;12;1672694752742;0.0
APPROXIMATION;12352;296;12;1672694752742;0.0
APPROXIMATION;12346;296;13;1672694752742;0.0
APPROXIMATION;12348;296;13;1672694752742;0.0
APPROXIMATION;12349;296;13;1672694752742;0.0
APPROXIMATION;12350;296;13;1672694752742;0.0
APPROXIMATION;12351;296;13;1672694752742;0.0
APPROXIMATION;12352;296;13;1672694752742;0.0
APPROXIMATION;12345;296;13;1672694752742;0.0
HALTED;12346;296;14;1672694752743;0.0
HALTED;12348;296;14;1672694752743;0.0
HALTED;12349;296;14;1672694752743;0.0
HALTED;12350;296;14;1672694752743;0.0
HALTED;12351;296;14;1672694752743;0.0
HALTED;12345;296;14;1672694752743;0.0
HALTED;12352;296;14;1672694752743;0.0
INITIALIZATION;12345;297;0;1672694752844;0.0
INITIALIZATION;12346;297;0;1672694752844;0.0
INITIALIZATION;12348;297;0;1672694752845;0.0
INITIALIZATION;12349;297;0;1672694752845;0.0
INITIALIZATION;12350;297;0;1672694752845;0.0
INITIALIZATION;12352;297;0;1672694752845;0.0
INITIALIZATION;12351;297;0;1672694752845;0.0
APPROXIMATION;12345;297;1;1672694752845;0.0
APPROXIMATION;12346;297;1;1672694752845;0.0
APPROXIMATION;12348;297;1;1672694752845;0.0
APPROXIMATION;12349;297;1;1672694752845;0.0
APPROXIMATION;12352;297;1;1672694752845;0.0
APPROXIMATION;12351;297;1;1672694752845;0.0
APPROXIMATION;12350;297;1;1672694752845;0.0
APPROXIMATION;12346;297;2;1672694752846;0.0
APPROXIMATION;12345;297;2;1672694752846;0.0
APPROXIMATION;12348;297;2;1672694752846;0.0
APPROXIMATION;12349;297;2;1672694752846;0.0
APPROXIMATION;12351;297;2;1672694752846;0.0
APPROXIMATION;12352;297;2;1672694752846;0.0
APPROXIMATION;12350;297;2;1672694752846;0.0
APPROXIMATION;12348;297;3;1672694752846;0.0
APPROXIMATION;12349;297;3;1672694752846;0.0
APPROXIMATION;12346;297;3;1672694752846;0.0
APPROXIMATION;12352;297;3;1672694752846;0.0
APPROXIMATION;12350;297;3;1672694752846;0.0
APPROXIMATION;12351;297;3;1672694752889;0.0
APPROXIMATION;12345;297;3;1672694752890;0.0
APPROXIMATION;12346;297;4;1672694752890;0.0
APPROXIMATION;12348;297;4;1672694752890;0.0
APPROXIMATION;12349;297;4;1672694752890;0.0
APPROXIMATION;12350;297;4;1672694752890;0.0
APPROXIMATION;12345;297;4;1672694752890;0.0
APPROXIMATION;12351;297;4;1672694752890;0.0
APPROXIMATION;12352;297;4;1672694752890;0.0
APPROXIMATION;12346;297;5;1672694752890;0.0
APPROXIMATION;12348;297;5;1672694752890;0.0
APPROXIMATION;12349;297;5;1672694752890;0.0
APPROXIMATION;12345;297;5;1672694752890;0.0
APPROXIMATION;12350;297;5;1672694752890;0.0
APPROXIMATION;12351;297;5;1672694752890;0.0
APPROXIMATION;12352;297;5;1672694752891;0.0
APPROXIMATION;12346;297;6;1672694752891;0.0
APPROXIMATION;12345;297;6;1672694752891;0.0
APPROXIMATION;12348;297;6;1672694752891;0.0
APPROXIMATION;12349;297;6;1672694752891;0.0
APPROXIMATION;12351;297;6;1672694752891;0.0
APPROXIMATION;12350;297;6;1672694752891;0.0
APPROXIMATION;12352;297;6;1672694752891;0.0
APPROXIMATION;12346;297;7;1672694752891;0.0
APPROXIMATION;12345;297;7;1672694752891;0.0
APPROXIMATION;12348;297;7;1672694752892;0.0
APPROXIMATION;12349;297;7;1672694752892;0.0
APPROXIMATION;12350;297;7;1672694752892;0.0
APPROXIMATION;12351;297;7;1672694752892;0.0
APPROXIMATION;12352;297;7;1672694752892;0.0
APPROXIMATION;12346;297;8;1672694752892;0.0
APPROXIMATION;12345;297;8;1672694752892;0.0
APPROXIMATION;12348;297;8;1672694752892;0.0
APPROXIMATION;12349;297;8;1672694752892;0.0
APPROXIMATION;12350;297;8;1672694752892;0.0
APPROXIMATION;12351;297;8;1672694752892;0.0
APPROXIMATION;12352;297;8;1672694752892;0.0
APPROXIMATION;12345;297;9;1672694752892;0.0
APPROXIMATION;12348;297;9;1672694752892;0.0
APPROXIMATION;12346;297;9;1672694752892;0.0
APPROXIMATION;12349;297;9;1672694752892;0.0
APPROXIMATION;12350;297;9;1672694752892;0.0
APPROXIMATION;12351;297;9;1672694752892;0.0
APPROXIMATION;12352;297;9;1672694752892;0.0
APPROXIMATION;12348;297;10;1672694752893;0.0
APPROXIMATION;12346;297;10;1672694752893;0.0
APPROXIMATION;12345;297;10;1672694752893;0.0
APPROXIMATION;12350;297;10;1672694752893;0.0
APPROXIMATION;12349;297;10;1672694752893;0.0
APPROXIMATION;12351;297;10;1672694752893;0.0
APPROXIMATION;12352;297;10;1672694752893;0.0
APPROXIMATION;12348;297;11;1672694752893;0.0
APPROXIMATION;12346;297;11;1672694752893;0.0
APPROXIMATION;12350;297;11;1672694752893;0.0
APPROXIMATION;12349;297;11;1672694752893;0.0
APPROXIMATION;12345;297;11;1672694752893;0.0
APPROXIMATION;12351;297;11;1672694752893;0.0
APPROXIMATION;12352;297;11;1672694752893;0.0
APPROXIMATION;12348;297;12;1672694752893;0.0
APPROXIMATION;12346;297;12;1672694752893;0.0
APPROXIMATION;12349;297;12;1672694752894;0.0
APPROXIMATION;12350;297;12;1672694752894;0.0
APPROXIMATION;12345;297;12;1672694752894;0.0
APPROXIMATION;12351;297;12;1672694752894;0.0
APPROXIMATION;12352;297;12;1672694752894;0.0
APPROXIMATION;12348;297;13;1672694752894;0.0
APPROXIMATION;12346;297;13;1672694752894;0.0
APPROXIMATION;12350;297;13;1672694752894;0.0
APPROXIMATION;12349;297;13;1672694752894;0.0
APPROXIMATION;12351;297;13;1672694752894;0.0
APPROXIMATION;12345;297;13;1672694752894;0.0
APPROXIMATION;12352;297;13;1672694752894;0.0
HALTED;12346;297;14;1672694752894;0.0
HALTED;12348;297;14;1672694752894;0.0
HALTED;12349;297;14;1672694752894;0.0
HALTED;12350;297;14;1672694752894;0.0
HALTED;12351;297;14;1672694752894;0.0
HALTED;12345;297;14;1672694752894;0.0
HALTED;12352;297;14;1672694752894;0.0
INITIALIZATION;12345;298;0;1672694752995;0.0
INITIALIZATION;12346;298;0;1672694752996;0.0
INITIALIZATION;12349;298;0;1672694752996;0.0
INITIALIZATION;12348;298;0;1672694752996;0.0
INITIALIZATION;12350;298;0;1672694752996;0.0
INITIALIZATION;12352;298;0;1672694752996;0.0
INITIALIZATION;12351;298;0;1672694752996;0.0
APPROXIMATION;12345;298;1;1672694752996;0.0
APPROXIMATION;12346;298;1;1672694752996;0.0
APPROXIMATION;12348;298;1;1672694752996;0.0
APPROXIMATION;12349;298;1;1672694752997;0.0
APPROXIMATION;12351;298;1;1672694752997;0.0
APPROXIMATION;12350;298;1;1672694752997;0.0
APPROXIMATION;12352;298;1;1672694752997;0.0
APPROXIMATION;12345;298;2;1672694752997;0.0
APPROXIMATION;12346;298;2;1672694752997;0.0
APPROXIMATION;12348;298;2;1672694752997;0.0
APPROXIMATION;12349;298;2;1672694752997;0.0
APPROXIMATION;12350;298;2;1672694752997;0.0
APPROXIMATION;12351;298;2;1672694752997;0.0
APPROXIMATION;12352;298;2;1672694752998;0.0
APPROXIMATION;12345;298;3;1672694752998;0.0
APPROXIMATION;12350;298;3;1672694752998;0.0
APPROXIMATION;12352;298;3;1672694752998;0.0
APPROXIMATION;12348;298;3;1672694753039;0.0
APPROXIMATION;12346;298;3;1672694753040;0.0
APPROXIMATION;12351;298;3;1672694753040;0.0
APPROXIMATION;12349;298;3;1672694753040;0.0
APPROXIMATION;12345;298;4;1672694753040;0.0
APPROXIMATION;12348;298;4;1672694753040;0.0
APPROXIMATION;12346;298;4;1672694753040;0.0
APPROXIMATION;12351;298;4;1672694753040;0.0
APPROXIMATION;12350;298;4;1672694753040;0.0
APPROXIMATION;12349;298;4;1672694753040;0.0
APPROXIMATION;12352;298;4;1672694753040;0.0
APPROXIMATION;12346;298;5;1672694753041;0.0
APPROXIMATION;12345;298;5;1672694753041;0.0
APPROXIMATION;12348;298;5;1672694753041;0.0
APPROXIMATION;12349;298;5;1672694753041;0.0
APPROXIMATION;12350;298;5;1672694753041;0.0
APPROXIMATION;12352;298;5;1672694753041;0.0
APPROXIMATION;12351;298;5;1672694753041;0.0
APPROXIMATION;12345;298;6;1672694753041;0.0
APPROXIMATION;12352;298;6;1672694753041;0.0
APPROXIMATION;12346;298;6;1672694753041;0.0
APPROXIMATION;12348;298;6;1672694753042;0.0
APPROXIMATION;12351;298;6;1672694753042;0.0
APPROXIMATION;12350;298;6;1672694753042;0.0
APPROXIMATION;12349;298;6;1672694753042;0.0
APPROXIMATION;12346;298;7;1672694753042;0.0
APPROXIMATION;12348;298;7;1672694753042;0.0
APPROXIMATION;12349;298;7;1672694753042;0.0
APPROXIMATION;12345;298;7;1672694753042;0.0
APPROXIMATION;12352;298;7;1672694753042;0.0
APPROXIMATION;12350;298;7;1672694753042;0.0
APPROXIMATION;12351;298;7;1672694753042;0.0
APPROXIMATION;12346;298;8;1672694753042;0.0
APPROXIMATION;12348;298;8;1672694753042;0.0
APPROXIMATION;12349;298;8;1672694753042;0.0
APPROXIMATION;12350;298;8;1672694753042;0.0
APPROXIMATION;12345;298;8;1672694753042;0.0
APPROXIMATION;12352;298;8;1672694753042;0.0
APPROXIMATION;12351;298;8;1672694753042;0.0
APPROXIMATION;12346;298;9;1672694753043;0.0
APPROXIMATION;12348;298;9;1672694753043;0.0
APPROXIMATION;12349;298;9;1672694753043;0.0
APPROXIMATION;12351;298;9;1672694753043;0.0
APPROXIMATION;12350;298;9;1672694753043;0.0
APPROXIMATION;12345;298;9;1672694753043;0.0
APPROXIMATION;12352;298;9;1672694753043;0.0
APPROXIMATION;12346;298;10;1672694753043;0.0
APPROXIMATION;12348;298;10;1672694753043;0.0
APPROXIMATION;12349;298;10;1672694753043;0.0
APPROXIMATION;12351;298;10;1672694753043;0.0
APPROXIMATION;12350;298;10;1672694753043;0.0
APPROXIMATION;12345;298;10;1672694753043;0.0
APPROXIMATION;12352;298;10;1672694753043;0.0
APPROXIMATION;12346;298;11;1672694753043;0.0
APPROXIMATION;12348;298;11;1672694753044;0.0
APPROXIMATION;12349;298;11;1672694753044;0.0
APPROXIMATION;12350;298;11;1672694753044;0.0
APPROXIMATION;12351;298;11;1672694753044;0.0
APPROXIMATION;12345;298;11;1672694753044;0.0
APPROXIMATION;12352;298;11;1672694753044;0.0
APPROXIMATION;12346;298;12;1672694753044;0.0
APPROXIMATION;12348;298;12;1672694753044;0.0
APPROXIMATION;12349;298;12;1672694753044;0.0
APPROXIMATION;12350;298;12;1672694753044;0.0
APPROXIMATION;12351;298;12;1672694753044;0.0
APPROXIMATION;12345;298;12;1672694753044;0.0
APPROXIMATION;12352;298;12;1672694753044;0.0
APPROXIMATION;12346;298;13;1672694753044;0.0
APPROXIMATION;12348;298;13;1672694753044;0.0
APPROXIMATION;12349;298;13;1672694753045;0.0
APPROXIMATION;12350;298;13;1672694753045;0.0
APPROXIMATION;12351;298;13;1672694753045;0.0
APPROXIMATION;12345;298;13;1672694753045;0.0
APPROXIMATION;12352;298;13;1672694753045;0.0
HALTED;12346;298;14;1672694753045;0.0
HALTED;12348;298;14;1672694753045;0.0
HALTED;12349;298;14;1672694753045;0.0
HALTED;12351;298;14;1672694753045;0.0
HALTED;12350;298;14;1672694753045;0.0
HALTED;12345;298;14;1672694753045;0.0
HALTED;12352;298;14;1672694753045;0.0
INITIALIZATION;12345;299;0;1672694753146;0.0
INITIALIZATION;12346;299;0;1672694753146;0.0
INITIALIZATION;12348;299;0;1672694753146;0.0
INITIALIZATION;12349;299;0;1672694753147;0.0
INITIALIZATION;12351;299;0;1672694753147;0.0
INITIALIZATION;12350;299;0;1672694753147;0.0
INITIALIZATION;12352;299;0;1672694753147;0.0
APPROXIMATION;12345;299;1;1672694753147;0.0
APPROXIMATION;12346;299;1;1672694753147;0.0
APPROXIMATION;12348;299;1;1672694753147;0.0
APPROXIMATION;12351;299;1;1672694753147;0.0
APPROXIMATION;12352;299;1;1672694753147;0.0
APPROXIMATION;12350;299;1;1672694753147;0.0
APPROXIMATION;12345;299;2;1672694753147;0.0
APPROXIMATION;12349;299;1;1672694753147;0.0
APPROXIMATION;12346;299;2;1672694753147;0.0
APPROXIMATION;12348;299;2;1672694753148;0.0
APPROXIMATION;12349;299;2;1672694753148;0.0
APPROXIMATION;12346;299;3;1672694753148;0.0
APPROXIMATION;12350;299;2;1672694753148;0.0
APPROXIMATION;12351;299;2;1672694753148;0.0
APPROXIMATION;12352;299;2;1672694753148;0.0
APPROXIMATION;12348;299;3;1672694753148;0.0
APPROXIMATION;12349;299;3;1672694753148;0.0
APPROXIMATION;12350;299;3;1672694753148;0.0
APPROXIMATION;12352;299;3;1672694753149;0.0
APPROXIMATION;12351;299;3;1672694753189;0.0
APPROXIMATION;12345;299;3;1672694753190;0.0
APPROXIMATION;12346;299;4;1672694753190;0.0
APPROXIMATION;12348;299;4;1672694753190;0.0
APPROXIMATION;12349;299;4;1672694753190;0.0
APPROXIMATION;12351;299;4;1672694753190;0.0
APPROXIMATION;12350;299;4;1672694753190;0.0
APPROXIMATION;12345;299;4;1672694753190;0.0
APPROXIMATION;12352;299;4;1672694753190;0.0
APPROXIMATION;12346;299;5;1672694753190;0.0
APPROXIMATION;12349;299;5;1672694753191;0.0
APPROXIMATION;12345;299;5;1672694753191;0.0
APPROXIMATION;12352;299;5;1672694753191;0.0
APPROXIMATION;12350;299;5;1672694753191;0.0
APPROXIMATION;12348;299;5;1672694753191;0.0
APPROXIMATION;12346;299;6;1672694753191;0.0
APPROXIMATION;12351;299;5;1672694753191;0.0
APPROXIMATION;12345;299;6;1672694753191;0.0
APPROXIMATION;12349;299;6;1672694753191;0.0
APPROXIMATION;12350;299;6;1672694753191;0.0
APPROXIMATION;12351;299;6;1672694753191;0.0
APPROXIMATION;12352;299;6;1672694753191;0.0
APPROXIMATION;12346;299;7;1672694753192;0.0
APPROXIMATION;12350;299;7;1672694753192;0.0
APPROXIMATION;12352;299;7;1672694753192;0.0
APPROXIMATION;12349;299;7;1672694753192;0.0
APPROXIMATION;12348;299;6;1672694753239;0.0
APPROXIMATION;12345;299;7;1672694753239;0.0
APPROXIMATION;12351;299;7;1672694753239;0.0
APPROXIMATION;12348;299;7;1672694753239;0.0
APPROXIMATION;12345;299;8;1672694753240;0.0
APPROXIMATION;12346;299;8;1672694753240;0.0
APPROXIMATION;12349;299;8;1672694753240;0.0
APPROXIMATION;12350;299;8;1672694753240;0.0
APPROXIMATION;12351;299;8;1672694753240;0.0
APPROXIMATION;12348;299;8;1672694753240;0.0
APPROXIMATION;12352;299;8;1672694753240;0.0
APPROXIMATION;12346;299;9;1672694753240;0.0
APPROXIMATION;12348;299;9;1672694753241;0.0
APPROXIMATION;12345;299;9;1672694753241;0.0
APPROXIMATION;12351;299;9;1672694753241;0.0
APPROXIMATION;12350;299;9;1672694753241;0.0
APPROXIMATION;12349;299;9;1672694753241;0.0
APPROXIMATION;12352;299;9;1672694753241;0.0
APPROXIMATION;12345;299;10;1672694753241;0.0
APPROXIMATION;12346;299;10;1672694753241;0.0
APPROXIMATION;12348;299;10;1672694753241;0.0
APPROXIMATION;12350;299;10;1672694753241;0.0
APPROXIMATION;12352;299;10;1672694753241;0.0
APPROXIMATION;12351;299;10;1672694753242;0.0
APPROXIMATION;12349;299;10;1672694753242;0.0
APPROXIMATION;12346;299;11;1672694753242;0.0
APPROXIMATION;12348;299;11;1672694753242;0.0
APPROXIMATION;12345;299;11;1672694753242;0.0
APPROXIMATION;12351;299;11;1672694753242;0.0
APPROXIMATION;12352;299;11;1672694753242;0.0
APPROXIMATION;12350;299;11;1672694753242;0.0
APPROXIMATION;12349;299;11;1672694753242;0.0
APPROXIMATION;12346;299;12;1672694753242;0.0
APPROXIMATION;12348;299;12;1672694753242;0.0
APPROXIMATION;12351;299;12;1672694753242;0.0
APPROXIMATION;12350;299;12;1672694753242;0.0
APPROXIMATION;12345;299;12;1672694753242;0.0
APPROXIMATION;12352;299;12;1672694753242;0.0
APPROXIMATION;12349;299;12;1672694753242;0.0
APPROXIMATION;12346;299;13;1672694753243;0.0
APPROXIMATION;12348;299;13;1672694753243;0.0
APPROXIMATION;12350;299;13;1672694753243;0.0
APPROXIMATION;12351;299;13;1672694753243;0.0
APPROXIMATION;12349;299;13;1672694753243;0.0
APPROXIMATION;12352;299;13;1672694753243;0.0
APPROXIMATION;12345;299;13;1672694753243;0.0
HALTED;12346;299;14;1672694753243;0.0
HALTED;12348;299;14;1672694753243;0.0
HALTED;12349;299;14;1672694753243;0.0
HALTED;12350;299;14;1672694753243;0.0
HALTED;12351;299;14;1672694753243;0.0
HALTED;12352;299;14;1672694753243;0.0
HALTED;12345;299;14;1672694753243;0.0
